-9.917338516860276787e-01 -6.932726541970860024e-02 -1.079708186938548309e-01
-9.649878795536421805e-01 -1.417183103789517173e-01 -2.207131913092203745e-01
-9.647613524861212708e-01 -1.421678318378232775e-01 -2.214132795016650890e-01
-9.487330576210684097e-01 -1.707779143638873676e-01 -2.659708430307715643e-01
-9.293075319508508070e-01 -1.995373145397910664e-01 -3.107609550211654637e-01
-9.004813819854009527e-01 -2.349745350559795665e-01 -3.659511559933766311e-01
-8.867662870690807830e-01 -2.497374936423857050e-01 -3.889431017346060004e-01
-9.098899723846538556e-01 -2.241442264225400605e-01 -3.490839496672612507e-01
-9.694636670461629357e-01 -1.325010283260961153e-01 -2.063581250397800715e-01
-9.998688252313946423e-01 -8.751101672779277446e-03 -1.362903334442688331e-02
-9.895089486423934710e-01 7.805833365727805895e-02 1.215686518115345893e-01
-9.944051563916926906e-01 5.707389222396495876e-02 8.888732062572436698e-02
-9.976394699423289936e-01 3.710224112991239442e-02 5.778331693773437749e-02
-9.976104910236999190e-01 -3.732901748228618227e-02 -5.813650018069038694e-02
-8.519478420043617994e-01 -2.829166894601218285e-01 -4.406166375989858941e-01
2.687813784011005569e-01 -5.204198346880462012e-01 -8.105058706067901353e-01
-6.731005418256696612e-04 -5.403021834722723238e-01 -8.414707941876270469e-01
-2.250801929606976171e-01 -5.264382793296588092e-01 -8.198790427820455973e-01
