5.272972615444931899e-01 7.966890438884420833e-01 -2.230853715129684778e-01 -7.097475224000018845e-03 2.489946836583522005e-01 1.906650227311866563e-01 -1.486466925754490465e+00 6.202866463752927828e+00 3.989743241665688611e-01 2.088758285579606078e+00
5.112546439162545253e-01 7.976309536112188292e-01 -2.263677435000955862e-01 -9.568210020422470707e-01 4.388520553142020830e+00 3.258309354715372974e-01 1.809469473192317546e+00 7.869826881704745425e+00 1.461507456591358389e+00 3.771973167002411031e+00
4.921464024645640367e-01 8.018264116285825915e-01 -2.248257887716167969e-01 -1.930707103059028817e+00 7.269802844061894476e-01 -8.825345277231479990e-01 2.271564218578989991e-01 3.455252237121312908e-01 1.337115358047016311e+00 4.940586059226345306e+00
4.881842085830832012e-01 8.014780502955157759e-01 -2.235382131832590880e-01 -1.569848344407246854e+00 2.279846297291757418e-01 -8.627362560957203552e-01 -9.040490234886691678e-02 2.464540025931135914e-01 3.825891827643661952e-02 4.420395626146232715e+00
4.767547895318784423e-01 7.964503575536524549e-01 -2.201351342326534066e-01 1.640872775350402102e-01 -1.960279768378857534e+00 -2.205579966658308133e-02 -5.806274020269660552e-01 -3.927797619434500120e+00 -2.662128804928678427e+00 -4.822907167074463874e-01
4.748647167545797521e-01 7.953924580959712554e-01 -2.213022109330562426e-01 2.268803040084669820e-01 -1.088902150035954142e+00 3.307061780977952337e-01 5.624393388389603565e-03 -3.088397932813688129e+00 -2.343741666625696052e+00 -1.378001017941814510e+00
4.682263558270480797e-01 7.911653501957885970e-01 -2.300659800878681327e-01 -2.498967657081568525e-02 -4.061527471219822383e-03 -9.283979436189783441e-02 -2.971648990416248526e-01 1.341686050937190844e+00 -1.395029088689968833e-01 6.619131801036608476e-01
4.682584273888499293e-01 7.911259710838194348e-01 -2.300617559966349202e-01 5.705982997310462407e-02 -1.975409730522962870e-01 1.003550983835877486e-01 -5.789835192945446546e-02 -2.342047489847524089e-01 -8.193731167790148096e-01 -2.117821757926307003e-01
4.682531521170850142e-01 7.911292319847736954e-01 -2.300551560179067978e-01 -2.392946427367708892e-02 -9.055316020987233538e-02 -6.671465342394014564e-02 2.468144551664112618e-01 -1.317770547397477232e+00 3.729853867237630793e-01 -1.775623519394722571e-01
4.682385849674006728e-01 7.911494148778634994e-01 -2.300653265188827012e-01 7.495732731869350629e-02 -1.970502652240843366e-01 1.708159056920973556e-02 -2.255911830779313842e-01 1.276285854118351659e-01 -9.632356113961365596e-01 2.091337144825443917e-01
4.682457853350761035e-01 7.911419752558425111e-01 -2.300555822075106283e-01 9.591177484164092881e-02 -4.055343233625227639e-01 -4.439007177876157229e-02 3.357829104512155549e-02 -1.432304944357078558e+00 4.780549813069150389e-01 -5.525240443444531246e-01
4.682367380254492950e-01 7.911501288291192813e-01 -2.300656403663524918e-01 3.775949255629051926e-02 -2.067411211302729313e-01 -3.201993584878309179e-02 -1.246185335759793233e-01 -3.403551882937129736e-01 -4.285734826521838126e-01 4.955406541594954695e-02
4.682463464192453406e-01 7.911366766953619178e-01 -2.300545378695389442e-01 6.945363000090656880e-02 -3.411997670392686866e-01 -5.167991764496913248e-02 2.512084911092933234e-03 -1.148639959925071397e+00 2.945549655779319265e-01 -4.271751145218150025e-01
4.682424983484144154e-01 7.911429668423405337e-01 -2.300580037091353447e-01 1.283318674025067385e-01 -3.411850157349001766e-01 -1.823268713443079725e-02 -7.709030940052168102e-02 -9.032589426573000013e-01 -1.908503069632047910e-01 -3.443076194423253522e-01
4.682424738757769433e-01 7.911426285916738355e-01 -2.300597237166517317e-01 1.674931087805755225e-01 -2.299157841951637582e-01 1.370530391666859027e-02 -8.745018071921564773e-02 -4.987870099018765213e-01 -3.970644604401235012e-01 -1.085212645316616931e-01
4.682431598431370801e-01 7.911456085068285793e-01 -2.300583507595777011e-01 -7.929654842023440078e-03 -2.432120235107204098e-01 -4.746676718917403753e-02 -7.792802403309845305e-02 -7.508718315325226822e-01 -5.498500614852550039e-02 -2.489217852616475990e-01
4.682426245280443267e-01 7.911450402467387066e-01 -2.300606196765286049e-01 2.256226689127769497e-02 -1.652042879870476155e-01 -2.365746622011011269e-02 -4.931551930512954873e-02 -6.046032989616915154e-01 -9.556009457602827883e-02 -1.855154564391950367e-01
4.682429761740333207e-01 7.911429905451228262e-01 -2.300572267926284109e-01 1.246404114213877923e-01 -1.945809392399060478e-01 -7.674652827055386539e-03 -6.585457061368189813e-02 -6.464545329561657283e-01 -3.558175199958902302e-01 -1.923962723196135649e-01
