2.500000000000000000e-01 2.500000000000000000e-01 2.500000000000000000e-01 2.500000000000000000e-01 2.500000000000000000e-01 2.500000000000000000e-01 7.332003079308694327e-01 5.478349386339518290e-01 4.167347984862853072e-01 2.500000000000000000e-01 2.500000000000000000e-01 2.500000000000000000e-01 2.500000000000000000e-01 2.500000000000000000e-01 2.500000000000000000e-01
2.500000000000000000e-01 2.500000000000000000e-01 2.500000000000000000e-01 2.500000000000000000e-01 2.500000000000000000e-01 2.500000000000000000e-01 6.572613681674587260e-01 2.500000000000000000e-01 3.071797564216182663e-01 2.198404666308833855e-01 2.500000000000000000e-01 2.500000000000000000e-01 2.500000000000000000e-01 2.500000000000000000e-01 2.500000000000000000e-01
2.500000000000000000e-01 2.500000000000000000e-01 2.500000000000000000e-01 2.500000000000000000e-01 2.500000000000000000e-01 2.500000000000000000e-01 6.128986883348910286e-01 2.500000000000000000e-01 2.500000000000000000e-01 1.925270360977697215e-01 2.346911931849870181e-01 2.500000000000000000e-01 2.500000000000000000e-01 2.500000000000000000e-01 2.500000000000000000e-01
2.500000000000000000e-01 2.500000000000000000e-01 2.500000000000000000e-01 2.500000000000000000e-01 2.500000000000000000e-01 2.500000000000000000e-01 6.092173011957897621e-01 2.500000000000000000e-01 2.500000000000000000e-01 2.500000000000000000e-01 3.111440303769837934e-01 4.121689535006218263e-01 2.500000000000000000e-01 2.500000000000000000e-01 2.500000000000000000e-01
2.500000000000000000e-01 2.500000000000000000e-01 2.500000000000000000e-01 2.500000000000000000e-01 2.500000000000000000e-01 2.500000000000000000e-01 6.468234611710254045e-01 2.500000000000000000e-01 2.500000000000000000e-01 2.500000000000000000e-01 2.500000000000000000e-01 4.963794809487464543e-01 5.521466559735395130e-01 2.500000000000000000e-01 2.500000000000000000e-01
6.858391331506986655e-01 2.500000000000000000e-01 2.500000000000000000e-01 2.500000000000000000e-01 2.500000000000000000e-01 2.500000000000000000e-01 7.108318954087162744e-01 2.500000000000000000e-01 2.500000000000000000e-01 2.500000000000000000e-01 2.500000000000000000e-01 2.500000000000000000e-01 5.931021696684994904e-01 6.195620733581148620e-01 2.500000000000000000e-01
6.142896702135023368e-01 2.500000000000000000e-01 2.500000000000000000e-01 2.500000000000000000e-01 2.500000000000000000e-01 2.500000000000000000e-01 7.817605830055377458e-01 2.500000000000000000e-01 2.500000000000000000e-01 2.500000000000000000e-01 2.500000000000000000e-01 2.500000000000000000e-01 2.500000000000000000e-01 6.389365721157791445e-01 6.015173942531079065e-01
6.309358490099642447e-01 2.500000000000000000e-01 2.500000000000000000e-01 2.500000000000000000e-01 2.500000000000000000e-01 2.500000000000000000e-01 8.618458213267328194e-01 2.500000000000000000e-01 2.500000000000000000e-01 2.500000000000000000e-01 2.500000000000000000e-01 2.500000000000000000e-01 2.500000000000000000e-01 4.454713607682555532e-01 5.640187899297283147e-01
6.497003114333362861e-01 6.629576631578328882e-01 2.500000000000000000e-01 2.500000000000000000e-01 2.500000000000000000e-01 2.500000000000000000e-01 9.168793751312337426e-01 2.500000000000000000e-01 2.500000000000000000e-01 2.500000000000000000e-01 2.500000000000000000e-01 2.500000000000000000e-01 4.799964292449943604e-01 4.421338679215368050e-01 2.500000000000000000e-01
2.500000000000000000e-01 6.910071738569107946e-01 7.181431323789739807e-01 2.500000000000000000e-01 2.500000000000000000e-01 2.500000000000000000e-01 9.462529121858067604e-01 2.500000000000000000e-01 2.500000000000000000e-01 2.500000000000000000e-01 2.500000000000000000e-01 6.310432687353203507e-01 5.441342671829949573e-01 2.500000000000000000e-01 2.500000000000000000e-01
2.500000000000000000e-01 2.500000000000000000e-01 7.434967446812730252e-01 7.782304564640012412e-01 2.500000000000000000e-01 2.500000000000000000e-01 9.528743275095219456e-01 2.500000000000000000e-01 2.500000000000000000e-01 2.500000000000000000e-01 8.097410438159794444e-01 7.143401468741993332e-01 2.500000000000000000e-01 2.500000000000000000e-01 2.500000000000000000e-01
2.500000000000000000e-01 2.500000000000000000e-01 2.500000000000000000e-01 7.986201689730288988e-01 8.311941613599250767e-01 2.500000000000000000e-01 9.247156508781343431e-01 2.500000000000000000e-01 2.500000000000000000e-01 9.080739817251406443e-01 8.728592414198462768e-01 2.500000000000000000e-01 2.500000000000000000e-01 2.500000000000000000e-01 2.500000000000000000e-01
2.500000000000000000e-01 2.500000000000000000e-01 2.500000000000000000e-01 2.500000000000000000e-01 8.268717302970620686e-01 8.215193584091137202e-01 8.714871648270837712e-01 2.500000000000000000e-01 9.055983705111555482e-01 9.179468998442702476e-01 2.500000000000000000e-01 2.500000000000000000e-01 2.500000000000000000e-01 2.500000000000000000e-01 2.500000000000000000e-01
2.500000000000000000e-01 2.500000000000000000e-01 2.500000000000000000e-01 2.500000000000000000e-01 2.500000000000000000e-01 8.187555174114958811e-01 8.090916534046668218e-01 8.177227243452666050e-01 8.678067609399761073e-01 2.500000000000000000e-01 2.500000000000000000e-01 2.500000000000000000e-01 2.500000000000000000e-01 2.500000000000000000e-01 2.500000000000000000e-01
5.949512043436714359e-01 2.500000000000000000e-01 2.500000000000000000e-01 2.500000000000000000e-01 2.500000000000000000e-01 2.500000000000000000e-01 7.361960458401451968e-01 7.580244780750658995e-01 7.969377421354241209e-01 8.351928890222513058e-01 8.578307444278017169e-01 8.417936632081807202e-01 8.020096083079858440e-01 7.405186975123195792e-01 6.729920473481413312e-01
2.500000000000000000e-01 2.500000000000000000e-01 2.500000000000000000e-01 2.500000000000000000e-01 2.500000000000000000e-01 2.500000000000000000e-01 2.500000000000000000e-01 7.903718917532287502e-01 7.931934345319299196e-01 2.500000000000000000e-01 2.500000000000000000e-01 2.500000000000000000e-01 2.500000000000000000e-01 2.500000000000000000e-01 2.500000000000000000e-01
2.500000000000000000e-01 2.500000000000000000e-01 2.500000000000000000e-01 2.500000000000000000e-01 2.500000000000000000e-01 2.500000000000000000e-01 2.500000000000000000e-01 2.500000000000000000e-01 8.108158564023834058e-01 8.325255801609605655e-01 2.500000000000000000e-01 2.500000000000000000e-01 2.500000000000000000e-01 2.500000000000000000e-01 2.500000000000000000e-01
2.500000000000000000e-01 2.500000000000000000e-01 2.500000000000000000e-01 2.500000000000000000e-01 2.500000000000000000e-01 2.500000000000000000e-01 2.500000000000000000e-01 2.500000000000000000e-01 2.500000000000000000e-01 8.529338387553490053e-01 8.750800015395430176e-01 2.500000000000000000e-01 2.500000000000000000e-01 2.500000000000000000e-01 2.500000000000000000e-01
2.500000000000000000e-01 2.500000000000000000e-01 2.500000000000000000e-01 2.500000000000000000e-01 2.500000000000000000e-01 2.500000000000000000e-01 2.500000000000000000e-01 2.500000000000000000e-01 2.500000000000000000e-01 2.500000000000000000e-01 8.842074551817085126e-01 8.852281657459242226e-01 2.500000000000000000e-01 2.500000000000000000e-01 2.500000000000000000e-01
2.500000000000000000e-01 2.500000000000000000e-01 2.500000000000000000e-01 2.500000000000000000e-01 2.500000000000000000e-01 2.500000000000000000e-01 2.500000000000000000e-01 2.500000000000000000e-01 2.500000000000000000e-01 2.500000000000000000e-01 2.500000000000000000e-01 8.660775551000791106e-01 8.377993759888620051e-01 2.500000000000000000e-01 2.500000000000000000e-01
5.874947394768063047e-01 2.500000000000000000e-01 2.500000000000000000e-01 2.500000000000000000e-01 2.500000000000000000e-01 2.500000000000000000e-01 6.000129032157537345e-01 2.500000000000000000e-01 2.500000000000000000e-01 2.500000000000000000e-01 2.500000000000000000e-01 2.500000000000000000e-01 7.828298460790328317e-01 7.257218759159808075e-01 2.500000000000000000e-01
6.150588049097720500e-01 2.500000000000000000e-01 2.500000000000000000e-01 2.500000000000000000e-01 2.500000000000000000e-01 2.500000000000000000e-01 6.909674434486984262e-01 2.500000000000000000e-01 2.500000000000000000e-01 2.500000000000000000e-01 2.500000000000000000e-01 2.500000000000000000e-01 2.500000000000000000e-01 6.547856348561900131e-01 6.107002610397008757e-01
4.244899636035021073e-01 2.500000000000000000e-01 2.500000000000000000e-01 2.500000000000000000e-01 2.500000000000000000e-01 2.500000000000000000e-01 7.923431392138456930e-01 2.500000000000000000e-01 2.500000000000000000e-01 2.500000000000000000e-01 2.500000000000000000e-01 2.500000000000000000e-01 2.500000000000000000e-01 6.636725553296795033e-01 5.795779417240911613e-01
4.299617950679993084e-01 4.814359036935578207e-01 2.500000000000000000e-01 2.500000000000000000e-01 2.500000000000000000e-01 2.500000000000000000e-01 8.819610070290917481e-01 2.500000000000000000e-01 2.500000000000000000e-01 2.500000000000000000e-01 2.500000000000000000e-01 2.500000000000000000e-01 6.930907287865575306e-01 6.763666757713550082e-01 2.500000000000000000e-01
2.500000000000000000e-01 5.543729569944453317e-01 6.493274905462612656e-01 2.500000000000000000e-01 2.500000000000000000e-01 2.500000000000000000e-01 9.409758835732366933e-01 2.500000000000000000e-01 2.500000000000000000e-01 2.500000000000000000e-01 2.500000000000000000e-01 7.412715168966187429e-01 7.152675735678630797e-01 2.500000000000000000e-01 2.500000000000000000e-01
2.500000000000000000e-01 2.500000000000000000e-01 7.315630489061133446e-01 8.109150461240918206e-01 2.500000000000000000e-01 2.500000000000000000e-01 9.680261432022190249e-01 2.500000000000000000e-01 2.500000000000000000e-01 2.500000000000000000e-01 8.010528562554274368e-01 7.722062040086733470e-01 2.500000000000000000e-01 2.500000000000000000e-01 2.500000000000000000e-01
2.500000000000000000e-01 2.500000000000000000e-01 2.500000000000000000e-01 8.700436382868526053e-01 9.168589124893997688e-01 2.500000000000000000e-01 9.648732168283806754e-01 2.500000000000000000e-01 2.500000000000000000e-01 8.299232842784135533e-01 8.192920815943787183e-01 2.500000000000000000e-01 2.500000000000000000e-01 2.500000000000000000e-01 2.500000000000000000e-01
2.500000000000000000e-01 2.500000000000000000e-01 2.500000000000000000e-01 2.500000000000000000e-01 9.243431748270122261e-01 9.185353621770445676e-01 9.365227415022925328e-01 2.500000000000000000e-01 8.349823278872936516e-01 8.372947329628076529e-01 2.500000000000000000e-01 2.500000000000000000e-01 2.500000000000000000e-01 2.500000000000000000e-01 2.500000000000000000e-01
2.500000000000000000e-01 2.500000000000000000e-01 2.500000000000000000e-01 2.500000000000000000e-01 2.500000000000000000e-01 8.839539343578343145e-01 8.770366084139589180e-01 8.121943589205680158e-01 8.265025918335549004e-01 2.500000000000000000e-01 2.500000000000000000e-01 2.500000000000000000e-01 2.500000000000000000e-01 2.500000000000000000e-01 2.500000000000000000e-01
7.681779985800014643e-01 8.338356881979617219e-01 8.712498060905232711e-01 8.837624348633249527e-01 8.711630121542265348e-01 8.211002662395398000e-01 7.950046009008417958e-01 7.102075339137422505e-01 5.661877897069488297e-01 4.859495534054576460e-01 4.353215576433092648e-01 4.356407969878218767e-01 4.869088866255570913e-01 5.670137329350212196e-01 6.660584969838919678e-01
