-9.849349761561725369e-01 9.343183423156334322e-02 1.455114603609130586e-01
-9.819690169972844496e-01 1.021397883400598228e-01 1.590732953554259421e-01
-9.815028493918186436e-01 1.034395417602645556e-01 1.610975413721993377e-01
-9.845378889706422054e-01 9.464570535706369470e-02 1.474019526285028359e-01
-9.742824976436332829e-01 1.217463256372132430e-01 1.896086679957470489e-01
-9.426680284669373133e-01 1.803161208013439598e-01 2.808257194158195746e-01
-7.494191523592925730e-01 3.577319224130598441e-01 5.571344593217475438e-01
-6.137962561650397442e-01 4.265494757749310195e-01 6.643114485193766239e-01
-7.448137196146057404e-01 3.605288435978715178e-01 5.614904059802241498e-01
-8.254900005578298394e-01 3.049556673307214361e-01 4.749403119781561711e-01
-8.677350057029882269e-01 2.685449000271374342e-01 4.182339017189422581e-01
-8.501353262586184290e-01 2.845038875277656198e-01 4.430885521300915730e-01
-7.790920584479743560e-01 3.387206670680924514e-01 5.275261833921085497e-01
-8.617885128318555354e-01 2.740779291385971872e-01 4.268510839978701399e-01
-9.010396834443785696e-01 2.343489166845567351e-01 3.649768131090367351e-01
-9.062309416206726365e-01 2.284306395968259962e-01 3.557596426559567759e-01
-8.798576362008271312e-01 2.567718367127552193e-01 3.998984419702720783e-01
-8.406983662808319435e-01 2.925756976558551714e-01 4.556596515755259591e-01
-8.555394430108932413e-01 2.797348394639102009e-01 4.356611998361926141e-01
-9.172899857804579504e-01 2.151591256204279656e-01 3.350904842712489895e-01
-7.980912945524194502e-01 3.255518835120302934e-01 5.070170181575888169e-01
-7.352625660767492244e-01 3.662073844998190997e-01 5.703342094456861355e-01
-7.120782098567197682e-01 3.793463309254572202e-01 5.907969061028017776e-01
-6.262959528353848615e-01 4.212117835472221627e-01 6.559984854121122533e-01
-7.954493176332803062e-01 3.274340670045406965e-01 5.099483452680424467e-01
-7.981698628140211360e-01 3.254956478210914717e-01 5.069294362581193703e-01
-8.082721831207252405e-01 3.181348785445111127e-01 4.954657173273707138e-01
-8.981142035124746181e-01 2.376045828489131428e-01 3.700472127423030111e-01
-9.995543404747273541e-01 1.612891017430138213e-02 2.511928929572201236e-02
-9.979848670027333668e-01 3.428347023210120276e-02 5.339334136745080284e-02
-9.915073105320126867e-01 7.026683557221202747e-02 1.094341125072188642e-01
-9.949588203566754885e-01 5.418385191533123951e-02 8.438634952449418358e-02
-9.908553148363814511e-01 7.290226967175475470e-02 1.135385579316656596e-01
-9.871266585715300357e-01 8.641621486623711490e-02 1.345852805681154729e-01
-9.968847925166536283e-01 4.261444282511193948e-02 6.636806243769399760e-02
-9.999939395174881618e-01 1.881069154577383199e-03 2.929591631948882599e-03
-9.799807078919910985e-01 1.075701213666724887e-01 1.675305379585210752e-01
-9.985773164138350699e-01 2.881054398355416615e-02 4.486976375149706597e-02
-9.952917216865360128e-01 5.236861457910223228e-02 8.155928487496913459e-02
-9.973491648737252691e-01 3.931471896792876342e-02 6.122904701328885785e-02
-9.982279738386816703e-01 -3.215099389046581491e-02 -5.007220624034401657e-02
-9.993712041633354692e-01 1.915747935515945549e-02 2.983600633264214819e-02
-9.998265564364253732e-01 -1.006264335761853680e-02 -1.567163849560244959e-02
-9.991285567888581465e-01 -2.255156718888108591e-02 -3.512198494303743479e-02
-9.972494650770947766e-01 -4.004622282060747024e-02 -6.236829676406548811e-02
-9.930578531017852928e-01 -6.355411467493746192e-02 -9.897966912835107212e-02
-9.861684212474223221e-01 -8.955312270048511325e-02 -1.394707250607037929e-01
-9.887602097430518988e-01 -8.078061135434759510e-02 -1.258083481256064284e-01
-9.967714659699137281e-01 -4.338141226276855111e-02 -6.756254656447463480e-02
-9.999614132521795762e-01 4.746426036710519811e-03 7.392120574076115058e-03
-9.997811838867077805e-01 -1.130232287505085302e-02 -1.760232495214800186e-02
-9.929075075726176980e-01 6.423619872490780869e-02 1.000419520966387837e-01
-9.980563585600178422e-01 -3.367043777602446442e-02 -5.243859988489272400e-02
-9.991211547321108277e-01 2.264709947872420998e-02 3.527076766919308437e-02
-9.803570119691599194e-01 1.065644486303380101e-01 1.659642954704789175e-01
-9.900846823032440902e-01 7.589722835909272491e-02 1.182029297263481188e-01
-9.681483978010287927e-01 1.352793111205918275e-01 2.106850441252034745e-01
-9.595169092534535649e-01 1.521766991910404321e-01 2.370011668326117149e-01
-9.475283444389782650e-01 1.727193910291660583e-01 2.689945137865138447e-01
-8.930102552325304144e-01 2.431556582571303138e-01 3.786925004632022973e-01
-8.634876101734988429e-01 2.725123008864910878e-01 4.244127624641021446e-01
-7.567517586052932010e-01 3.531968926157518229e-01 5.500715688838798689e-01
-6.826078791726944983e-01 3.948447344846655049e-01 6.149342395257317850e-01
-7.583737600941827806e-01 3.521798190045591359e-01 5.484875705852656491e-01
-8.310989274781563907e-01 3.004754047110175796e-01 4.679627163657467670e-01
-8.392857647110206765e-01 2.937572533688464493e-01 4.574998155700487623e-01
-8.156062432183768252e-01 3.126228809846776091e-01 4.868812897494070313e-01
-8.023004251407441778e-01 3.225174974514884441e-01 5.022912418673157742e-01
-8.432193102777039151e-01 2.904501547147543272e-01 4.523493145799697412e-01
-8.731018951757183455e-01 2.634177832482569870e-01 4.102488904423060578e-01
-8.744233250654589451e-01 2.621350840883358568e-01 4.082512048622365386e-01
-9.399088270950265445e-01 1.844730044748215669e-01 2.872996821593853944e-01
-7.841989047750106412e-01 3.352627302765502360e-01 5.221407659215921981e-01
-9.380731127759890375e-01 1.871808971814905576e-01 2.915169751782885066e-01
-9.356727576203063279e-01 1.906559033526402380e-01 2.969289766324603175e-01
-9.227756391414555504e-01 2.081988315589682337e-01 3.242504685340619197e-01
-8.296373937586443148e-01 3.016521829799038712e-01 4.697954399319163032e-01
-8.708497724747443769e-01 2.655851979520549855e-01 4.136244388445317610e-01
-9.013601133032698165e-01 2.339889199969802658e-01 3.644161514869549423e-01
-8.851834315105630013e-01 2.513714264317380986e-01 3.914878012823103104e-01
-9.679530559619882180e-01 1.356867684152283926e-01 2.113196212633374760e-01
-9.678671825622793268e-01 1.358654763877059357e-01 2.115979424401313869e-01
-9.151859649927255314e-01 2.177590227217336138e-01 3.391395841001302869e-01
-7.795397701162598558e-01 3.384198262159119341e-01 5.270576515250308125e-01
-6.846409320859488945e-01 3.938158188671649351e-01 6.133317983950183905e-01
-7.349328611749778029e-01 3.664005379645045024e-01 5.706350281436309846e-01
-8.221475084471314698e-01 3.075803335657556481e-01 4.790279874472392896e-01
-8.716269613246624415e-01 2.648398773183559540e-01 4.124636707322641427e-01
-8.416401751017160704e-01 2.917841639509952123e-01 4.544269108692522985e-01
-8.316614381756280983e-01 3.000207058219583334e-01 4.672545648035338894e-01
-8.421217698948285646e-01 2.913782382042565677e-01 4.537947189756452171e-01
-8.367579402034378555e-01 2.958549343909054330e-01 4.607667601976653815e-01
-9.019231242757442812e-01 2.333547318822104255e-01 3.634284620181280623e-01
-9.629725221967815330e-01 1.456652626682371776e-01 2.268602052933978985e-01
-9.676276256286784339e-01 1.363626880917891693e-01 2.123723037888594622e-01
-9.069657111689753970e-01 2.275777420317162403e-01 3.544313333997154425e-01
-9.831105187661908218e-01 9.888227168730645555e-02 1.540000137572357930e-01
-9.818027510230281640e-01 1.026053256460188468e-01 1.597983267518414963e-01
-9.962225999109044494e-01 -4.691781712541817639e-02 -7.307017081507233280e-02
-9.955725079140016476e-01 -5.078663914265129503e-02 -7.909550411002613801e-02
-9.940949478356377877e-01 -5.863023120707658992e-02 -9.131117498020398238e-02
-9.837151221548339208e-01 -9.711106693219573316e-02 -1.512415257896808640e-01
-9.712473891953052885e-01 -1.286311135933390914e-01 -2.003310899412284740e-01
-9.533535222745144200e-01 -1.630935079031221036e-01 -2.540030890493876203e-01
-9.685558248726245933e-01 -1.344252310987341936e-01 -2.093548933016889935e-01
-9.478681218302482669e-01 -1.721742825241716068e-01 -2.681455575900603683e-01
-9.340651537432672624e-01 -1.929433745791788446e-01 -3.004915019905973761e-01
-9.126388476051862098e-01 -2.208576690947977039e-01 -3.439654398975141580e-01
-8.903597089137486043e-01 -2.459767941733054242e-01 -3.830861593313548141e-01
-9.114468728637840078e-01 -2.222899806242200349e-01 -3.461961329375488061e-01
-8.691752648440126405e-01 -2.671817350281827652e-01 -4.161108980195910578e-01
-8.834129059852976473e-01 -2.531831685885509442e-01 -3.943094225124135765e-01
-8.728189506194251601e-01 -2.636913724644880941e-01 -4.106749804010466631e-01
-8.556025099763414632e-01 -2.796785238556234732e-01 -4.355734934728283103e-01
-8.463492762379030143e-01 -2.877802969618429851e-01 -4.481912574918559544e-01
-8.420557524621187229e-01 -2.914339300394966359e-01 -4.538814538700483570e-01
-8.161098505658618274e-01 -3.122389737617011773e-01 -4.862833896747927320e-01
-7.612329649012935517e-01 -3.503744322658604582e-01 -5.456758473324268000e-01
-7.775506496880590923e-01 -3.397530655753434603e-01 -5.291340488022233668e-01
-8.797187908810306656e-01 -2.569106778746339526e-01 -4.001146742682820667e-01
-9.329182936988655861e-01 -1.945564438901068172e-01 -3.030037085958404153e-01
-9.500110522493094845e-01 -1.686911717799151889e-01 -2.627209340111268943e-01
-9.741756278125736079e-01 -1.219957215817663726e-01 -1.899970791662916880e-01
-9.962400037489410609e-01 -4.680981278257651673e-02 -7.290196401723444963e-02
-9.788043042124161541e-01 1.106527172059508513e-01 1.723313965306022544e-01
-8.775649654443371528e-01 2.590521264205259411e-01 4.034497827756053923e-01
-9.253945331507769101e-01 2.047773951769452927e-01 3.189218970832840561e-01
-9.651712076363394566e-01 1.413533890127366133e-01 2.201448599545853535e-01
-4.738341127515077744e-01 4.757978412264985413e-01 7.410112333002754070e-01
-4.988453690432388399e-01 4.682751483632789924e-01 7.292953333248909376e-01
-7.783588476576576154e-01 3.392124008409035940e-01 5.282920133683581820e-01
-8.997740977815339436e-01 2.357641617864622841e-01 3.671809267630243845e-01
-9.987643537928478921e-01 -2.685126118376073706e-02 -4.181836158431530281e-02
-9.690942770783441684e-01 -1.332875328752024524e-01 -2.075830333000344974e-01
-9.880019707335292445e-01 -8.344497421028194972e-02 -1.299578474187222110e-01
-9.990435702879305602e-01 2.362514488624619866e-02 3.679398314193108727e-02
-9.890882235035166614e-01 -7.959972640081017237e-02 -1.239692287770385176e-01
-9.313178652847943217e-01 -1.967821006946136597e-01 -3.064699636956100814e-01
-9.747121915721207452e-01 -1.207380955040481540e-01 -1.880384425981258545e-01
-9.983394882802472114e-01 3.112378658849642571e-02 4.847242565343497928e-02
-8.088673651514443064e-01 3.176929710115956595e-01 4.947774871220249615e-01
-6.170222107722572735e-01 4.251885957556629791e-01 6.621920034650400355e-01
-4.573800426654692775e-01 4.804753495980590983e-01 7.482960209702818055e-01
-8.960003209019422599e-01 2.399230777080433585e-01 3.736580545454850633e-01
-9.862515138824342609e-01 8.928559175937164638e-02 1.390540703064294392e-01
