5.743647984053756872e-01 7.667987101065256716e-01 -2.413680218089637453e-01 2.430927464814041539e+00 -4.204082135846062940e+00 -8.405963921299235420e-01 -1.152340043693595772e+00 -1.192435997275345017e+01 -7.023871035164395593e+00 -2.123231580825389209e+00
5.867861410137850120e-01 7.630082015252832583e-01 -2.479477911469136209e-01 3.082956271873345422e+00 -4.484995378168221691e+00 -6.341976045578816557e-01 -1.030965194293984366e+00 -1.270774412235517126e+01 -8.290784476010756521e+00 -4.234361273631919609e+00
5.952535986008389290e-01 7.623341838093506961e-01 -2.534262428501014019e-01 3.855602436514374176e+00 -4.936994133971671417e+00 -3.439893019117419293e-01 -1.058027639891293781e+00 -1.383028480704751573e+01 -1.052411444537738561e+01 -5.676475547362084484e+00
6.035050686394674013e-01 7.628676447965094809e-01 -2.612097814430370257e-01 4.862532711399675023e+00 -5.598186545345972931e+00 1.879320759362284043e-01 -1.305325097013576130e+00 -1.609786070239324118e+01 -1.343964499119939582e+01 -7.374677230215768375e+00
6.121180630385287813e-01 7.644830655270631325e-01 -2.696359055068446309e-01 5.067405071477691259e+00 -6.321361663618468185e+00 8.156087056834593341e-02 -1.288176348739879629e+00 -1.778149321888632528e+01 -1.350096920116091148e+01 -8.158250004261534016e+00
6.214258550614877308e-01 7.664986824529438358e-01 -2.772210695842580730e-01 5.305658149835591253e+00 -6.568729539433435960e+00 2.494138863303687614e-01 -1.173741810359833604e+00 -1.897081591920037980e+01 -1.394912995171402414e+01 -9.521950419311167479e+00
6.279823030283930851e-01 7.677961979513313606e-01 -2.815136510588225338e-01 5.239114381178858082e+00 -6.409989395829239101e+00 4.433711360261711754e-01 -1.138775419363017960e+00 -1.835642646498747865e+01 -1.382016202808684469e+01 -9.457161242503177689e+00
6.414968479929388234e-01 7.696930855015509110e-01 -2.892414646627236574e-01 5.043048919195354252e+00 -6.103150615486367059e+00 9.276540580829455429e-01 -7.180537123486732121e-01 -1.793076552477707608e+01 -1.486685732418234451e+01 -9.283994500923112625e+00
6.520518059104292163e-01 7.702468355885336848e-01 -2.949106801971229097e-01 5.567344889153035936e+00 -7.218756669132180726e+00 1.004589767065030337e+00 -1.539160547978089877e+00 -1.953802927955690905e+01 -1.542106110874116354e+01 -9.090940469515196298e+00
6.629422762290201332e-01 7.702403119566132439e-01 -3.012612142448597430e-01 5.670429975780075793e+00 -6.871963549519228387e+00 1.585540716210611212e+00 -1.281627661183090572e+00 -1.868236162658379484e+01 -1.641814706410157143e+01 -9.804706003639077849e+00
6.733507326892123057e-01 7.699072141115907986e-01 -3.077568976094527953e-01 5.464758349266477744e+00 -6.558867412599874491e+00 1.794547688176853395e+00 -1.053283382062095486e+00 -1.820749483034407490e+01 -1.543305887003623944e+01 -1.031672347255343958e+01
6.824751278789431552e-01 7.703814503312582662e-01 -3.124033612424453321e-01 4.880571509627372961e+00 -5.294984851087450650e+00 2.277324019805091471e+00 -4.212660578110875020e-01 -1.574738857216818033e+01 -1.411950285497728608e+01 -1.079325534027191402e+01
6.878576161389606813e-01 7.716011841499740287e-01 -3.151927330821581164e-01 4.702852904036127768e+00 -5.958773125717150343e+00 2.172892091558318306e+00 -8.088584766278822391e-01 -1.652563893438648890e+01 -1.399713434195409256e+01 -1.008916137836232174e+01
7.007666653953968927e-01 7.737731462910505398e-01 -3.208634586972392566e-01 4.510994706257188902e+00 -7.303214429112506956e+00 2.222095260747371182e+00 -1.034706346992474657e+00 -1.990353393393372272e+01 -1.544001437539920829e+01 -9.251039134366237704e+00
7.074842375909897729e-01 7.736727752847143424e-01 -3.254910357157829726e-01 4.574589266354216477e+00 -6.997193736134645903e+00 2.676443929671101341e+00 -1.159891201840439034e+00 -1.832559627515740175e+01 -1.597920184483543515e+01 -9.212796550116799210e+00
7.173099766048882664e-01 7.727036926815271656e-01 -3.329084053183393177e-01 4.329446374750760995e+00 -6.551104026722465612e+00 2.842645669878797410e+00 -9.662291541153424923e-01 -1.787793322597994106e+01 -1.524844118418528183e+01 -8.875419806986130311e+00
7.256448780523361286e-01 7.728401929595728470e-01 -3.382237795911856582e-01 4.333526452366884385e+00 -5.546753489790765101e+00 2.859055478202344069e+00 -4.732292437272354046e-01 -1.655917113623796411e+01 -1.236983975657165047e+01 -9.923639862671603140e+00
7.355704695153870709e-01 7.756563228232572493e-01 -3.412972208977311239e-01 3.550053766678091804e+00 -4.289439526360035337e+00 2.422904040199037823e+00 7.700148533256179206e-02 -1.424952971202909069e+01 -9.598584772205068560e+00 -9.528868466579311303e+00
7.387555723122404272e-01 7.763550799860087226e-01 -3.411952733309329688e-01 2.910972698866813868e+00 -3.388006043676230483e+00 1.765949558959805765e+00 -1.657568701772328401e-01 -1.057904563290150612e+01 -7.261154963620562341e+00 -7.183752971617823668e+00
7.400779099493547397e-01 7.731158081148840067e-01 -3.381797957998485815e-01 1.141981602214825697e+00 -1.575934944564104878e+00 6.126482724128472501e-01 -1.868345607586092694e-01 -4.521754906624130932e+00 -3.446892823829486030e+00 -2.326882822370458292e+00
7.391128193701228533e-01 7.701784734674035349e-01 -3.364520405170866035e-01 8.147643656181460248e-01 -1.247654207365672674e+00 3.462777078724989521e-01 -3.013418536762542677e-01 -3.183003946824084718e+00 -2.640606512837031072e+00 -1.044235920929455830e+00
7.383367628003971728e-01 7.682802441027897222e-01 -3.357024940447679295e-01 5.533016042004944568e-01 -9.220721311095676498e-01 2.086665835349579279e-01 -3.175018662197481301e-01 -2.239209571923888475e+00 -2.090529668002593766e+00 -2.173410279536498457e-01
7.374914060566171159e-01 7.653240121880084956e-01 -3.349488222255736503e-01 3.583948913474463982e-01 -9.240135469012753511e-01 2.252778085267814756e-02 -1.797526596869102877e-01 -2.629912026092551702e+00 -1.291051123201215622e+00 -2.364368409049092679e-01
7.373664357241193068e-01 7.648489775669902180e-01 -3.348868992922112708e-01 3.097794627475493057e-01 -8.814863171359432759e-01 -1.468950381096306712e-02 -1.988033271553289183e-01 -2.500807013871646944e+00 -1.103060254692315167e+00 -1.307703690773434624e-01
7.373671458732677930e-01 7.648573731165557721e-01 -3.348990169098115532e-01 2.635546090436253208e-01 -7.278878274835185458e-01 -8.152982417498400025e-03 -1.628805706570741751e-01 -2.080190651617556785e+00 -9.096572061380348018e-01 -1.455740473539744173e-01
7.375676793645519203e-01 7.651672641407984976e-01 -3.350324505812100617e-01 1.876836384865258889e-01 -6.810222838371566834e-01 -5.242501579569347481e-02 -1.426912656510184729e-01 -1.977930331027305533e+00 -6.141833521297350718e-01 -1.641063828105177869e-01
7.376213252629610917e-01 7.653400895349042887e-01 -3.351839586834262641e-01 1.694774801455222191e-01 -5.535118440564037456e-01 -1.870290869036966841e-02 -1.576572398173075040e-01 -1.487985244135715757e+00 -4.170665891109726076e-01 -2.906434304166408689e-01
7.376545889367202014e-01 7.653975203577538799e-01 -3.352525119317665836e-01 1.679938907056885700e-01 -5.506047577844976892e-01 -8.301798900057860697e-03 -1.885638725252873626e-01 -1.429132863111885143e+00 -4.698560609580395009e-01 -1.703973680212538810e-01
7.376629330956588904e-01 7.653999555925856679e-01 -3.352723390387741809e-01 1.786960635609349535e-01 -5.428014527721161109e-01 1.269422122254967866e-02 -2.027291649907119742e-01 -1.410077414676509155e+00 -4.618608124241357915e-01 -2.088659915763290686e-01
7.378401101582849897e-01 7.648614137532578905e-01 -3.352605299810137440e-01 1.514941353802817803e-01 -4.609039482131363497e-01 2.122539569877214538e-02 -1.947599691730662608e-01 -1.199629371589242766e+00 -4.207325070905108544e-01 -1.121453406378858236e-01
7.378570575057258329e-01 7.648097768389601203e-01 -3.352576503392834528e-01 1.638790553839166997e-01 -3.846109734538334379e-01 4.687647304714179231e-02 -1.519079253884632053e-01 -9.716972626070787822e-01 -4.112787908856021524e-01 -1.957211229118265561e-01
7.378638426349224400e-01 7.647957536840634951e-01 -3.352533524098056938e-01 1.849691956885810007e-01 -4.588025977110431475e-01 5.273830355823264093e-02 -1.945106404766577257e-01 -1.017370244119459644e+00 -4.049547271292547324e-01 -2.245093959266719064e-01
7.378694633305227235e-01 7.647721464680079517e-01 -3.352576769749681107e-01 1.839357824200733293e-01 -4.744527864065455347e-01 5.681040489962160822e-02 -2.033591102921773752e-01 -1.025978201924379496e+00 -4.106452235198621015e-01 -2.021787347842524396e-01
7.378733225193891965e-01 7.647534330487502086e-01 -3.352544195613029743e-01 1.939603647441087431e-01 -4.612365181022687333e-01 7.290374684455988574e-02 -2.004086789045340100e-01 -9.918663339325504147e-01 -4.324833915146996666e-01 -2.074316298581657669e-01
7.378808485440095932e-01 7.647411156046575176e-01 -3.352526880539825060e-01 2.041196628664750934e-01 -4.830536359449548733e-01 7.812556137313696192e-02 -2.070073877978913512e-01 -1.017938017234239156e+00 -4.242035851390889567e-01 -2.359501969722382908e-01
7.378824887594239712e-01 7.647332439349143751e-01 -3.352513749812272570e-01 1.942254657476894519e-01 -5.103485742932940550e-01 7.360482410741864268e-02 -2.132939621882380676e-01 -1.050913798865787063e+00 -4.211340844557330265e-01 -2.016386265997030802e-01
7.378859488747020468e-01 7.647168479365553662e-01 -3.352539687097659815e-01 1.762452824664787476e-01 -5.352224633853072122e-01 1.055400462495241498e-01 -2.030716628481392116e-01 -1.132252167054750736e+00 -3.958647642700228730e-01 -2.251878996159215884e-01
7.378914595449377334e-01 7.646982316080899178e-01 -3.352495072546880506e-01 1.935495090101436999e-01 -4.814860208884229054e-01 1.287127714156333924e-01 -1.785381021659337708e-01 -1.018879814517875904e+00 -4.390966682075142513e-01 -2.525181777424414520e-01
7.378934865799616771e-01 7.646812894295271779e-01 -3.352509233825348711e-01 1.923046490171182732e-01 -5.207687013931965314e-01 1.303546765854537159e-01 -1.653738685608822090e-01 -1.048817062045318105e+00 -4.099176824390969864e-01 -2.795432928546496276e-01
7.378973483936991373e-01 7.646526559797737210e-01 -3.352492031856704746e-01 1.828662409687338286e-01 -4.453953259914389395e-01 1.942201167120864158e-01 -1.607738613220117962e-01 -1.043057775345489269e+00 -4.194238247523801033e-01 -3.132639215843808778e-01
7.378985378993716537e-01 7.646403992622253787e-01 -3.352450758682602450e-01 1.598666473178615433e-01 -5.137557646697209490e-01 1.803546290620638981e-01 -1.379938815485038939e-01 -1.088930690096942433e+00 -3.661903465354459097e-01 -2.800971254248524889e-01
7.379015472105716622e-01 7.646265930496628505e-01 -3.352491823220843381e-01 1.831554260098577358e-01 -5.551733732441912483e-01 1.984015660054222197e-01 -1.309707920357892630e-01 -1.157492954664478102e+00 -4.319776220831729185e-01 -2.806703318325226570e-01
7.379055073342863924e-01 7.646085189252094239e-01 -3.352489139020563558e-01 1.897267643506892199e-01 -5.459697257675647508e-01 2.085543735702394819e-01 -1.251320475586286396e-01 -1.151561268619607059e+00 -4.355150035169023104e-01 -3.029161499601215612e-01
7.379124372280138067e-01 7.645940109095636927e-01 -3.352454038067144149e-01 1.630577809328722372e-01 -4.854709652751032500e-01 2.328979716067327843e-01 -1.538662559320541634e-01 -1.149605719217504207e+00 -4.298942939566761101e-01 -3.030953642705250251e-01
7.379147092987539125e-01 7.645845826651344046e-01 -3.352462345157852797e-01 1.942121402411860487e-01 -4.640408125449719812e-01 2.296614028008312491e-01 -1.247186596850315965e-01 -1.056440845928829919e+00 -4.782411264718369193e-01 -3.503551262331651706e-01
7.379185608477762948e-01 7.645637958399458256e-01 -3.352475244466774362e-01 1.982021356203530482e-01 -5.074796685299609589e-01 2.193032937724260223e-01 -1.105253729459231976e-01 -1.097268415253977780e+00 -4.382894151043088549e-01 -3.471360596295240408e-01
7.379257129490520706e-01 7.645461977387999486e-01 -3.352464662507150250e-01 1.799206603010502503e-01 -4.982599151310683205e-01 2.247041213938544002e-01 -1.249069093830642296e-01 -1.110361658243337990e+00 -4.352495584506970161e-01 -3.205109172366106818e-01
7.379292204107184006e-01 7.645338113842430339e-01 -3.352419511615807313e-01 1.159710683849804191e-01 -5.847696296889924872e-01 1.954820279104692582e-01 -1.418061392661607578e-01 -1.286251177899315090e+00 -4.140789178762465661e-01 -2.259908589152348768e-01
7.379924743000167986e-01 7.642959847559500641e-01 -3.352324220569274926e-01 2.405815070659947930e-01 -5.930974165333565695e-01 2.516051977123521799e-01 -1.069155579775910442e-01 -1.257290662884855248e+00 -4.412535459413364780e-01 -4.760774166169555732e-01
7.380306283237605403e-01 7.641848607898964474e-01 -3.352304497020399676e-01 2.416177986242774856e-01 -4.722661306055466746e-01 2.380470422023437393e-01 -1.038027047189066521e-01 -1.043912294782688877e+00 -4.480818964079492095e-01 -4.563948878231817163e-01
7.380606918296948038e-01 7.641047602344543943e-01 -3.352242235882544330e-01 1.986734865766656977e-01 -4.878160366125833258e-01 2.273015582163680492e-01 -1.697383720144320651e-01 -1.149400820162006065e+00 -4.439664162274138404e-01 -3.620630349707825713e-01
7.382090376243402030e-01 7.636927766803103257e-01 -3.352162215353338692e-01 2.052893680620017369e-01 -4.382481997366342030e-01 2.228447908588142290e-01 -1.711541562235157909e-01 -1.089002664555215993e+00 -4.242633096385924896e-01 -4.049694176955971892e-01
7.382146357134109493e-01 7.636753579315237461e-01 -3.352155893685586086e-01 2.107324680106032466e-01 -4.463623480689415945e-01 2.377036987812757018e-01 -1.583637344388459933e-01 -1.140353063115926879e+00 -4.507697786514158200e-01 -4.196401222147261856e-01
7.382376143189364193e-01 7.636193044518939654e-01 -3.352135440986592774e-01 2.215271994252061005e-01 -3.924467278525557434e-01 2.374566468158030852e-01 -1.017662920753655553e-01 -1.039972962052601702e+00 -4.354877309497124926e-01 -4.743584355417048704e-01
7.382464184623065417e-01 7.635949613065189379e-01 -3.352093695967349740e-01 1.919577028229251248e-01 -4.660659783646314280e-01 2.154397986120585029e-01 -1.137475842206851911e-01 -1.284043706463956935e+00 -4.282113434354151149e-01 -4.371391905928362909e-01
7.382502331129110473e-01 7.635770696253263434e-01 -3.352110391310616500e-01 2.153055939981982081e-01 -4.884479051654663229e-01 2.149454397955694041e-01 -1.487241731862062044e-01 -1.308802999062597117e+00 -5.898006215289957055e-01 -3.846738364324520654e-01
7.382529925083975986e-01 7.635673081913105786e-01 -3.352294995329794247e-01 2.800564221068289616e-01 -4.336380841594722479e-01 2.386711203068369314e-01 -1.267531357537637904e-01 -1.160225421802861145e+00 -7.018760693018276653e-01 -5.037816394890687333e-01
7.382575057582312361e-01 7.635565821304350909e-01 -3.352059747610436347e-01 2.367899604775531297e-01 -4.636983978095277070e-01 1.890588955124743453e-01 -1.122590132282896835e-01 -1.256569359794465601e+00 -5.138560600980673909e-01 -4.931757015602253325e-01
7.382622454133416223e-01 7.635423364240503386e-01 -3.352199518517000043e-01 2.409315321557325418e-01 -4.844461837791844139e-01 1.568934048092049949e-01 -1.169170711444063732e-01 -1.279196443469407418e+00 -4.940519796216994997e-01 -4.942799536969723073e-01
7.382596152714617777e-01 7.635972599380889125e-01 -3.352410177529435709e-01 3.855575949055743412e-01 -2.650616193823857603e-01 2.897277670293337826e-01 6.189772925876065035e-02 -9.801622781740926271e-01 -6.541562056589954599e-01 -1.173571896113516422e+00
7.387447632345823800e-01 7.635916412977878931e-01 -3.351449283317929351e-01 9.743948727935466958e-02 -1.256944831116447725e+00 -3.541848377631073852e-02 -2.254918425641156965e-01 -3.778371802180267025e+00 -8.963896782949820619e-01 3.935913845827047064e-01
7.393698846621210574e-01 7.634582258887172568e-01 -3.351843095286843321e-01 2.064905200262031337e-01 -1.455163941880186718e+00 -1.816217789602525556e-02 -1.791188453813718495e-01 -4.579591665249790999e+00 -1.061976332867576422e+00 -5.749140096255952320e-02
7.470870375041773759e-01 7.618616899195713721e-01 -3.356424281880873717e-01 4.742717571534197374e-01 -2.872637149955875824e+00 -1.951494736049372847e-01 -3.256465113811068957e-01 -1.352962669862125544e+01 -2.551810612380422505e+00 -9.091340616809300279e-01
7.580550394946077297e-01 7.581371237928489215e-01 -3.365411046778812865e-01 9.789287196633007504e-01 -4.644104188049914761e+00 -4.923408657075047934e-01 -4.013180791721536744e-01 -1.487456031915558619e+01 -3.368767281920563850e+00 -1.274853839154860724e+00
7.665642338740261685e-01 7.558508897153037864e-01 -3.364978138273306829e-01 9.155135759839247989e-01 -4.904543093422780053e+00 -8.471609940490949509e-01 -2.242965378021555267e-01 -1.619826228603507090e+01 -2.347698753370946356e+00 -2.945513264792480435e+00
7.852150431689541854e-01 7.535516503276440403e-01 -3.351535428439575415e-01 1.246510528320637246e+00 -4.701808113098593367e+00 -7.834546982769585721e-01 7.045138906813128710e-01 -1.849122020877797823e+01 -3.178461266036544774e+00 -5.237493909053840824e+00
7.902343711211681221e-01 7.534975927660820805e-01 -3.350465782876851373e-01 1.463196973492292052e+00 -5.017636305484755255e+00 -6.968696675106658134e-01 3.972254788857806362e-01 -1.852443072028932036e+01 -3.701103866825053768e+00 -5.302381522386303558e+00
8.156649854683369893e-01 7.549662004851912522e-01 -3.359880796879962661e-01 2.771613545672271695e+00 -6.440615139540049938e+00 7.752079080094054220e-02 2.355722912406600644e-02 -2.201104849332893210e+01 -6.409897666645857583e+00 -8.554427982627204941e+00
8.366637044938027845e-01 7.587796568372950912e-01 -3.369464396664385575e-01 3.113163641642537893e+00 -7.079975608295967504e+00 2.660682337188546853e-01 8.960772141838659055e-02 -2.465002067428423871e+01 -6.986605884310946202e+00 -1.002380513118822059e+01
8.534793559071135460e-01 7.617308969450740097e-01 -3.346897015676799092e-01 2.615001397416719442e+00 -7.630617000056515664e+00 4.715277984752086482e-02 1.475120343479957852e-01 -2.714156251227772643e+01 -5.548123694855888743e+00 -9.333064622088167894e+00
8.651663716782376223e-01 7.631477651519522620e-01 -3.320487409136430035e-01 2.371772804395392953e+00 -6.709889357936052789e+00 4.286721770534418496e-01 8.682700457548270245e-01 -2.691995092230580511e+01 -5.094359270559629671e+00 -9.805338573633244792e+00
8.886539518011408179e-01 7.643520010467902415e-01 -3.263534541922494259e-01 2.659728031857568897e+00 -6.898028986087293646e+00 7.253884805020316406e-01 6.123444465852536656e-01 -2.627203905634378245e+01 -5.725269946468775295e+00 -1.005617992972916319e+01
8.995101087868484502e-01 7.645257657376535176e-01 -3.261228300098691357e-01 3.801124845139280062e+00 -7.426595960214438463e+00 1.406590191742732365e+00 -1.376904482521151829e-02 -2.588815994450761337e+01 -8.829051224197826286e+00 -1.123789869154709642e+01
9.130794977775578136e-01 7.643156977099796467e-01 -3.327404462109125882e-01 5.436361249507587701e+00 -7.142026014376065213e+00 3.044877845663273686e+00 -3.500734870621617922e-01 -2.259356212369189265e+01 -1.549749244424868344e+01 -1.228191001949718597e+01
9.222639703589879945e-01 7.646178616311345433e-01 -3.460113836575272606e-01 6.247453680925503683e+00 -8.142805388108159903e+00 3.461194090370073084e+00 -1.123505508157853772e+00 -2.244166653273286016e+01 -1.886850648691184418e+01 -1.275076921279815068e+01
9.244698400784723269e-01 7.648183492139462025e-01 -3.510065561828383252e-01 6.259934858343885189e+00 -8.334956574877320890e+00 3.232641644927601199e+00 -1.333366807835134171e+00 -2.244664629282993218e+01 -1.851193126178196025e+01 -1.315614138256230881e+01
9.306889215901525958e-01 7.671300760531841734e-01 -3.769866239172213751e-01 6.960166885401076975e+00 -8.778051477251437973e+00 3.812874140605309492e+00 -2.027875525392046629e+00 -2.004531176921772939e+01 -2.166696696753782092e+01 -1.317373617966249277e+01
9.308467005585330245e-01 7.683642212020156403e-01 -3.877713805613518527e-01 7.187246028866734804e+00 -8.704392549966783577e+00 3.850208957386964670e+00 -2.024793474305702112e+00 -1.985449758198825165e+01 -2.240926948842225030e+01 -1.288425768152158213e+01
9.291433171321440421e-01 7.721719306608897382e-01 -4.077233631954637616e-01 7.240629038264186690e+00 -8.668199156287167639e+00 4.398904152636195164e+00 -2.066541971033245773e+00 -1.873050493835537011e+01 -2.381788840592142265e+01 -1.320378465981344718e+01
9.285008840467469104e-01 7.733618171691017951e-01 -4.126896728371841627e-01 7.242078903504231668e+00 -8.697677741547332531e+00 4.612694681370687277e+00 -2.145037882080284675e+00 -1.804065063801866486e+01 -2.491011046757004976e+01 -1.316146903659215184e+01
9.216177538238997657e-01 7.778883942735564938e-01 -4.604901164004491232e-01 7.492454166946960648e+00 -8.128630366286133224e+00 4.878151249521208044e+00 -2.750863869575044696e+00 -1.228753227886692834e+01 -2.708649048993644115e+01 -1.133643859721768976e+01
9.186639456505361068e-01 7.788346249835510493e-01 -4.784638542374743952e-01 7.076348207781722799e+00 -7.952715582704705355e+00 4.830390298848245223e+00 -2.713906823294967907e+00 -1.147312462250436838e+01 -2.667048777185838304e+01 -1.143513428451387526e+01
9.152573721939591955e-01 7.802917233992109347e-01 -4.972443609163847977e-01 6.086955239537316764e+00 -8.720918671322698046e+00 4.595865814175819963e+00 -3.135291096875955752e+00 -1.100707715873342885e+01 -2.715564717286925500e+01 -1.081061596203426234e+01
9.089235778081535821e-01 7.808945563203525397e-01 -5.215712982648402773e-01 4.455746470612555576e+00 -8.854616245842123590e+00 3.954958845616762808e+00 -3.537913733054383503e+00 -7.575688090882183978e+00 -2.656574328948720876e+01 -9.241439765201976186e+00
8.590943262197430208e-01 7.913192193907252481e-01 -6.256266649407029590e-01 1.311448018561840234e+00 -3.192956746519986400e+00 2.297270765804827697e+00 -1.479008586090777122e+00 -4.385020235228043878e-02 -1.202312646700634069e+01 -5.660956876539715132e+00
8.885319944547593884e-01 8.015655536670962533e-01 -7.484397270925476908e-01 1.787129320691098755e+00 -6.411013312277392018e+00 5.901081431843173242e+00 -2.465371351961225699e+00 -1.375107490392074716e+01 -2.995821706407113894e+01 -1.237586597625486462e+01
8.823936401863302637e-01 8.040905387612244937e-01 -7.790847531029355677e-01 2.094761490983222174e+00 -6.664435915662992649e+00 3.443333866867352988e+00 -1.501749298473115113e-01 -1.288061633509786219e+01 -2.950632496503169833e+01 -1.151815328003378447e+01
8.796750232050426499e-01 8.046085675985699126e-01 -7.933707442063060444e-01 2.631006455090695084e+00 -1.019294808024504562e+01 2.192122560627049577e+00 -3.643098678638753363e+00 -1.174675584946571938e+01 -2.876531630792966965e+01 -1.168645350891630486e+01
8.756625277193532675e-01 8.040637679467322885e-01 -8.237622943475614301e-01 9.204780892833892558e-01 -1.126245335417063842e+01 -3.069809544492656528e-01 -5.569931394846084238e+00 -1.005411959904543551e+01 -2.610365487434919984e+01 -9.666884466503670836e+00
8.737935681688415723e-01 8.035909930110720634e-01 -8.299865281234598546e-01 0.000000000000000000e+00 0.000000000000000000e+00 0.000000000000000000e+00 0.000000000000000000e+00 0.000000000000000000e+00 0.000000000000000000e+00 0.000000000000000000e+00
8.509072678251181632e-01 8.023750772863900149e-01 -8.746891350633774209e-01 0.000000000000000000e+00 0.000000000000000000e+00 0.000000000000000000e+00 0.000000000000000000e+00 0.000000000000000000e+00 0.000000000000000000e+00 0.000000000000000000e+00
8.337953867380305528e-01 8.010420790116269396e-01 -8.984284322970538250e-01 0.000000000000000000e+00 0.000000000000000000e+00 0.000000000000000000e+00 0.000000000000000000e+00 0.000000000000000000e+00 0.000000000000000000e+00 0.000000000000000000e+00
8.019556370938277778e-01 7.980753399391309344e-01 -9.359100459531140004e-01 0.000000000000000000e+00 0.000000000000000000e+00 0.000000000000000000e+00 0.000000000000000000e+00 0.000000000000000000e+00 0.000000000000000000e+00 0.000000000000000000e+00
8.074132231989098463e-01 7.964932455221673813e-01 -9.317540898094825996e-01 0.000000000000000000e+00 0.000000000000000000e+00 0.000000000000000000e+00 0.000000000000000000e+00 0.000000000000000000e+00 0.000000000000000000e+00 0.000000000000000000e+00
8.192881522216468593e-01 7.941315194383117282e-01 -9.209586036374703966e-01 0.000000000000000000e+00 0.000000000000000000e+00 0.000000000000000000e+00 0.000000000000000000e+00 0.000000000000000000e+00 0.000000000000000000e+00 0.000000000000000000e+00
8.289494762450215770e-01 7.949240973728382009e-01 -9.088098897842705748e-01 0.000000000000000000e+00 0.000000000000000000e+00 0.000000000000000000e+00 0.000000000000000000e+00 0.000000000000000000e+00 0.000000000000000000e+00 0.000000000000000000e+00
8.328879307553078704e-01 7.966072176514400471e-01 -9.018643171059865793e-01 0.000000000000000000e+00 0.000000000000000000e+00 0.000000000000000000e+00 0.000000000000000000e+00 0.000000000000000000e+00 0.000000000000000000e+00 0.000000000000000000e+00
8.617433725610066375e-01 7.857801095373750933e-01 -7.833124554227069991e-01 0.000000000000000000e+00 0.000000000000000000e+00 0.000000000000000000e+00 0.000000000000000000e+00 0.000000000000000000e+00 0.000000000000000000e+00 0.000000000000000000e+00
8.613730521112342720e-01 7.863271145178734045e-01 -7.837391727783632467e-01 0.000000000000000000e+00 0.000000000000000000e+00 0.000000000000000000e+00 0.000000000000000000e+00 0.000000000000000000e+00 0.000000000000000000e+00 0.000000000000000000e+00
8.598160876457603408e-01 7.878774118067647381e-01 -7.860562139275160121e-01 0.000000000000000000e+00 0.000000000000000000e+00 0.000000000000000000e+00 0.000000000000000000e+00 0.000000000000000000e+00 0.000000000000000000e+00 0.000000000000000000e+00
8.600361792262856131e-01 7.888937837783421836e-01 -7.861791402798233852e-01 0.000000000000000000e+00 0.000000000000000000e+00 0.000000000000000000e+00 0.000000000000000000e+00 0.000000000000000000e+00 0.000000000000000000e+00 0.000000000000000000e+00
8.597222948997821357e-01 7.893250074671833705e-01 -7.867197011428088693e-01 0.000000000000000000e+00 0.000000000000000000e+00 0.000000000000000000e+00 0.000000000000000000e+00 0.000000000000000000e+00 0.000000000000000000e+00 0.000000000000000000e+00
8.593509365449457649e-01 7.895228009339334552e-01 -7.874538492624557628e-01 0.000000000000000000e+00 0.000000000000000000e+00 0.000000000000000000e+00 0.000000000000000000e+00 0.000000000000000000e+00 0.000000000000000000e+00 0.000000000000000000e+00
8.604279069404774383e-01 7.878338285814316944e-01 -7.864181042154173573e-01 0.000000000000000000e+00 0.000000000000000000e+00 0.000000000000000000e+00 0.000000000000000000e+00 0.000000000000000000e+00 0.000000000000000000e+00 0.000000000000000000e+00
8.590748056599585292e-01 7.910402707091647168e-01 -7.878735190362174956e-01 0.000000000000000000e+00 0.000000000000000000e+00 0.000000000000000000e+00 0.000000000000000000e+00 0.000000000000000000e+00 0.000000000000000000e+00 0.000000000000000000e+00
8.590725867708569607e-01 7.910367039511460030e-01 -7.878778913984486598e-01 0.000000000000000000e+00 0.000000000000000000e+00 0.000000000000000000e+00 0.000000000000000000e+00 0.000000000000000000e+00 0.000000000000000000e+00 0.000000000000000000e+00
8.590686810084140479e-01 7.910381547436075023e-01 -7.878791793521177089e-01 0.000000000000000000e+00 0.000000000000000000e+00 0.000000000000000000e+00 0.000000000000000000e+00 0.000000000000000000e+00 0.000000000000000000e+00 0.000000000000000000e+00
8.590693913795758307e-01 7.910463023411012928e-01 -7.878767413790271901e-01 0.000000000000000000e+00 0.000000000000000000e+00 0.000000000000000000e+00 0.000000000000000000e+00 0.000000000000000000e+00 0.000000000000000000e+00 0.000000000000000000e+00
8.590713666106428725e-01 7.910401566590373745e-01 -7.878779331059642121e-01 0.000000000000000000e+00 0.000000000000000000e+00 0.000000000000000000e+00 0.000000000000000000e+00 0.000000000000000000e+00 0.000000000000000000e+00 0.000000000000000000e+00
8.590672402455957757e-01 7.910459130707995223e-01 -7.878790936793521604e-01 0.000000000000000000e+00 0.000000000000000000e+00 0.000000000000000000e+00 0.000000000000000000e+00 0.000000000000000000e+00 0.000000000000000000e+00 0.000000000000000000e+00
8.590728955249634646e-01 7.910348853058677410e-01 -7.878779344612979463e-01 0.000000000000000000e+00 0.000000000000000000e+00 0.000000000000000000e+00 0.000000000000000000e+00 0.000000000000000000e+00 0.000000000000000000e+00 0.000000000000000000e+00
8.590717961376038714e-01 7.910374858953140853e-01 -7.878775933460802072e-01 0.000000000000000000e+00 0.000000000000000000e+00 0.000000000000000000e+00 0.000000000000000000e+00 0.000000000000000000e+00 0.000000000000000000e+00 0.000000000000000000e+00
