2.500000000000000000e-01 2.500000000000000000e-01 2.500000000000000000e-01 2.500000000000000000e-01 2.690547325908159704e-01 2.500000000000000000e-01 2.500000000000000000e-01 2.500000000000000000e-01 2.500000000000000000e-01 2.500000000000000000e-01 2.500000000000000000e-01 2.500000000000000000e-01 2.500000000000000000e-01 2.500000000000000000e-01 9.394775701231876663e-01
9.363639256575692071e-01 2.500000000000000000e-01 2.500000000000000000e-01 2.500000000000000000e-01 2.500000000000000000e-01 2.500000000000000000e-01 2.500000000000000000e-01 2.500000000000000000e-01 2.500000000000000000e-01 2.500000000000000000e-01 2.500000000000000000e-01 2.500000000000000000e-01 2.500000000000000000e-01 2.500000000000000000e-01 2.500000000000000000e-01
2.500000000000000000e-01 2.500000000000000000e-01 2.500000000000000000e-01 2.500000000000000000e-01 2.500000000000000000e-01 2.500000000000000000e-01 2.500000000000000000e-01 2.500000000000000000e-01 2.500000000000000000e-01 2.500000000000000000e-01 2.500000000000000000e-01 2.500000000000000000e-01 2.500000000000000000e-01 2.500000000000000000e-01 2.500000000000000000e-01
2.361593335739799571e+00 9.030310418778343395e-01 2.500000000000000000e-01 3.403121791331655266e-01 2.178896196708308253e+00 8.741683046308071914e-01 5.731748564908691890e-01 6.241979595767701561e-01 2.500000000000000000e-01 2.500000000000000000e-01 6.930990549103219767e-01 2.500000000000000000e-01 2.500000000000000000e-01 2.500000000000000000e-01 2.500000000000000000e-01
1.927825701234562095e+00 2.500000000000000000e-01 3.552903337824865115e+00 3.912988273311660770e+00 4.365746239727300804e+00 1.915541568145192386e+00 4.763056330290396101e-01 2.500000000000000000e-01 2.500000000000000000e-01 2.500000000000000000e-01 2.500000000000000000e-01 2.500000000000000000e-01 2.500000000000000000e-01 2.500000000000000000e-01 2.500000000000000000e-01
2.359377477339011264e+00 2.881408352955119323e+00 3.147146013518896446e+00 2.426290987291536805e+00 1.621099082238564915e+00 2.282198968857691135e+00 7.602320617352354981e-01 4.632100515525270912e-01 2.070143092441342425e+00 2.500000000000000000e-01 2.500000000000000000e-01 2.500000000000000000e-01 2.500000000000000000e-01 2.500000000000000000e-01 2.500000000000000000e-01
2.899690522096143752e+00 3.575307320333180883e+00 4.521910191306913518e+00 2.096659676431024799e+00 1.156704299977447725e+00 1.571205382979356413e+00 1.056064968717203234e+00 1.110645373250256362e+00 1.330807434341232831e+00 4.225184751447651488e-01 2.500000000000000000e-01 2.500000000000000000e-01 2.500000000000000000e-01 2.500000000000000000e-01 2.500000000000000000e-01
3.308744322255864123e+00 4.094708727147296834e+00 3.631494638785776274e+00 3.124853118158300802e+00 2.713381255611406306e+00 2.928109399048377082e+00 5.327676873640593280e-01 5.492132191508147798e-01 4.844219134684195627e-01 4.823229853829611447e-01 2.500000000000000000e-01 2.500000000000000000e-01 2.500000000000000000e-01 2.500000000000000000e-01 2.500000000000000000e-01
3.122014396699149152e+00 4.166570775842542318e+00 2.631192561124164886e+00 2.850264329319208922e+00 2.453523970668755272e+00 1.787416497017653150e+00 2.105761447442082268e+00 4.446735823616358996e-01 3.170491863406319499e-01 2.500000000000000000e-01 2.500000000000000000e-01 2.500000000000000000e-01 2.500000000000000000e-01 2.500000000000000000e-01 2.500000000000000000e-01
4.386313154077679854e+00 3.729287889244734977e+00 2.383533145709602952e+00 2.047698345198207370e+00 3.675853337362369189e+00 1.593930072482420579e+00 1.217375225464854216e+00 2.240493034269925854e+00 2.500000000000000000e-01 2.500000000000000000e-01 2.500000000000000000e-01 2.500000000000000000e-01 2.500000000000000000e-01 2.500000000000000000e-01 2.500000000000000000e-01
3.348455737232523433e+00 4.300653798753791612e+00 4.274787383800198626e+00 2.868279048340520276e+00 2.811340762045686947e+00 2.017931098712430593e+00 1.723819004233421159e+00 2.500000000000000000e-01 5.977755753092176549e-01 4.533780653983308651e-01 2.500000000000000000e-01 3.624125467579206172e-01 2.500000000000000000e-01 2.500000000000000000e-01 2.500000000000000000e-01
4.831203029602666454e+00 4.232026572702999090e+00 4.919354549301114155e+00 2.947877285726901331e+00 2.161745164948512432e+00 8.333333333333332871e-02 2.953091412038914232e+00 3.808333097502421549e-01 6.028060774228487517e-01 3.485945394327952807e-01 2.500000000000000000e-01 2.500000000000000000e-01 2.500000000000000000e-01 2.500000000000000000e-01 2.500000000000000000e-01
3.176150581378821780e+00 3.960843460222267076e+00 4.804909613881883423e+00 2.592283302372128340e+00 8.930889003999130660e-01 2.455420826995500239e+00 3.201874348438360496e+00 5.100200927587149602e-01 2.500000000000000000e-01 2.500000000000000000e-01 2.500000000000000000e-01 2.500000000000000000e-01 2.500000000000000000e-01 2.500000000000000000e-01 2.500000000000000000e-01
4.089698474058148570e+00 4.795522464440511889e+00 6.468937749547386318e+00 2.598602086512490583e+00 1.343909138640930534e+00 1.988476339860195452e+00 2.500000000000000000e-01 2.500000000000000000e-01 2.500000000000000000e-01 2.500000000000000000e-01 2.500000000000000000e-01 2.500000000000000000e-01 2.500000000000000000e-01 2.500000000000000000e-01 2.500000000000000000e-01
3.740209780717008936e+00 4.479361191164945133e+00 4.375185629396464826e+00 5.783906680270263223e+00 2.576591612818639909e+00 3.775518750784667699e-01 2.500000000000000000e-01 2.500000000000000000e-01 2.500000000000000000e-01 2.500000000000000000e-01 2.500000000000000000e-01 2.500000000000000000e-01 2.500000000000000000e-01 2.500000000000000000e-01 2.500000000000000000e-01
8.827413297395297898e-01 4.951460884139674334e+00 5.484271381646419030e+00 3.001755978852679974e+00 4.797027580995848695e+00 1.117657481925376617e+00 2.500000000000000000e-01 2.500000000000000000e-01 2.500000000000000000e-01 2.500000000000000000e-01 2.500000000000000000e-01 2.500000000000000000e-01 2.500000000000000000e-01 2.500000000000000000e-01 2.500000000000000000e-01
1.265182451920868534e+00 4.388441665833327399e+00 6.760161248160104108e+00 2.849750430705319637e+00 3.614231521621980470e+00 2.234935178674743561e+00 2.399340632882801305e+00 2.500000000000000000e-01 2.500000000000000000e-01 2.500000000000000000e-01 2.500000000000000000e-01 2.500000000000000000e-01 2.500000000000000000e-01 2.500000000000000000e-01 2.474878381300548824e+00
2.500000000000000000e-01 3.089710663095575960e+00 4.352396075757030580e+00 1.246283936366105793e+00 1.732012789084300453e+00 3.478400202583917800e+00 1.887796922773456343e+00 2.500000000000000000e-01 2.500000000000000000e-01 2.500000000000000000e-01 2.500000000000000000e-01 2.500000000000000000e-01 2.500000000000000000e-01 2.500000000000000000e-01 2.500000000000000000e-01
2.500000000000000000e-01 2.666787021508162603e+00 2.500000000000000000e-01 1.322423760672334359e+00 2.500000000000000000e-01 2.500000000000000000e-01 2.500000000000000000e-01 2.500000000000000000e-01 2.500000000000000000e-01 2.500000000000000000e-01 2.500000000000000000e-01 2.500000000000000000e-01 2.500000000000000000e-01 2.500000000000000000e-01 2.500000000000000000e-01
2.922129159366459561e+00 2.500000000000000000e-01 1.884812103535628003e+00 2.500000000000000000e-01 2.500000000000000000e-01 2.500000000000000000e-01 2.500000000000000000e-01 2.500000000000000000e-01 2.500000000000000000e-01 2.500000000000000000e-01 2.500000000000000000e-01 2.500000000000000000e-01 2.500000000000000000e-01 2.500000000000000000e-01 2.500000000000000000e-01
2.500000000000000000e-01 3.424512918299683628e-01 1.914044761850527188e+00 2.500000000000000000e-01 2.500000000000000000e-01 2.500000000000000000e-01 2.500000000000000000e-01 2.500000000000000000e-01 2.500000000000000000e-01 2.500000000000000000e-01 2.500000000000000000e-01 2.500000000000000000e-01 2.500000000000000000e-01 2.500000000000000000e-01 2.500000000000000000e-01
2.500000000000000000e-01 2.500000000000000000e-01 1.990990538697051004e+00 2.500000000000000000e-01 2.500000000000000000e-01 2.500000000000000000e-01 2.500000000000000000e-01 2.500000000000000000e-01 2.500000000000000000e-01 2.500000000000000000e-01 2.500000000000000000e-01 2.500000000000000000e-01 2.500000000000000000e-01 2.500000000000000000e-01 2.500000000000000000e-01
2.500000000000000000e-01 2.500000000000000000e-01 2.500000000000000000e-01 2.500000000000000000e-01 2.500000000000000000e-01 2.500000000000000000e-01 2.500000000000000000e-01 2.500000000000000000e-01 2.500000000000000000e-01 2.500000000000000000e-01 2.500000000000000000e-01 2.500000000000000000e-01 2.500000000000000000e-01 2.500000000000000000e-01 2.500000000000000000e-01
2.500000000000000000e-01 2.500000000000000000e-01 2.500000000000000000e-01 2.500000000000000000e-01 2.500000000000000000e-01 2.500000000000000000e-01 2.500000000000000000e-01 2.500000000000000000e-01 2.500000000000000000e-01 2.500000000000000000e-01 2.500000000000000000e-01 2.500000000000000000e-01 2.500000000000000000e-01 2.500000000000000000e-01 2.500000000000000000e-01
2.500000000000000000e-01 2.500000000000000000e-01 2.500000000000000000e-01 2.500000000000000000e-01 2.500000000000000000e-01 2.500000000000000000e-01 2.500000000000000000e-01 2.500000000000000000e-01 2.500000000000000000e-01 2.500000000000000000e-01 2.500000000000000000e-01 2.500000000000000000e-01 2.500000000000000000e-01 2.500000000000000000e-01 2.500000000000000000e-01
2.500000000000000000e-01 2.500000000000000000e-01 2.500000000000000000e-01 2.500000000000000000e-01 2.500000000000000000e-01 2.500000000000000000e-01 2.500000000000000000e-01 2.500000000000000000e-01 2.500000000000000000e-01 2.500000000000000000e-01 2.500000000000000000e-01 2.500000000000000000e-01 2.500000000000000000e-01 2.500000000000000000e-01 2.500000000000000000e-01
2.500000000000000000e-01 2.912999797318740480e-01 1.245503073512007175e+00 2.500000000000000000e-01 2.500000000000000000e-01 2.500000000000000000e-01 2.500000000000000000e-01 2.500000000000000000e-01 2.500000000000000000e-01 2.500000000000000000e-01 2.500000000000000000e-01 2.500000000000000000e-01 2.500000000000000000e-01 2.500000000000000000e-01 2.500000000000000000e-01
2.500000000000000000e-01 2.500000000000000000e-01 2.500000000000000000e-01 2.500000000000000000e-01 2.500000000000000000e-01 2.500000000000000000e-01 2.500000000000000000e-01 2.500000000000000000e-01 2.500000000000000000e-01 2.500000000000000000e-01 2.500000000000000000e-01 2.500000000000000000e-01 2.500000000000000000e-01 2.500000000000000000e-01 2.500000000000000000e-01
2.500000000000000000e-01 2.500000000000000000e-01 2.500000000000000000e-01 2.500000000000000000e-01 2.500000000000000000e-01 2.500000000000000000e-01 2.500000000000000000e-01 2.500000000000000000e-01 2.500000000000000000e-01 2.500000000000000000e-01 2.500000000000000000e-01 2.500000000000000000e-01 2.500000000000000000e-01 2.500000000000000000e-01 2.500000000000000000e-01
2.500000000000000000e-01 2.500000000000000000e-01 2.500000000000000000e-01 2.500000000000000000e-01 2.500000000000000000e-01 2.500000000000000000e-01 2.500000000000000000e-01 2.500000000000000000e-01 2.500000000000000000e-01 2.500000000000000000e-01 2.500000000000000000e-01 2.500000000000000000e-01 2.500000000000000000e-01 2.500000000000000000e-01 2.500000000000000000e-01
