-9.660263216036590883e-01 1.396377269417420908e-01 2.174728745923210638e-01
-9.423738609631809870e-01 1.807644378318808420e-01 2.815239318222720333e-01
-9.493478796208024706e-01 1.697775691673349963e-01 2.644128976943394549e-01
-9.971495635361184995e-01 4.076597167583603798e-02 6.348923919100998847e-02
-9.909724751530029074e-01 -7.243588911278150966e-02 -1.128122132464918354e-01
-9.918315216423821967e-01 -6.891816458061571227e-02 -1.073336818868887710e-01
-9.752617378850333418e-01 -1.194355847054880543e-01 -1.860099022190019880e-01
-9.751204861777424959e-01 -1.197717961572809242e-01 -1.865335205311416111e-01
-9.718428062291850633e-01 -1.273115046539408102e-01 -1.982759207854859484e-01
-9.767702682770794675e-01 -1.157809259044891709e-01 -1.803181083713482624e-01
-9.941786260044199741e-01 -5.821455745422868255e-02 -9.066380146658235828e-02
-9.998777736629304025e-01 8.447358899864539084e-03 1.315598200358136793e-02
-9.053187059153776639e-01 2.294841680322388944e-01 3.574004159794123558e-01
-6.541329652928863370e-01 4.086736292840936757e-01 6.364714671098012921e-01
-7.311273475957872359e-01 3.686163931858730813e-01 5.740860181821072494e-01
9.366879725499709097e-02 -5.379268198944455737e-01 -8.377713846026558775e-01
-3.102037241453554084e-01 -5.136492501314954273e-01 -7.999613099179889719e-01
-9.637548072744853700e-01 -1.441470166067149450e-01 -2.244956771492563063e-01
-9.726340717547454773e-01 -1.255351014773752605e-01 -1.955093367562012463e-01
-9.922713464993585530e-01 -6.704447339047868437e-02 -1.044155807537515274e-01
-9.996179144096648539e-01 1.493449906896408830e-02 2.325910421385611257e-02
-9.915409260667839009e-01 7.012822539616249407e-02 1.092182399483235533e-01
-9.657126866444027957e-01 1.402696035592130852e-01 2.184569641173991772e-01
-9.996450276277342173e-01 1.439496294418243609e-02 2.241882648539079981e-02
-6.599998929267725245e-01 -4.059105861964198980e-01 -6.321682824615038054e-01
-4.603644998125398513e-01 -4.796425582015718669e-01 -7.469990252163665190e-01
-4.463720163610145342e-01 -4.834881600285308445e-01 -7.529881952076193929e-01
-4.607716385274563398e-01 -4.795284166330477937e-01 -7.468212602558427227e-01
-6.116548451528471819e-01 -4.274465199403938986e-01 -6.657085120320250793e-01
-6.958144421055819651e-01 -3.880567848931497643e-01 -6.043626343973370618e-01
-7.193031090011956508e-01 -3.753460470465751486e-01 -5.845668330890184672e-01
-8.012352924112593477e-01 -3.232895613088067055e-01 -5.034936600826300790e-01
-8.607840524271762606e-01 -2.749978526130834600e-01 -4.282837799231264397e-01
-8.597273093082987705e-01 -2.759611963874883944e-01 -4.297840989588829208e-01
-8.339610318224969232e-01 -2.981514224624431941e-01 -4.643433284598561528e-01
-8.184848477136407174e-01 -3.104188649151221058e-01 -4.834487380974177295e-01
-8.276073844850754258e-01 -3.032756920749267726e-01 -4.723239055375524353e-01
-8.599849261829867197e-01 -2.757267679888447676e-01 -4.294189983599568383e-01
-9.039634759591607116e-01 -2.310384934002698842e-01 -3.598211343142109220e-01
-9.283896967157780900e-01 -2.007807068001844497e-01 -3.126974237322782679e-01
-9.154971097973138017e-01 -2.173768810114721506e-01 -3.385444336486562733e-01
-9.268559100330514555e-01 -2.028388133497789902e-01 -3.159027347707796252e-01
-8.957060838952519699e-01 -2.402435907989616537e-01 -3.741572241091342121e-01
-8.956971593553594291e-01 -2.402533039970995710e-01 -3.741723515189453453e-01
-9.054539865327446702e-01 -2.293283068603331476e-01 -3.571576765863125891e-01
-9.081800960234569509e-01 -2.261595434966923446e-01 -3.522226200461749945e-01
-8.870171340796305648e-01 -2.494773005780193120e-01 -3.885378750462601394e-01
-8.650109124521951909e-01 -2.710983288976300254e-01 -4.222106315662043086e-01
-8.152605299325866861e-01 -3.128860136148567950e-01 -4.872910945402568195e-01
-8.104254492036844226e-01 -3.165316646491382335e-01 -4.929688596224429120e-01
-8.732333669590758296e-01 -2.632905315329837070e-01 -4.100507076379638627e-01
-9.008197852732849897e-01 -2.345955744184731739e-01 -3.653609597691840349e-01
-8.535816867129651930e-01 -2.814753616298787398e-01 -4.383719025024052085e-01
-8.132878354084049910e-01 -3.143811526720758920e-01 -4.896196356574030184e-01
-7.979115362314929127e-01 -3.256804892426236053e-01 -5.072173097158496624e-01
-8.055994283868238570e-01 -3.201078276003414547e-01 -4.985384034272713483e-01
-8.135967499096303790e-01 -3.141477297816585579e-01 -4.892561010447559200e-01
-8.072271258664184268e-01 -3.189085409058922127e-01 -4.966706250652603294e-01
-8.286718417378599044e-01 -3.024259704783090474e-01 -4.710005425591738959e-01
-8.422961781467690479e-01 -2.912310363984823569e-01 -4.535654657462493966e-01
-8.686060957083725498e-01 -2.677215374930346781e-01 -4.169515905481391282e-01
-9.161092906423585758e-01 -2.166226641165044098e-01 -3.373698104303682332e-01
-9.411133680883552177e-01 -1.826714300936998492e-01 -2.844938963016860334e-01
-8.677806227294961872e-01 -2.685018654996876863e-01 -4.181668794134651423e-01
-8.786825715229676925e-01 -2.579438170888744275e-01 -4.017236932611841782e-01
-9.006427646223389427e-01 -2.347939048981459165e-01 -3.656698411902609136e-01
-8.587848295515225772e-01 -2.768165539962043620e-01 -4.311162395060395003e-01
-7.363142042980045376e-01 -3.655900336438298037e-01 -5.693727424537460280e-01
-3.041939264461432368e-01 -5.146974485093028795e-01 -8.015937821685568121e-01
-2.881970405850251549e-01 -5.173778886657437459e-01 -8.057683203736732969e-01
-2.933157106729364361e-01 -5.165374518974579221e-01 -8.044594176586608025e-01
-2.225315441183332021e-01 -5.267544905240054698e-01 -8.203715125387435192e-01
-1.072274663252324178e-01 -5.371872009325974195e-01 -8.366194963181722288e-01
-7.204753505211310138e-02 -5.388981679462341301e-01 -8.392841695618398212e-01
-4.589205304847929212e-02 -5.397330458991632662e-01 -8.405844149348755678e-01
-6.188010975434270200e-02 -5.392668649609076992e-01 -8.398583811405496702e-01
-3.437358673495063272e-02 -5.399830161972900555e-01 -8.409737206081127070e-01
4.898335035227295575e-02 -5.396537243912098436e-01 -8.404608790056576906e-01
1.016899896614404664e-01 -5.375014526183646835e-01 -8.371089143210720396e-01
1.187461220325912309e-01 -5.364794773836483177e-01 -8.355172821961186491e-01
2.368259696555287674e-01 -5.249318335285076964e-01 -8.175328924545589571e-01
2.773315656972004106e-01 -5.191085548421089380e-01 -8.084636732455432462e-01
2.789461562701770481e-01 -5.188559479355023818e-01 -8.080702612978931665e-01
3.033035597594029298e-01 -5.148508184740291371e-01 -8.018326417363517145e-01
3.036730512899307177e-01 -5.147872318887931620e-01 -8.017336114973208083e-01
3.095372715750106529e-01 -5.137666065509451929e-01 -8.001440817121777682e-01
3.300986071842936798e-01 -5.100164461460701126e-01 -7.943035529289305119e-01
3.208829889686792280e-01 -5.117304961232373994e-01 -7.969730276038153871e-01
3.440124744253790223e-01 -5.073249966971541403e-01 -7.901118687666706109e-01
3.357451930163781184e-01 -5.089392950796426396e-01 -7.926259895374561104e-01
3.284529908308366219e-01 -5.103265062407864594e-01 -7.947864429155488963e-01
3.542487926025170708e-01 -5.052643572289641227e-01 -7.869026129411824666e-01
3.832566839423573457e-01 -4.990458351396552250e-01 -7.772178386033556929e-01
3.817725139062749240e-01 -4.993778216591424068e-01 -7.777348769732864708e-01
3.833594332177607256e-01 -4.990227958041371092e-01 -7.771819569642488545e-01
4.106480661285032974e-01 -4.926443613741690042e-01 -7.672481339118117916e-01
4.375848202840380563e-01 -4.858274809116521209e-01 -7.566314716214390668e-01
4.484502493679157764e-01 -4.829264124718845586e-01 -7.521133252235924216e-01
4.651590404351660379e-01 -4.782902581563093225e-01 -7.448929426798233111e-01
4.968424968842590772e-01 -4.688963477454132223e-01 -7.302627940411777763e-01
5.097173579997263948e-01 -4.648447218433739980e-01 -7.239527605639298757e-01
6.043267707024583268e-01 -4.304786033082467211e-01 -6.704307020909167081e-01
5.768478107203268701e-01 -4.413468251390899044e-01 -6.873569547235349741e-01
6.117044707833200201e-01 -4.274257883574523187e-01 -6.656762245046076165e-01
5.720072954836269430e-01 -4.431821731143392729e-01 -6.902153398376180693e-01
5.901001650162849277e-01 -4.362022827980062134e-01 -6.793448047417169899e-01
6.166757716274220424e-01 -4.253352933317656182e-01 -6.624204714032504437e-01
6.350255246115336094e-01 -4.173787517981745743e-01 -6.500288921572981993e-01
6.331150427712355366e-01 -4.182251670560491186e-01 -6.513471058181777851e-01
5.641414818436831791e-01 -4.461158021581845823e-01 -6.947841963717746872e-01
6.047115947861516627e-01 -4.303208152967145650e-01 -6.701849618228986616e-01
6.999425889069187390e-01 -3.858834273094632894e-01 -6.009778305080665239e-01
7.284741082774305321e-01 -3.701467022901231418e-01 -5.764693334021760984e-01
7.287912844951386360e-01 -3.699643899791825175e-01 -5.761853988008175387e-01
7.224287284066767123e-01 -3.735895405604139352e-01 -5.818312363190644154e-01
7.084310126015747056e-01 -3.813345966444138258e-01 -5.938934464921714618e-01
6.838871508359674056e-01 -3.941979732698911998e-01 -6.139269686138351112e-01
6.517697172327663324e-01 -4.097744146592363634e-01 -6.381858387562356905e-01
6.672447097647979941e-01 -4.024379975709859170e-01 -6.267600461117041055e-01
6.933802737956045181e-01 -3.893266339352573491e-01 -6.063403071046611359e-01
6.924865207540691348e-01 -3.897907320234224593e-01 -6.070630970521669889e-01
6.935612014077041643e-01 -3.892325436033722830e-01 -6.061937700949678876e-01
6.556693436086712401e-01 -4.079542575717859387e-01 -6.353511120481549757e-01
6.722647082957466935e-01 -3.999916619971776166e-01 -6.229501041919570659e-01
6.818170481956498108e-01 -3.952434208729099230e-01 -6.155551567864985252e-01
6.897282983329239281e-01 -3.912157614304919706e-01 -6.092824488585975029e-01
7.026346561986659411e-01 -3.844525375752965157e-01 -5.987493517829458600e-01
7.348508314922055362e-01 -3.664485647520459022e-01 -5.707098254335383203e-01
7.338507133375815616e-01 -3.670331787312216543e-01 -5.716203077606479832e-01
7.214082311295052508e-01 -3.741647747872711149e-01 -5.827271105474578494e-01
7.174528630757378567e-01 -3.763783981736757989e-01 -5.861746247089211215e-01
5.181370791990743685e-01 4.621192599854671568e-01 7.197081052131734102e-01
2.589099801598490624e-01 -5.218787837701565069e-01 -8.127780491771470217e-01
9.119130287448640182e-01 -2.217311585373950011e-01 -3.453258191028197310e-01
7.480373742629561340e-01 -3.585751929056315568e-01 -5.584477753008522116e-01
6.850299746874147777e-01 -3.936182707834408045e-01 -6.130241354834355949e-01
6.652658338737037491e-01 -4.033932513158808852e-01 -6.282477656730092175e-01
6.958549906664760476e-01 -3.880355587163833442e-01 -6.043295765856763202e-01
6.996825517897639068e-01 -3.860210712659343235e-01 -6.011921982691265098e-01
7.009282197465058761e-01 -3.853607976093797460e-01 -6.001638829760223004e-01
7.030702868741470768e-01 -3.842199722743314116e-01 -5.983871527867360429e-01
7.001887515230379444e-01 -3.857530350603707858e-01 -6.007747566120947846e-01
7.036005789713605241e-01 -3.839364862826595837e-01 -5.979456495134748417e-01
7.109501299453945267e-01 -3.799635055061939548e-01 -5.917580985623018819e-01
6.718016643410668065e-01 -4.002187072372154764e-01 -6.233037062026380859e-01
6.414714783102152262e-01 -4.144912306759176990e-01 -6.455318444563911129e-01
6.414317439798897791e-01 -4.145091812643454388e-01 -6.455598008414705768e-01
6.347840651387210986e-01 -4.174859630548146128e-01 -6.501958637965592480e-01
6.154693965102218112e-01 -4.258450891695960139e-01 -6.632144313790844237e-01
6.469088649371877997e-01 -4.120168824149946785e-01 -6.416782753613431423e-01
6.711346978055193757e-01 -4.005452413864410977e-01 -6.238122530090057793e-01
6.746256934147312201e-01 -3.988295457754702511e-01 -6.211402154113232488e-01
7.491178530854849527e-01 -3.579161012485463367e-01 -5.574213008628521315e-01
7.808804037296500633e-01 -3.375163439843475444e-01 -5.256505613185039616e-01
8.067797318542900831e-01 -3.192388710240089411e-01 -4.971850837429014902e-01
7.691174555043309713e-01 -3.453112318884700160e-01 -5.377903799532033347e-01
7.494192556223120416e-01 -3.577318592612760972e-01 -5.571343609686716380e-01
6.910684072313113546e-01 -3.905247569670196595e-01 -6.082062731694146684e-01
7.127697514639161902e-01 -3.789670056444598423e-01 -5.902061419800196385e-01
7.239927265538315115e-01 -3.727046395795604594e-01 -5.804530846959286006e-01
7.420195332639619723e-01 -3.622069199938223738e-01 -5.641038551218391373e-01
7.796620178490906161e-01 -3.383376050281296510e-01 -5.269295996120483272e-01
7.969046524695926337e-01 -3.263993798700446924e-01 -5.083369155321773025e-01
8.071306187172327951e-01 -3.189798406905564043e-01 -4.967816679006626379e-01
8.086547357337776631e-01 -3.178509508428072339e-01 -4.950235261314934743e-01
8.034745062926407222e-01 -3.216631219690508359e-01 -5.009606308912116779e-01
7.820492796672082747e-01 -3.367253632855039536e-01 -5.244186818680719453e-01
7.903910837079480833e-01 -3.309905926282161737e-01 -5.154873057472876274e-01
7.441558794227193241e-01 -3.609251866165225642e-01 -5.621076736590843170e-01
7.727404703369507022e-01 -3.429418232705656600e-01 -5.341002446688152272e-01
7.883707137025200984e-01 -3.323942322873119637e-01 -5.176733449949955101e-01
7.798028247221400200e-01 -3.382428606107060198e-01 -5.267820439244849107e-01
8.059645202214061888e-01 -3.198394296943067316e-01 -4.981203984551317854e-01
8.094292832196834375e-01 -3.172748971415098040e-01 -4.941263756472768498e-01
8.569612124935064301e-01 -2.784614929670023442e-01 -4.336780801657461604e-01
8.674890745384740143e-01 -2.687767507390628752e-01 -4.185949878086616671e-01
7.657763060727454940e-01 -3.474722099781041851e-01 -5.411559039228095447e-01
5.446094157550379622e-01 -4.531460340228005701e-01 -7.057331337838426144e-01
5.425417214203055033e-02 -5.395065258153474153e-01 -8.402316308065513883e-01
8.580725451331693288e-01 -2.774606258277200199e-01 -4.321193219516746287e-01
8.352729584710276711e-01 -2.970773923240601078e-01 -4.626706256258261152e-01
7.463285017512363284e-01 -3.596132036851897307e-01 -5.600643813072111454e-01
9.984528414908976357e-01 -3.004354515372040929e-02 -4.679004929842251609e-02
9.941204508670116180e-01 5.850386074745127230e-02 9.111436465021532927e-02
9.189375821472816064e-01 2.130968460317406721e-01 3.318786741094292281e-01
9.418244583739342479e-01 1.815984018277757572e-01 2.828227537915628531e-01
9.998975402504384213e-01 7.734234562175888728e-03 1.204535665142565312e-02
-3.948159963953322693e-01 4.964082616233785328e-01 7.731100612347612255e-01
-6.181829885825702586e-01 4.246961007379495001e-01 6.614249879200990723e-01
-7.437655504538035478e-01 3.611599854842131863e-01 5.624733512293658144e-01
-9.305769558270012842e-01 1.978026960242519339e-01 3.080594467457354324e-01
-9.802517859776925802e-01 1.068466574607729591e-01 1.664038096829641433e-01
-9.988960662220698339e-01 2.538069081766939836e-02 3.952808393651606467e-02
-9.999758241736692588e-01 3.756988429555868907e-03 5.851162801629399175e-03
-9.954952008919959461e-01 -5.122711275330226605e-02 -7.978150111376060283e-02
-9.966476954250422793e-01 -4.420376653403936679e-02 -6.884328745895476609e-02
-9.298073270882178942e-01 1.988564521329779233e-01 3.097005746493676215e-01
-9.601696906094869810e-01 1.509699446186674177e-01 2.351217579398353630e-01
-9.726916374613796545e-01 1.254048267901906877e-01 1.953064459520529872e-01
-9.593793277759125049e-01 1.524297140689609420e-01 2.373952141579377395e-01
-9.418396168105033217e-01 1.815754500180096487e-01 2.827870084657382321e-01
-9.352124407396523731e-01 1.913140890437866337e-01 2.979540401121090754e-01
-8.956769986180778131e-01 2.402752445295438244e-01 3.742065218736569943e-01
-8.575586393348854086e-01 2.779240590796906996e-01 4.328410764781556730e-01
-8.496944916938951042e-01 2.848880751705044068e-01 4.436868889326099907e-01
-9.579861471247573812e-01 1.549665211133527398e-01 2.413460570448325293e-01
-9.874273634815907696e-01 8.540742603740567040e-02 1.330141850535478121e-01
-9.934333744915136988e-01 -6.181712574660614551e-02 -9.627446915372785130e-02
-9.907383572324303112e-01 -7.336483178252568849e-02 -1.142589557361129715e-01
-9.992790670911294582e-01 -2.051261154305888262e-02 -3.194649967000521423e-02
-9.982535221588463292e-01 -3.191858678608928274e-02 -4.971025362072332976e-02
-9.962754394829744786e-01 4.658912676060653069e-02 7.255826590189502767e-02
-9.888245307198659795e-01 8.055044417249428157e-02 1.254498839786260256e-01
-9.113875813206672172e-01 2.223609374910899272e-01 3.463066417101293148e-01
-8.377989709420298192e-01 2.949936215366471548e-01 4.594253449050990090e-01
-7.521207494984512021e-01 3.560729023878995703e-01 5.545506887192057643e-01
-3.462377923185864237e-01 5.068828714560262849e-01 7.894232995008730880e-01
6.857627094639426879e-01 3.932456280956209138e-01 6.124437788828887008e-01
9.240910871909665536e-01 2.064885718800922310e-01 3.215868968990146515e-01
8.786397720078154006e-01 2.579863742823063633e-01 4.017899721629746290e-01
9.345594037993817382e-01 1.922434181067503856e-01 2.994013843735151004e-01
8.675645839151667760e-01 2.687055928205851485e-01 4.184841659167541361e-01
6.760337238080539324e-01 3.981329294482469083e-01 6.200552997621848750e-01
-9.227478444219443521e-01 2.082347907345994953e-01 3.243064716319622454e-01
-3.853087763530927412e-01 -4.985843243599400454e-01 -7.764990781500159533e-01
4.491635814998203718e-02 -5.397570063568135623e-01 -8.406217311367064626e-01
-9.860779219400480633e-01 8.984356885270496085e-02 1.399230681417672761e-01
-9.862449713711601840e-01 -8.930668637821223554e-02 -1.390869232287604285e-01
-9.466251019346402229e-01 -1.741592356413180498e-01 -2.712369389077820547e-01
-9.507203093037064345e-01 -1.675206349414415374e-01 -2.608979308968949473e-01
3.810280137192017524e-01 -4.995437872399040025e-01 -7.779933530507913142e-01
-6.652388188289385385e-01 -4.034062569073031956e-01 -6.282680206815539625e-01
-4.447295075826045163e-02 5.397677247467860262e-01 8.406384240400454066e-01
-5.235349529796035073e-01 4.603398326615938396e-01 7.169368113535112830e-01
-8.010988506990498470e-01 3.233882542125611770e-01 5.036473651733059942e-01
-8.774846230903561306e-01 2.591315636056955030e-01 4.035734988614131935e-01
-8.598536199274821046e-01 2.758462888444281891e-01 4.296051410636998469e-01
-9.836873956306253497e-01 9.719302285653938500e-02 1.513691645793348861e-01
-9.893179952125501497e-01 7.876174159137407094e-02 1.226641447616792502e-01
-9.871216973122544092e-01 8.643275734361408058e-02 1.346110439501672640e-01
-9.761749871386810051e-01 1.172373766400533479e-01 1.825863959974952655e-01
-9.757669935501394054e-01 1.182247305689549388e-01 1.841241086333349208e-01
-9.691219030509709009e-01 1.332288826788828040e-01 2.074916910312337159e-01
-9.829996733934732722e-01 9.920344976394743219e-02 1.545002189747862464e-01
-9.698994898783296348e-01 1.315666397261400777e-01 2.049029010163790632e-01
-9.622605042964716970e-01 1.470324515762817252e-01 2.289894758598489954e-01
-9.600146990509805800e-01 1.512574135054529367e-01 2.355694642047131138e-01
-9.522437372685451651e-01 1.649753303031385732e-01 2.569338537916019405e-01
-9.523189160204340586e-01 1.648485995968633488e-01 2.567364824106979637e-01
-9.634787952002307199e-01 1.446846562280293402e-01 2.253330012485718625e-01
-9.722947299070611171e-01 1.263001662757155530e-01 1.967008545829979360e-01
-9.646408874727862015e-01 1.424062624375353192e-01 2.217846131594506942e-01
-9.613192956635423503e-01 1.488189233542975831e-01 2.317717408068088458e-01
-9.623986980110825762e-01 1.467681723300190144e-01 2.285778853202534433e-01
-9.598589739373137864e-01 1.515456471619340273e-01 2.360183615278222680e-01
-9.556785214195868683e-01 1.590716090605145960e-01 2.477393527241301685e-01
-9.590302374327210888e-01 1.530696588259008728e-01 2.383918690657484407e-01
-9.570088316395688466e-01 1.567194279588859651e-01 2.440760477066664103e-01
-9.647444901598983824e-01 1.422012324847023168e-01 2.214652979271229671e-01
-9.487725761052093754e-01 1.707138115922206822e-01 2.658710088790060544e-01
-9.337003319022478820e-01 1.934581738941113516e-01 3.012932544203203444e-01
-9.122065566733464914e-01 2.213784099772759806e-01 3.447764457704293739e-01
-9.101184452544731629e-01 2.238732779588054056e-01 3.486619724368575368e-01
-9.368871184678211339e-01 1.889069694887373363e-01 2.942051735229074261e-01
-9.596685843145097428e-01 1.518972353788429486e-01 2.365659277327338827e-01
-9.636634935268384439e-01 1.443251239847315182e-01 2.247730629555973469e-01
-9.634581875125964867e-01 1.447247113291643961e-01 2.253953833724914313e-01
-9.576651241216761479e-01 1.555446823529212652e-01 2.422464898254326204e-01
-9.467333285581559510e-01 1.739874137998123627e-01 2.709693422445567101e-01
-9.378395189667687593e-01 1.875222945632574467e-01 2.920486700978290884e-01
-9.091083199118638047e-01 2.250682176774515819e-01 3.505229807851740209e-01
-8.905875771615452408e-01 2.457358607039880349e-01 3.827109276851119457e-01
-8.823477257579406263e-01 2.542651921408034532e-01 3.959945743509502014e-01
-8.885205673567664331e-01 2.479105765529023286e-01 3.860978469471405550e-01
-8.693085624411646117e-01 2.670551061428741990e-01 4.159136852154471375e-01
-8.521759582633740004e-01 2.827160591803721812e-01 4.403041744515040490e-01
-8.537916770001210409e-01 2.812893781058278808e-01 4.380822503253898326e-01
-8.610847624553257251e-01 2.747228862988624898e-01 4.278555452613388432e-01
-8.633947933355317073e-01 2.725981387057672678e-01 4.245464469469104607e-01
-8.646676821722840689e-01 2.714177856003177070e-01 4.227081559026628632e-01
-8.698689617804383767e-01 2.665218718300062517e-01 4.150832219775354437e-01
-8.759446653042811670e-01 2.606480951033571802e-01 4.059353567305540866e-01
-8.766177847118538091e-01 2.599866312376745703e-01 4.049051877965597623e-01
-8.780799339364717682e-01 2.585422071018095846e-01 4.026556304896857230e-01
-8.818929126129794183e-01 2.547254007257332420e-01 3.967113067560723572e-01
-9.002278542133138606e-01 2.352579548261574116e-01 3.663925561327715519e-01
-9.005319654774938121e-01 2.349179370808476552e-01 3.658630098697063793e-01
-8.827383496151576248e-01 2.538690784906706410e-01 3.953776638923921505e-01
-8.661774794552810075e-01 2.700087857914184042e-01 4.205137687162457949e-01
-8.690824001881457539e-01 2.672699068538328393e-01 4.162482175019553976e-01
-8.623613168099957260e-01 2.735514660597384573e-01 4.260311663321098563e-01
-8.724891167603886499e-01 2.640098309970264068e-01 4.111709501796041444e-01
-9.046861058709296799e-01 2.302112985437003712e-01 3.585328546547947304e-01
-9.216279924930774747e-01 2.096775652304880277e-01 3.265534597767941194e-01
-9.543214851902662721e-01 1.614324402399818503e-01 2.514161294396385915e-01
-9.991976039509731233e-01 2.164009052027121918e-02 3.370244413850171511e-02
-9.871981986922103713e-01 -8.617731417026305851e-02 -1.342132147787801211e-01
-9.884316903548070465e-01 -8.194587773217555660e-02 -1.276231429837163256e-01
-9.544793631322198157e-01 -1.611597297172059073e-01 -2.509914079648726259e-01
-9.814536593603282455e-01 -1.035757047529188429e-01 -1.613096026687712292e-01
-9.916173505992447179e-01 6.981205509764773498e-02 1.087258338831102039e-01
-9.263848778770321646e-01 2.034660104903179001e-01 3.168795364423364624e-01
-8.756984374549997563e-01 2.608895137469559589e-01 4.063113439909705193e-01
-8.586829901418397970e-01 2.769087652105732822e-01 4.312598499635973970e-01
-8.531886892316922211e-01 2.818229778511260331e-01 4.389132826905910445e-01
-8.910838040635067347e-01 2.452101487932597801e-01 3.818921798944007184e-01
-9.841663966495157734e-01 9.576696996700578834e-02 1.491482187934088099e-01
-8.038723299855241589e-01 -3.213728275858006578e-01 -5.005085241763139736e-01
-7.495721896372374848e-01 -3.576383087725000243e-01 -5.569886647148065695e-01
-7.629395156772859066e-01 -3.492891625219037288e-01 -5.439856398498543744e-01
-7.963990876806139596e-01 -3.267594028859554522e-01 -5.088976181582102187e-01
-8.287281821287872940e-01 -3.023808987591345421e-01 -4.709303475155680041e-01
-8.592914401960902726e-01 -2.763572197666754326e-01 -4.304008688287727091e-01
-8.408027429595223978e-01 -2.924881244941816005e-01 -4.555232644570631484e-01
-6.939280371730159880e-01 -3.890416276066588908e-01 -6.058964360469263344e-01
-6.491544106403055459e-01 -4.109845462155304330e-01 -6.400705069898566801e-01
-6.165131175967001331e-01 -4.254041223413865258e-01 -6.625276662345143119e-01
-9.692089730568731465e-01 -1.330438521326726686e-01 -2.072035230292689489e-01
-4.291329993747856064e-01 4.880233639711592519e-01 7.600513568607543125e-01
1.706359392743282688e-02 5.402236412467867899e-01 8.413484719189443517e-01
-9.936247533577646784e-01 -6.091258427525372138e-02 -9.486572927897285457e-02
-9.065347655973479135e-01 2.280784407397825064e-01 3.552111254353825798e-01
-7.379958262853067996e-01 3.645988465819541280e-01 5.678290600670028443e-01
1.934431825171808450e-01 5.300967946685378740e-01 8.255768428315843899e-01
8.989774758978066882e-02 -5.381146219882676496e-01 -8.380638690342806507e-01
3.600380155068733101e-01 -5.040683544343724787e-01 -7.850399489501768135e-01
2.128796689556062272e-01 -5.279177254732901892e-01 -8.221831436343481903e-01
1.600651874128471153e-01 -5.333358889230749300e-01 -8.306214332444856741e-01
1.399399977054568422e-01 -5.349857233868045014e-01 -8.331908981826999794e-01
1.491988965789810828e-01 -5.342548130843746135e-01 -8.320525728316657821e-01
1.872204885358829951e-01 -5.307486352692892817e-01 -8.265920244184383758e-01
2.129139411874049204e-01 -5.279136906865217194e-01 -8.221768598262675365e-01
2.536112455864862336e-01 -5.226377847385459408e-01 -8.139601231483372112e-01
2.939970208348053338e-01 -5.164243672483601610e-01 -8.042832987526161714e-01
3.274961066083069694e-01 -5.105059997233866165e-01 -7.950659874518756220e-01
3.808636362117306939e-01 -4.995803795462250285e-01 -7.780503421913186335e-01
4.509665802881734353e-01 -4.822418716317177223e-01 -7.510472160312747780e-01
4.724597932745998041e-01 -4.761966392124145075e-01 -7.416323243641178564e-01
4.497047308023946477e-01 -4.825857444126595563e-01 -7.515827661566122364e-01
4.033686360013616912e-01 -4.943969057731633088e-01 -7.699775600966063394e-01
4.213922308877349754e-01 -4.899885369426612569e-01 -7.631119324268544890e-01
3.895765529707173047e-01 -4.976152292157175472e-01 -7.749898018864781468e-01
3.907735466154229065e-01 -4.973411658866009333e-01 -7.745629735406672767e-01
3.971759395316726282e-01 -4.958583820994679203e-01 -7.722536746165932220e-01
3.669909700133262564e-01 -5.026024445114057881e-01 -7.827569295125000881e-01
3.687130247768157232e-01 -5.022343764160658308e-01 -7.821836974176186175e-01
3.652337015753456262e-01 -5.029759871300550911e-01 -7.833386876722724379e-01
3.456151966972540457e-01 -5.070068946141818023e-01 -7.896164541254205860e-01
2.992731089615232598e-01 -5.155388970924720260e-01 -8.029042606918845859e-01
3.105982289429147780e-01 -5.135796497249588421e-01 -7.998529137072097894e-01
3.138175162468275770e-01 -5.130080247718195041e-01 -7.989626605895849831e-01
2.538493382694666511e-01 -5.226040400653685358e-01 -8.139075689336648933e-01
2.535968915724557404e-01 -5.226398180390854353e-01 -8.139632898263040595e-01
2.504911322163757004e-01 -5.230768707160696751e-01 -8.146439590415204268e-01
2.389348953923434715e-01 -5.246527680001431548e-01 -8.170982736449990957e-01
2.184286143546298464e-01 -5.272555881125762234e-01 -8.211519257939894345e-01
1.930490869481991112e-01 -5.301387332418634468e-01 -8.256421582896426026e-01
1.652887056016200118e-01 -5.328705692094209967e-01 -8.298967407280068986e-01
1.715116955920148178e-01 -5.322961515866181381e-01 -8.290021382850758513e-01
1.617067304028291519e-01 -5.331913109585967314e-01 -8.303962664057924492e-01
1.515618479862635704e-01 -5.340606127002346382e-01 -8.317501236532752751e-01
1.395633738869060669e-01 -5.350144433996620874e-01 -8.332356269525766912e-01
1.297450438600270817e-01 -5.357353403711651030e-01 -8.343583574646757928e-01
8.991321471578957170e-02 -5.381138675999634913e-01 -8.380626941441083888e-01
1.020315427260471003e-01 -5.374825567541863247e-01 -8.370794857562366964e-01
1.064793543793229186e-01 -5.372306404911920685e-01 -8.366871494222831718e-01
4.266144067432738746e-02 -5.398104072538975062e-01 -8.407048981063285353e-01
1.174895253910157866e-01 -5.365602379159174484e-01 -8.356430592729219287e-01
1.087561892445981920e-01 -5.370974779041095548e-01 -8.364797609805257883e-01
1.143970348475253501e-01 -5.367552808366964356e-01 -8.359468206243824140e-01
1.248663593466412952e-01 -5.360736675010018271e-01 -8.348852707501437376e-01
9.825827490196382963e-02 -5.376877546398816099e-01 -8.373990625285011591e-01
3.068473659651263681e-03 -5.402997622457053062e-01 -8.414670233506683639e-01
-1.163401555471416660e-01 -5.366333442506323603e-01 -8.357569156433282132e-01
-1.092470436978780352e-01 -5.370683963266071892e-01 -8.364344691070785265e-01
-2.290915907011801533e-01 -5.259328963954996716e-01 -8.190919554964775084e-01
-4.078809904858946567e-01 -4.933149709835027430e-01 -7.682925464976160246e-01
-7.377522378304864903e-01 -3.647427302805511529e-01 -5.680531456506497934e-01
-9.941086625763875251e-01 -5.856230738108541417e-02 -9.120538988891721544e-02
-9.370774808754701590e-01 1.886311306426022572e-01 2.937755799731767703e-01
-8.554930680280142807e-01 2.797762400962947593e-01 4.357256775008740424e-01
-7.951744462176301154e-01 3.276289112717182261e-01 5.102517972348494801e-01
-7.369984258593382798e-01 3.651873349506052913e-01 5.687455763982097734e-01
-7.169246097382588889e-01 3.766721328560764248e-01 5.866320893722909435e-01
-6.897158322589108659e-01 3.912221773300793015e-01 6.092924410301753246e-01
-6.277860123127584346e-01 4.205637359914082829e-01 6.549892111427441099e-01
-6.214429514049227832e-01 4.233049295809867552e-01 6.592583672139281648e-01
-6.253877633784964418e-01 4.216055251041309626e-01 6.566117015543598834e-01
-5.856549815392372293e-01 4.379476800118969892e-01 6.820630998452215099e-01
-6.494892384240309458e-01 4.108300879137304906e-01 6.398299524374964076e-01
-7.561290325976574023e-01 3.535860177780462132e-01 5.506775954174946142e-01
-9.468341051361475191e-01 1.738272493456483048e-01 2.707199008864264456e-01
-9.999951485626895620e-01 1.683009254312790078e-03 2.621131613332425281e-03
-9.999902367102638800e-01 -2.387530056603760428e-03 -3.718357753000452182e-03
-9.824614533614939305e-01 1.007478989371579925e-01 1.569055560474812705e-01
-9.506083875890923851e-01 1.677059483094604786e-01 2.611865393677294533e-01
-9.960280601992396177e-01 -4.810846177856233780e-02 -7.492448999519810138e-02
-9.862875948731155695e-01 -8.916916586380300991e-02 -1.388727477173209990e-01
-9.844963729743106962e-01 -9.477169142344252228e-02 -1.475981643014801226e-01
-9.686867954828071170e-01 -1.341494487656762769e-01 -2.089253877658612812e-01
-9.583043177086267850e-01 -1.543911685002091472e-01 -2.404499984407223179e-01
-9.355976025349831415e-01 -1.907635413783312639e-01 -2.970966129251381704e-01
-9.010265856607949653e-01 -2.343636173042548676e-01 -3.649997079677117506e-01
-8.854802968390713680e-01 -2.510660136439844536e-01 -3.910121490474544603e-01
-9.077209557887337965e-01 -2.266970089052275927e-01 -3.530596728251625960e-01
-9.333778496867219943e-01 -1.939119230419754647e-01 -3.019999268482594923e-01
-9.457329806365274427e-01 -1.755684299486394984e-01 -2.734316290075441969e-01
-9.857562776142557714e-01 -9.086812009954484126e-02 -1.415187121679004900e-01
-9.902759951930529825e-01 -7.516506821280126427e-02 -1.170626578588293276e-01
-9.861291936805191005e-01 -8.967913742142460953e-02 -1.396669813605151966e-01
-9.813431197900134295e-01 -1.038810135001409507e-01 -1.617850928700996505e-01
-9.797539281894122043e-01 -1.081714905544400723e-01 -1.684671149769197407e-01
-9.817778372908166906e-01 -1.026748943735174002e-01 -1.599066736254421417e-01
-9.558477637464958265e-01 -1.587744793820741185e-01 -2.472766006677026840e-01
-9.206330037408039235e-01 -2.109497362937546860e-01 -3.285347488178080866e-01
-7.694177928342115225e-01 -3.451158552710092975e-01 -5.374860988999531353e-01
-5.074109233661644458e-01 -4.655807745602290049e-01 -7.250990947509131646e-01
-3.882827170080645485e-01 -4.979103511360844503e-01 -7.754494270449726612e-01
-2.746468960812848970e-01 -5.195250637036282759e-01 -8.091123473638608399e-01
-1.244513572951157498e-01 -5.361018390770868614e-01 -8.349291453803543428e-01
4.608910297124867855e-02 -5.397281442554355824e-01 -8.405767810770705672e-01
1.276664755853284816e-01 -5.358810964069975480e-01 -8.345853590407962264e-01
3.204224541252574388e-01 -5.118147314033236750e-01 -7.971042162797101760e-01
4.146672360906292210e-01 -4.916605762580708028e-01 -7.657159793725999419e-01
4.349270722515636289e-01 -4.865236835485809430e-01 -7.577157429861171023e-01
4.153881029318926554e-01 -4.914829043220101945e-01 -7.654392717269247193e-01
4.030967447313205665e-01 -4.944616379876177747e-01 -7.700783745474317765e-01
3.109131044044491921e-01 -5.135240276446977337e-01 -7.997662874497497576e-01
3.296407891289178105e-01 -5.101028808206732323e-01 -7.944381669588354011e-01
3.341354100891574808e-01 -5.092484744338880986e-01 -7.931075078520617438e-01
3.323240607772605659e-01 -5.095943679313253982e-01 -7.936462050568783289e-01
2.070211495396081791e-01 -5.285974493059468760e-01 -8.232417507819594915e-01
2.428938135122843955e-01 -5.241218093710670045e-01 -8.162713545746036470e-01
2.741016093796426190e-01 -5.196091258093226140e-01 -8.092432663366198042e-01
2.639648825457293069e-01 -5.211390210238686649e-01 -8.116259369616665165e-01
2.567326474163501016e-01 -5.221927023516492739e-01 -8.132669484008765437e-01
2.917364563444856951e-01 -5.167984749000219535e-01 -8.048659368991666341e-01
2.917907437702013107e-01 -5.167895277125921227e-01 -8.048520024803494932e-01
2.929124640267261603e-01 -5.166042480122330360e-01 -8.045634464437885214e-01
2.983944873655652308e-01 -5.156875526610978921e-01 -8.031357780227754706e-01
3.121816421462964009e-01 -5.132993109214579741e-01 -7.994163118891171038e-01
3.376496264512600098e-01 -5.085713608064490465e-01 -7.920529658582191601e-01
3.181168742546687800e-01 -5.122344137151209065e-01 -7.977578327540042480e-01
3.301931052749151885e-01 -5.099985884285570537e-01 -7.942757411817309432e-01
3.281019157653767837e-01 -5.103924294752030244e-01 -7.948891122700634249e-01
2.967050367755021401e-01 -5.159720461403192182e-01 -8.035788503649287096e-01
2.314133306493570963e-01 -5.256360828439001764e-01 -8.186296957784341410e-01
2.370953198890276559e-01 -5.248963375629357442e-01 -8.174776107635830513e-01
2.490747260438770372e-01 -5.232742841688816648e-01 -8.149514122778805936e-01
2.208176313682501113e-01 -5.269650056184067566e-01 -8.206993703729205114e-01
1.955767540729146936e-01 -5.298682025831862319e-01 -8.252208317520626224e-01
2.001650989490950661e-01 -5.293677661053730610e-01 -8.244414481158173214e-01
2.141715549331604240e-01 -5.277651641965523943e-01 -8.219455435234733764e-01
2.003728802321445290e-01 -5.293448180603750330e-01 -8.244057086532716738e-01
2.081072381167800300e-01 -5.284729355266948314e-01 -8.230478320603266118e-01
2.141111742532126605e-01 -5.277723162136467305e-01 -8.219566821301429460e-01
2.027873386821928969e-01 -5.290763376898566239e-01 -8.239875752503083017e-01
1.995637159445221576e-01 -5.294340450482519778e-01 -8.245446714534389043e-01
1.979129943505698042e-01 -5.296149052983978311e-01 -8.248263446040993152e-01
1.907556891738396154e-01 -5.303810283455875352e-01 -8.260195105558285622e-01
1.663421258207800346e-01 -5.327748679921454622e-01 -8.297476949129631851e-01
1.416569318518137999e-01 -5.348537955143712885e-01 -8.329854326950753007e-01
1.202524397818688223e-01 -5.363815188972058667e-01 -8.353647208926375800e-01
8.948000483357140822e-02 -5.381349473440890652e-01 -8.380955239004432844e-01
-6.893743099296643743e-04 -5.403021774823174583e-01 -8.414707848588250938e-01
-6.802503979720932181e-02 -5.390507572567569960e-01 -8.395218133327477794e-01
-7.997388595611922002e-03 -5.402850272038096646e-01 -8.414440748825969818e-01
6.140237006726607244e-02 -5.392828063504228053e-01 -8.398832083837222129e-01
-1.415008998355010705e-01 -5.348658527005721863e-01 -8.330042106500021859e-01
-2.031029984213460760e-01 -5.290409894558465442e-01 -8.239325236376079387e-01
-4.140775782662020066e-01 -4.918056320550200367e-01 -7.659418903912746934e-01
-4.802397341523060859e-01 -4.739192917978526376e-01 -7.380855659089561316e-01
-7.241853683724015500e-01 -3.725953660273887413e-01 -5.802829012216759175e-01
-8.328877237700796909e-01 -2.990259849710701912e-01 -4.657053788664853866e-01
-8.765630007918486788e-01 -2.600405484470058037e-01 -4.049891588748641413e-01
-9.091641338514474535e-01 -2.250023921079090661e-01 -3.504204635346887531e-01
-9.473338979702300433e-01 -1.730304833662044683e-01 -2.694790113952983956e-01
-9.267928739150967932e-01 -2.029228791804530141e-01 -3.160336595448509089e-01
-9.293963811127528007e-01 -1.994164734598652400e-01 -3.105727561898333766e-01
-9.232796710600750245e-01 -2.075454752638919709e-01 -3.232329263931582597e-01
-8.978131506915871807e-01 -2.379364903554741784e-01 -3.705641280568920393e-01
-8.606457055807755774e-01 -2.751242310945976599e-01 -4.284806027464667655e-01
-8.607351037012106465e-01 -2.750425757525560844e-01 -4.283534320860118982e-01
-8.683562928069856746e-01 -2.679579968369962262e-01 -4.173198541569917430e-01
-8.643091771206850016e-01 -2.717509229754869748e-01 -4.232269866241226697e-01
-8.780465715137144578e-01 -2.585752819450971574e-01 -4.027071415061135307e-01
-8.713183841438187915e-01 -2.651361318535289668e-01 -4.129250598338066180e-01
-8.448178079973631682e-01 -2.890909545846631623e-01 -4.502324857980138373e-01
-8.333055044459866112e-01 -2.986860033904594203e-01 -4.651758889266018326e-01
-8.464735750964896832e-01 -2.876735533742106332e-01 -4.480250142039198802e-01
-8.583895963828359621e-01 -2.771741881038946587e-01 -4.316732216279563494e-01
-8.539323757498237244e-01 -2.811646700442773650e-01 -4.378880290270042996e-01
-8.670243912291887289e-01 -2.692141051361970350e-01 -4.192761269251701894e-01
-8.657103327081205890e-01 -2.704457919197851834e-01 -4.211943654362857448e-01
-8.610847709289566332e-01 -2.747228785454255973e-01 -4.278555331860762756e-01
-8.536311638231477428e-01 -2.814315560883958178e-01 -4.383036794137170067e-01
-8.510405144463735194e-01 -2.837127576711643284e-01 -4.418564403802155982e-01
-8.463759553980060302e-01 -2.877573904745311384e-01 -4.481555827515716905e-01
-8.405096459384410190e-01 -2.927339419764841688e-01 -4.559061025028563474e-01
-8.421354539213404822e-01 -2.913666925788383488e-01 -4.537767377294329996e-01
-8.706481976340967321e-01 -2.657780576226319580e-01 -4.139247999852626592e-01
-8.860981865330594953e-01 -2.504288095812309822e-01 -3.900197625179406824e-01
-9.887233811997128141e-01 -8.091209769377036287e-02 -1.260131259663100356e-01
-9.863040234230207037e-01 8.911610252196178195e-02 1.387901064588414890e-01
-8.316458645090653024e-01 3.000333080305330746e-01 4.672741915805158630e-01
-7.292142713018392453e-01 3.697209944453095365e-01 5.758063327162171730e-01
-6.955678988466433843e-01 3.881857926432114025e-01 6.045635520638235061e-01
-6.882720152377266309e-01 3.919637714878057011e-01 6.104474054999774468e-01
-6.750265642348644013e-01 3.986314886368688137e-01 6.208317596937422689e-01
-6.580672385694773530e-01 4.068255749985931202e-01 6.335932930899811355e-01
-6.501258597986976362e-01 4.105360300334682799e-01 6.393719844232803595e-01
-6.641473810709160874e-01 4.039309058935744989e-01 6.290851130655051859e-01
-7.124160104688348483e-01 3.791611335163411201e-01 5.905084782272583821e-01
-8.132808262255113441e-01 3.143864459327421756e-01 4.896278794224533937e-01
-9.960057069390565454e-01 4.824337397645282743e-02 7.513460329434291929e-02
-9.894798981996141274e-01 -7.816576270437276819e-02 -1.217359626393322014e-01
-9.795637237432763822e-01 -1.086731977955917861e-01 -1.692484777098047233e-01
-9.986100465024899675e-01 -2.847744287965111795e-02 -4.435098951918738791e-02
-9.821742038064477098e-01 1.015622232775975770e-01 1.581737910656563773e-01
-9.399037237174100445e-01 1.844805950404522221e-01 2.873115037649330850e-01
-9.277337531245872793e-01 2.016638698966558285e-01 3.140728687608529413e-01
-9.387425391902577410e-01 1.861985892529419984e-01 2.899871212223770756e-01
-9.535606992267994242e-01 1.627395504228013878e-01 2.534518329353367960e-01
-9.266840672243245036e-01 2.030678899549310523e-01 3.162595004451812519e-01
-8.666085296175469743e-01 2.696047092993212324e-01 4.198844568661021515e-01
-8.237604399010035605e-01 3.063179286071689988e-01 4.770619082130938549e-01
-8.210403549272878854e-01 3.084424619075642471e-01 4.803706727864159309e-01
-8.320856442273109055e-01 2.996771436677080902e-01 4.667194984506054523e-01
-8.175957539497886728e-01 3.111020999356758354e-01 4.845128135961828675e-01
-7.942649730953051934e-01 3.282722935020632171e-01 5.112538056902944383e-01
-7.997928575837893739e-01 3.243305559140645111e-01 5.051149131221827071e-01
-8.218697287357130676e-01 3.077969737687523688e-01 4.793653845728572116e-01
-8.282101610787814261e-01 3.027949421108834249e-01 4.715751818299237508e-01
-8.144245371619205365e-01 3.135209398609091758e-01 4.882799335804448582e-01
-8.430843864578860813e-01 2.905644717615434858e-01 4.525273528316989813e-01
-8.652123270460886362e-01 2.709106306351498628e-01 4.219183088423133499e-01
-8.763307253973697808e-01 2.602689876568759497e-01 4.053449318649299249e-01
-8.988402781424857935e-01 2.368017196890250531e-01 3.687968274552523851e-01
-9.068945111893671474e-01 2.276605588486617926e-01 3.545603129501577744e-01
-9.241301095571718971e-01 2.064375837839483030e-01 3.215074876442146068e-01
-9.555222374155485365e-01 1.593454498599375657e-01 2.481658345004771615e-01
-9.661165044707008542e-01 1.394554684975460312e-01 2.171890238834465192e-01
-9.635694134606981320e-01 1.445083798526746455e-01 2.250584670599203307e-01
-9.736253245353708730e-01 1.232715162267042641e-01 1.919840116013913356e-01
-9.696312878409609759e-01 1.321424868868834868e-01 2.057997298327414182e-01
-9.693867119774909336e-01 1.326652902135761480e-01 2.066139477722078732e-01
-9.820381324069133999e-01 1.019456194539822558e-01 1.587708952323610423e-01
-9.953143954283917294e-01 5.224266298509278039e-02 8.136312688952622441e-02
-9.880729695966101733e-01 -8.319919886528695518e-02 -1.295750749978972771e-01
-9.029041151291042899e-01 -2.322446325068726058e-01 -3.616995846758423450e-01
-9.153558105897858788e-01 -2.175505211223396906e-01 -3.388148620986313198e-01
-8.464804761145540146e-01 -2.876676253970950614e-01 -4.480157819265685459e-01
-7.946086256109874402e-01 -3.280294206461760176e-01 -5.108755536284267373e-01
-6.160155888279962300e-01 -4.256144758846846510e-01 -6.628552724677554409e-01
-5.820124341498885689e-01 -4.393629673252661405e-01 -6.842672792396686798e-01
-5.978885228336584534e-01 -4.330951239301285560e-01 -6.745056915191542934e-01
-6.117181912403439892e-01 -4.274200560307275798e-01 -6.656672969346861812e-01
-6.170331260141755925e-01 -4.251839716004772729e-01 -6.621848017700338040e-01
-5.960540441946067247e-01 -4.338326660249840483e-01 -6.756543452749403933e-01
-7.279608582799717009e-01 -3.704413594428904166e-01 -5.769282347280206835e-01
-8.007831584079344589e-01 -3.236164253571624516e-01 -5.040027206764513545e-01
-8.988205004593574632e-01 -2.368236336991128843e-01 -3.688309565038414006e-01
-9.644128621536018908e-01 -1.428564112352808113e-01 -2.224856783743036359e-01
-9.800563922117818683e-01 -1.073686426858333764e-01 -1.672167535046289455e-01
-9.948913444010824003e-01 -5.454434825720837904e-02 -8.494778931204345629e-02
-9.945389802249865463e-01 -5.638907360167401406e-02 -8.782077881338093417e-02
-9.939776790785055383e-01 -5.920779869335016793e-02 -9.221068304483596989e-02
-9.949326707188591579e-01 -5.432384551068088208e-02 -8.460437663129391495e-02
-9.981332441484171980e-01 -3.299839405461385544e-02 -5.139195380186201839e-02
-9.983100543083458511e-01 -3.139819135255314531e-02 -4.889978575265901961e-02
-9.983100543083458511e-01 -3.139819135255314531e-02 -4.889978575265901961e-02
-9.918762504688367621e-01 -6.872998674994655610e-02 -1.070406122797958326e-01
-9.858362946203548249e-01 -9.061435118112678988e-02 -1.411234904940789348e-01
-9.920677901206940152e-01 -6.791817005954223219e-02 -1.057762826951563623e-01
-9.928640412923306346e-01 -6.443203091312849073e-02 -1.003469426593097541e-01
-9.852490315596774684e-01 -9.246014801317101184e-02 -1.439981487384481285e-01
-9.839424144765247515e-01 -9.643650755018819132e-02 -1.501909617974038491e-01
-9.902829323217787749e-01 -7.513838290532096065e-02 -1.170210979548246821e-01
-9.896976360253640914e-01 -7.735685547346317359e-02 -1.204761642693843865e-01
-9.876489849271560262e-01 -8.465604839880686017e-02 -1.318439837150610361e-01
-9.923970317380872430e-01 -6.649918960705973603e-02 -1.035663515773258131e-01
-9.932271185993402085e-01 -6.277720125924005079e-02 -9.776969817335588731e-02
-9.909692821807113416e-01 -7.244863991960698302e-02 -1.128320714515374246e-01
-9.872169977838821664e-01 -8.611442374362743291e-02 -1.341152687425308521e-01
-9.849446228449424412e-01 -9.340214248575738620e-02 -1.454652182066364652e-01
-9.854958039514795098e-01 -9.168919049766072193e-02 -1.427974535484116403e-01
-9.870581166250120830e-01 -8.664446942360629067e-02 -1.349407659789499114e-01
-9.841834318316534658e-01 -9.571584972560756577e-02 -1.490686037345690107e-01
-9.756002404217806179e-01 -1.186257932853215791e-01 -1.847487268058754517e-01
-9.742456289041722117e-01 -1.218324248562445561e-01 -1.897427595845531667e-01
-9.846822230842343648e-01 -9.420635075834429828e-02 -1.467176983825945746e-01
-9.920402435303392608e-01 -6.803552889195439712e-02 -1.059590582473115411e-01
-9.977733309768321845e-01 -3.603609808384843766e-02 -5.612289752220726846e-02
-9.985390568898161456e-01 2.919508831315523883e-02 4.546865606089002532e-02
-9.968039137391865312e-01 4.316321412421143117e-02 6.722272309798045520e-02
-9.946643416945764038e-01 5.573984257260653635e-02 8.680966139362560063e-02
-9.971186381493923889e-01 4.098619993608688256e-02 6.383222438471196358e-02
-9.993706730546526584e-01 1.916556572769551395e-02 2.984860011169424357e-02
-9.999922012706655705e-01 -2.133845129757617511e-03 -3.323266888301755571e-03
-9.998090449476172425e-01 -1.055836477155196532e-02 -1.644367885493921988e-02
-9.995537045099222029e-01 -1.614041163905348061e-02 -2.513720176577177723e-02
-9.993346382040596554e-01 -1.970645456843668486e-02 -3.069098457044417555e-02
-9.995846898826526994e-01 -1.557015650539432354e-02 -2.424908201558689108e-02
-9.994232232925340798e-01 -1.834818218908679938e-02 -2.857560067465926903e-02
-9.992161366085884344e-01 -2.138882298985678165e-02 -3.331111814567930263e-02
-9.997798888025338782e-01 -1.133571680216060619e-02 -1.765433291218529085e-02
-9.999982250217328561e-01 1.018000862765113500e-03 1.585442407375742572e-03
-9.997965323906611301e-01 1.089876698917133929e-02 1.697382389814929005e-02
-9.995253855211196914e-01 1.664450076911493451e-02 2.592227407084405494e-02
-9.995837798358537807e-01 1.558720264816237586e-02 2.427562981000943101e-02
-9.998829518650930170e-01 8.266494079710154375e-03 1.287430173555460973e-02
-9.995718853948114546e-01 1.580830672900668254e-02 2.461997901346907325e-02
-9.978137066828460799e-01 3.570824688883182663e-02 5.561229953855104796e-02
-9.974732034376418977e-01 3.838507916410941606e-02 5.978121880167393959e-02
-9.982542121946560432e-01 3.191228613421413091e-02 4.970044093682261105e-02
-9.982823636212976304e-01 3.165416512483267691e-02 4.929844128291621663e-02
-9.981708729513397715e-01 3.266442886798169576e-02 5.087183384043527518e-02
-9.965788822630667898e-01 4.465438042281658776e-02 6.954507701017319243e-02
-9.809881128697540698e-01 1.048552957199387764e-01 1.633024475252067287e-01
-9.791465610442253720e-01 1.097651920362300859e-01 1.709491579754534862e-01
-9.747354293180826579e-01 1.206833178505771903e-01 1.879531314574717504e-01
-9.737180227767747720e-01 1.230575861020790640e-01 1.916508351727636283e-01
-9.809626059003604404e-01 1.049249352830854132e-01 1.634109047187929098e-01
-9.864369873034694036e-01 8.868543523593688804e-02 1.381193819008301460e-01
-9.894390520808736822e-01 7.831655778270105173e-02 1.219708120591606049e-01
-9.900396500539483391e-01 7.606852309645424637e-02 1.184697054735076721e-01
-9.882942904702090026e-01 8.242823968685436542e-02 1.283743772180127585e-01
-9.945337596152356019e-01 5.641594666093042998e-02 8.786263112345196746e-02
-9.929052340515996944e-01 6.424645681252581786e-02 1.000579281215352584e-01
-9.908363773115188566e-01 7.297736938290626252e-02 1.136555188019323509e-01
-9.691262249469964063e-01 1.332197047664961664e-01 2.074773972795865840e-01
-8.342493704972041568e-01 2.979158458943095278e-01 4.639764396928970913e-01
-6.449914831509317992e-01 4.128934885204606497e-01 6.430435084814756230e-01
-7.354862265073428551e-01 3.660762484879452328e-01 5.701299772078132211e-01
-9.842380058103951113e-01 9.555189059057288270e-02 1.488132525111382776e-01
-9.570191271182239001e-01 1.567010735221758544e-01 2.440474623651524289e-01
-8.220360162876422239e-01 3.076673133448077913e-01 4.791634504270239070e-01
-8.093559047074446733e-01 3.173295394025953953e-01 4.942114759267841606e-01
-8.105805578729484706e-01 3.164156996998617744e-01 4.927882549146505031e-01
-8.754480777921790358e-01 2.611346851704450245e-01 4.066931758597769342e-01
-9.483365585008690646e-01 1.714195999555028493e-01 2.669702091279532175e-01
-9.985954229752690425e-01 -2.862675000331084060e-02 -4.458352158692104744e-02
-9.144813041025432465e-01 -2.186215255850958161e-01 -3.404828527220675194e-01
-8.057078741347275530e-01 -3.200281397124690730e-01 -4.984142968951375541e-01
-8.088614582710197398e-01 -3.176973613393402340e-01 -4.947843246523681571e-01
-8.138178428006346277e-01 -3.139805058961654405e-01 -4.889956652737420528e-01
-9.373113508922940040e-01 -1.882916183314638225e-01 -2.932468208771942808e-01
-9.919513317371345673e-01 6.841293089186417653e-02 1.065468270372712245e-01
-9.066213382084522543e-01 2.279779627826422905e-01 3.550546402887748698e-01
-7.844689025741610200e-01 3.350782843545692113e-01 5.218535084179177774e-01
-7.594468217802436971e-01 3.515041389210378786e-01 5.474352612037941546e-01
-7.707318981688241477e-01 3.442587948418445731e-01 5.361513063670757528e-01
-7.757672708149255802e-01 3.409410906033427113e-01 5.309842881579127649e-01
-7.739376252892918862e-01 3.421528298795330492e-01 5.328714602669193390e-01
-8.354406810788673754e-01 2.969396814170960353e-01 4.624561535955510339e-01
-9.816874057307074519e-01 -1.029270041935741731e-01 -1.602993114066599278e-01
-3.234094258310020731e-01 -5.112659905088159373e-01 -7.962496029717698320e-01
-1.149282902702018494e-01 -5.367221497166623223e-01 -8.358952219621146318e-01
-1.590758988444977984e-01 -5.334222888491135794e-01 -8.307559931567077838e-01
-1.862410553809414615e-01 -5.308492205191114310e-01 -8.267486766634978279e-01
-1.892923282699348619e-01 -5.305340605855176639e-01 -8.262578441484169645e-01
-1.807356361913380616e-01 -5.314044522453527097e-01 -8.276133988429191790e-01
-1.558539045633824671e-01 -5.336998751497060711e-01 -8.311883082055090410e-01
-1.398085267861935710e-01 -5.349957578671111769e-01 -8.332065259598423479e-01
-1.379762984683731430e-01 -5.351346012113209483e-01 -8.334227616566318719e-01
-1.066057869888627774e-01 -5.372233207099932351e-01 -8.366757495385013232e-01
-7.697284269465125284e-02 -5.386993314556149937e-01 -8.389745000754063042e-01
-5.003635875570890817e-02 -5.396255215216111401e-01 -8.404169556386873463e-01
-4.694539879626234702e-02 -5.397065993242040616e-01 -8.405432268347434732e-01
-1.678527838424812013e-02 -5.402261866155089187e-01 -8.413524360958543058e-01
9.653381228074730050e-03 -5.402771304983459144e-01 -8.414317764925083321e-01
3.642381066592223493e-02 -5.399437790056016429e-01 -8.409126123026832156e-01
6.952654293802965069e-02 -5.389948293773142440e-01 -8.394347108212800723e-01
9.076596797315598930e-02 -5.380720732252453065e-01 -8.379976032620751747e-01
9.388793586226522325e-02 -5.379156672846557852e-01 -8.377540154420191065e-01
3.102115373334636550e-02 -5.400422736044467875e-01 -8.410660085517616125e-01
-2.591050594646478189e-02 -5.401209082743700929e-01 -8.411884747941258400e-01
-7.701626668150825250e-02 -5.386975196247996145e-01 -8.389716783160987568e-01
-1.117658756384712487e-01 -5.369170778057139604e-01 -8.361988044737559411e-01
-1.609558164511747380e-01 -5.332576352018492116e-01 -8.304995602945657307e-01
-2.160140987982257788e-01 -5.275459004103211225e-01 -8.216040604090597554e-01
-2.685369842941140450e-01 -5.204566642752570527e-01 -8.105632292904083602e-01
-3.667716672274963230e-01 -5.026491748150726524e-01 -7.828297076484063144e-01
-3.845966918005061519e-01 -4.987447981500222061e-01 -7.767490012702945590e-01
-4.071257435627557153e-01 -4.934970623550348212e-01 -7.685761370062331732e-01
-4.447868535932859579e-01 -4.839144404521634191e-01 -7.536520876322538864e-01
-5.048047421092564102e-01 -4.664070808532427836e-01 -7.263859905545837492e-01
-5.438157756786541341e-01 -4.534241938222766111e-01 -7.061663420042350037e-01
-5.362219502980536401e-01 -4.560567616210171038e-01 -7.102663234296713313e-01
-5.253134308482639847e-01 -4.597479909946189380e-01 -7.160150725695917373e-01
-5.142351737826114100e-01 -4.633898516576172577e-01 -7.216869344982622669e-01
-4.803177241305530698e-01 -4.738962183774875769e-01 -7.380496311858455449e-01
-4.756195567986395423e-01 -4.752775113812038321e-01 -7.402008675798450454e-01
-5.365259774155891614e-01 -4.559523654756090782e-01 -7.101037360663885467e-01
-5.926197803314363632e-01 -4.352039642656618246e-01 -6.777900157477776411e-01
-5.991094314111041763e-01 -4.326023087629773389e-01 -6.737381773710059418e-01
-6.127910340079629758e-01 -4.269711918085333791e-01 -6.649682323277197327e-01
-6.692367863778654336e-01 -4.014711998193549181e-01 -6.252543478251351150e-01
-7.045405254554301111e-01 -3.834329642949614869e-01 -5.971614604803002768e-01
-6.926556333091626882e-01 -3.897030054413130884e-01 -6.069264709955323189e-01
-6.749522673188784738e-01 -3.986682126205772780e-01 -6.208889539096499322e-01
-7.600019058461517929e-01 -3.511537304972162654e-01 -5.468895324177501793e-01
-7.692856271939835233e-01 -3.452018552033497834e-01 -5.376200358588999473e-01
-7.678497184440735701e-01 -3.461338716841803054e-01 -5.390715655256511640e-01
-7.811248313620794415e-01 -3.373511904424670305e-01 -5.253933499166251186e-01
-7.940818396859867789e-01 -3.284016048992592918e-01 -5.114551962591735723e-01
-8.748334190735026494e-01 -2.617353356774630990e-01 -4.076286335992247434e-01
-9.144863061441903529e-01 -2.186154174292312957e-01 -3.404733398329407579e-01
-8.807331905840333208e-01 -2.558940666410495224e-01 -3.985313960801267763e-01
-9.464874636376537920e-01 -1.743774788999244429e-01 -2.715768326445894831e-01
-9.844059079050426764e-01 9.504562350546712224e-02 1.480247882420560324e-01
-7.437962452683122283e-01 3.611415312875512762e-01 5.624446105209323088e-01
-6.377033926765328653e-01 4.161851489912311020e-01 6.481699659255946155e-01
-7.041783240866797966e-01 3.836271506248895014e-01 5.974638877705525930e-01
-7.850490169526921358e-01 3.346814269105609085e-01 5.212354395690326214e-01
-8.537723472153789794e-01 2.813065050982718751e-01 4.381089240357222692e-01
-8.475243139418324745e-01 2.867689989714036769e-01 4.466162541896177562e-01
-8.039849224149465678e-01 3.212905944713607687e-01 5.003804536886627963e-01
-7.536219515830491211e-01 3.551450885757969078e-01 5.531057043211955460e-01
-7.468052511668188398e-01 3.593241546841746681e-01 5.596142141602266085e-01
-8.031453940107529110e-01 3.219029708624546182e-01 5.013341734105486447e-01
-9.327928950339811065e-01 1.947318883195445216e-01 3.032769471054943544e-01
-6.899598212157005417e-01 -3.910965636097145648e-01 -6.090968092517567989e-01
-6.488393213897659662e-01 -4.111297732976619823e-01 -6.402966847693973840e-01
-6.678535073987135195e-01 -4.021430872339434304e-01 -6.263007504747135634e-01
-7.032724697316385942e-01 -3.841119383176685997e-01 -5.982188998681043923e-01
-6.504685566146874987e-01 -4.103775304348070696e-01 -6.391251359239706886e-01
-5.509701927575806346e-01 -4.508957400668327509e-01 -7.022285085940741522e-01
-4.885322833724614622e-01 -4.714385185536258960e-01 -7.342219904952802523e-01
-4.216016833369354289e-01 -4.899359363157448910e-01 -7.630300118041731805e-01
-3.803655695021170291e-01 -4.996911421326685199e-01 -7.782228446990485660e-01
-3.764206409051074065e-01 -5.005624585068758625e-01 -7.795798395508571899e-01
-2.984465651615403337e-01 -5.156787549036272456e-01 -8.031220763273310137e-01
-1.766541678971643436e-01 -5.318049622913967323e-01 -8.282371562824302202e-01
-1.179850334758112823e-01 -5.365284960287511895e-01 -8.355936242126540403e-01
-6.097071726119870222e-02 -5.392971032478337534e-01 -8.399054744821884411e-01
4.159098297144687290e-02 -5.398347934744847088e-01 -8.407428773946462597e-01
8.728618630816864510e-02 -5.382401217131775883e-01 -8.382593232752972856e-01
1.351664021496171153e-01 -5.353439042748272536e-01 -8.337487318645304679e-01
1.695197209468917998e-01 -5.324823999833120380e-01 -8.292922029767914038e-01
2.598156061138819917e-01 -5.217473777642451793e-01 -8.125733964484747052e-01
3.176115490028330046e-01 -5.123259469313949932e-01 -7.979003872920918949e-01
2.992445319017549843e-01 -5.155437396486441948e-01 -8.029118025262740321e-01
3.377892796449601942e-01 -5.085442875653515271e-01 -7.920108017834022185e-01
3.192290951993308479e-01 -5.120323785987309639e-01 -7.974431817030869230e-01
2.371663768402922368e-01 -5.248869662896860078e-01 -8.174630158702341776e-01
2.358231319330793552e-01 -5.250636154160996938e-01 -8.177381305842644776e-01
2.506384751217027862e-01 -5.230562660313110568e-01 -8.146118691463132278e-01
2.192975342899341484e-01 -5.271502833341642491e-01 -8.209879233186475611e-01
2.170123477995323513e-01 -5.274262853295319520e-01 -8.214177709582535236e-01
2.282331339335574305e-01 -5.260418424335104870e-01 -8.192616288976461991e-01
2.093106532587332980e-01 -5.283341754770091159e-01 -8.228317260870725569e-01
2.286083708075888621e-01 -5.259942745251657836e-01 -8.191875462697443266e-01
2.074726526105541702e-01 -5.285457697750131079e-01 -8.231612646812768164e-01
7.677462653753588939e-02 -5.387075888097203613e-01 -8.389873601424751026e-01
7.165912355055945038e-02 -5.389132861369807515e-01 -8.393077147488913203e-01
-2.729873679910860967e-02 -5.401009460260821626e-01 -8.411573854344406298e-01
-1.024775588966496120e-01 -5.374577852416333457e-01 -8.370409064112351860e-01
-8.303960580063136920e-02 -5.384362355537735123e-01 -8.385647524855531776e-01
-3.124917731324708403e-01 -5.132442181708156692e-01 -7.993305100136942620e-01
-3.267899080566210035e-01 -5.106380931093258413e-01 -7.952717107115131467e-01
-3.065899855835741983e-01 -5.142822536610720530e-01 -8.009471545046853436e-01
-3.526982471522356888e-01 -5.055809203628983672e-01 -7.873956308113125857e-01
-4.448694161211518838e-01 -4.838922845095444680e-01 -7.536175817960721890e-01
-6.889654705815275726e-01 -3.916079581552847078e-01 -6.098932590673741272e-01
-7.374461981322933957e-01 -3.649233552095256794e-01 -5.683344523102998869e-01
-7.739430404729800150e-01 -3.421492540529560422e-01 -5.328658912469862452e-01
-8.983936874896983893e-01 -2.372959394173932701e-01 -3.695665290778899492e-01
-8.920005289693112571e-01 -2.442352032732545697e-01 -3.803737922104268865e-01
-9.069043667221600158e-01 -2.276490974922698585e-01 -3.545424629451779941e-01
-9.654065359050054695e-01 -1.408834718535507680e-01 -2.194130073409214510e-01
-9.737033289318909324e-01 -1.230915228913847803e-01 -1.917036885905783750e-01
-9.781909715312784304e-01 -1.122248641632524885e-01 -1.747798703461965197e-01
-9.762245984534256849e-01 -1.171167201922746759e-01 -1.823984847136952969e-01
-9.768791838894663737e-01 -1.155123621562908764e-01 -1.798998451153419886e-01
-9.839041474896513817e-01 -9.655041739380758326e-02 -1.503683658677709700e-01
-9.836392905493572814e-01 -9.733504589590544209e-02 -1.515903523579225642e-01
-9.841107058287281717e-01 -9.593389421572069697e-02 -1.494081879077896469e-01
-9.858548815679855082e-01 -9.055529910592369225e-02 -1.410315223360006920e-01
-9.886096360251470649e-01 -8.131682095729565740e-02 -1.266434451032718844e-01
-9.905238429625835561e-01 -7.420559258715728190e-02 -1.155683631078332912e-01
-9.905179923095216443e-01 -7.422838751920202149e-02 -1.156038641110827409e-01
-9.917053672980775669e-01 -6.944611379982240651e-02 -1.081559140791067963e-01
-9.943693632787006242e-01 -5.725565300680323516e-02 -8.917039627295603177e-02
-9.955175967401733716e-01 -5.109990168340263622e-02 -7.958338161083729212e-02
-9.922220442432434506e-01 -6.725714467158207255e-02 -1.047467966497541980e-01
-9.902442796195370933e-01 -7.528694682353666290e-02 -1.172524725486588509e-01
-9.942097179872021462e-01 -5.805933982717575992e-02 -9.042206433520752484e-02
-9.961795754170243988e-01 -4.718374849504908958e-02 -7.348433438436356713e-02
-9.983871439349797372e-01 -3.067428443780048294e-02 -4.777236753169212397e-02
-9.981897975431089920e-01 -3.249516635298776990e-02 -5.060822309208920511e-02
-9.982562777881609506e-01 -3.189341792894015426e-02 -4.967105544817854851e-02
-9.995768911619036245e-01 -1.571563465447312416e-02 -2.447565080873071244e-02
-9.999675965487747620e-01 -4.349546066715593261e-03 -6.774016643045211589e-03
-9.999949061284094665e-01 1.724547902376972293e-03 2.685824224699304152e-03
-9.999762656639625824e-01 -3.722526390799171109e-03 -5.797491356262360861e-03
-9.998910179280285915e-01 7.976594526567305429e-03 1.242280993211593298e-02
-9.997714350566567765e-01 1.155132522338235199e-02 1.799012313289668694e-02
-9.998874338710306287e-01 -8.106688069475172925e-03 -1.262541862076837010e-02
-9.994917424430386221e-01 -1.722417981586452443e-02 -2.682507069607245609e-02
-9.998649757701265628e-01 8.878569788117211467e-03 1.382755317190138312e-02
-9.999584088991975150e-01 -4.927736883671715064e-03 -7.674495487697203730e-03
-9.992138600326871956e-01 -2.141984807415537109e-02 -3.335943685162399974e-02
-9.993635098131986583e-01 -1.927429749289296876e-02 -3.001793980272812051e-02
-9.956871069611586966e-01 -5.012650101971627414e-02 -7.806739989802795321e-02
-9.623059539443682420e-01 -1.469455911045671470e-01 -2.288541986902335179e-01
-9.196077064358260111e-01 -2.122512579909232866e-01 -3.305617487627844353e-01
-9.020103354998463274e-01 -2.332563054980797135e-01 -3.632751720071730750e-01
-8.098265577861278874e-01 -3.169788118312854563e-01 -4.936652500979765712e-01
-6.898124505872047507e-01 -3.911724451024348737e-01 -6.092149876746777437e-01
-7.032371652478387469e-01 -3.841308072684424535e-01 -5.982482865177956022e-01
-7.452817120759702707e-01 -3.602464032621419676e-01 -5.610505312196049088e-01
-7.906575974266001339e-01 -3.308047202882908877e-01 -5.151978267292883773e-01
-8.253480765718055334e-01 -3.050677884398720341e-01 -4.751149302596441304e-01
-8.422550763894112169e-01 -2.912657360201150736e-01 -4.536195072050227539e-01
-8.003072653628570121e-01 -3.239599104470214930e-01 -5.045376670087016180e-01
-6.794940590077949150e-01 -3.964095412310893463e-01 -6.173712816402044945e-01
-5.580251345240360150e-01 -4.483558461435664944e-01 -6.982728581781751931e-01
-5.114917689643099230e-01 -4.642753831710292878e-01 -7.230660681176754867e-01
-5.310361189687973216e-01 -4.578247182218597167e-01 -7.130197526966782773e-01
-5.548250913337172685e-01 -4.495136979026141399e-01 -7.000761054517212756e-01
-5.832096888528921497e-01 -4.388992591946519473e-01 -6.835450966150650176e-01
-5.919713018060083209e-01 -4.354615289809062317e-01 -6.781911490248978547e-01
-6.115337677620407142e-01 -4.274970899055345330e-01 -6.657872700863706195e-01
-9.971795270180920934e-01 -4.055144605507715605e-02 -6.315513533210372066e-02
2.050312135693904136e-01 5.288238183894548028e-01 8.235942997412378785e-01
4.565263740967687167e-02 5.397389730765995708e-01 8.405936459668001959e-01
1.410676591610572350e-01 5.348992597616950562e-01 8.330562390650528837e-01
6.645465377743925428e-01 4.037392121223912778e-01 6.287865677054963465e-01
-2.543264208001771443e-01 -5.225363216977024772e-01 -8.138021038247607031e-01
-3.159672590966944999e-02 -5.400325322811871942e-01 -8.410508373396686777e-01
2.955202280784951716e-02 -5.400663253759039328e-01 -8.411034669664205765e-01
-7.914057430440952362e-03 -5.402853854137837919e-01 -8.414446327615778820e-01
-5.928046575100205384e-01 -4.351304545633413179e-01 -6.776755311695467077e-01
-4.449655766364994380e-01 -4.838664730362449706e-01 -7.535773828081707704e-01
-3.856041694944727372e-01 -4.985176529237217435e-01 -7.763952435402355912e-01
-4.755479207796918795e-01 -4.752984368528569425e-01 -7.402334570710396022e-01
-4.074236500193996191e-01 -4.934252849092760074e-01 -7.684643502577523932e-01
-5.173147100284211097e-01 -4.623881408858095954e-01 -7.201268624043789535e-01
-7.322100391648106443e-01 -3.679884963882963933e-01 -5.731081268592753686e-01
-8.990012596162049174e-01 -2.366232560330865931e-01 -3.685188867789237488e-01
-9.962990505981224043e-01 -4.644149534571954258e-02 -7.232834359594829399e-02
-9.983507400654556552e-01 3.101824580483078173e-02 4.830805562168796752e-02
-7.717150194495685511e-01 -3.436152452099777155e-01 -5.351490371992077000e-01
-2.160320549705145934e-02 -5.401762120199331552e-01 -8.412746052746680192e-01
2.048493444298703503e-01 -5.288443934215310005e-01 -8.236263434551285290e-01
1.549238722414238989e-01 -5.337789179619908397e-01 -8.313114100919396510e-01
1.355279200600260359e-01 -5.353172215257399058e-01 -8.337071759449867780e-01
1.380406329475997451e-01 -5.351297576802281908e-01 -8.334152183038933126e-01
8.654623096268003468e-02 -5.382750027822733596e-01 -8.383136473217515094e-01
1.929383435376834724e-02 -5.402017321886913859e-01 -8.413143505826264912e-01
4.339185713466131578e-02 -5.397934112312888777e-01 -8.406784283694294091e-01
5.975560314393135730e-02 -5.393368058163133805e-01 -8.399673075690274882e-01
2.710112253173403360e-02 -5.401038512767761812e-01 -8.411619100943135141e-01
-7.874907243964558712e-02 -5.386243806512706067e-01 -8.388577711137512605e-01
-3.478254073026991744e-01 -5.065654646498043423e-01 -7.889289676890051117e-01
-5.633684100699692943e-01 -4.464009023215802507e-01 -6.952282135685474707e-01
-7.534770249173676770e-01 -3.552348465477394024e-01 -5.532454940800480836e-01
-8.666298782574195503e-01 -2.695846756151042967e-01 -4.198532562515494559e-01
-9.056807503602570808e-01 -2.290667547365566048e-01 -3.567503332883431577e-01
-9.212322426568217981e-01 -2.101846493300229268e-01 -3.273431964704594521e-01
-9.180738053979733415e-01 -2.141809642955299631e-01 -3.335670882678941629e-01
-9.032205259652041907e-01 -2.318851868534566596e-01 -3.611397812386187289e-01
-8.885136219561463600e-01 -2.479178432207766181e-01 -3.861091641118204465e-01
-8.733564425813735710e-01 -2.631713333359378404e-01 -4.098650674451197462e-01
-8.644105351295028328e-01 -2.716567924471979811e-01 -4.230803870122396559e-01
-8.554126890771245328e-01 -2.798479774848278701e-01 -4.358374018639220027e-01
-8.463180732091686309e-01 -2.878070843731278527e-01 -4.482329764131144922e-01
-8.508997521454363389e-01 -2.838359833298157442e-01 -4.420483529728750915e-01
-8.846017070934572013e-01 -2.519685305565694255e-01 -3.924177358587458420e-01
-8.514141898639747685e-01 -2.833852770585550962e-01 -4.413464195444632976e-01
-7.780436972608599788e-01 -3.394233980287268970e-01 -5.286206220185547533e-01
-7.932740216825836521e-01 -3.289710473464125817e-01 -5.123420503251164826e-01
-8.983182415549360034e-01 -2.373793058760713948e-01 -3.696963646446123630e-01
-9.525554241697180569e-01 1.644492095460375336e-01 2.561144692603915529e-01
-3.314313850834846309e-01 5.097640549163571233e-01 7.939104768781404253e-01
-6.155293612360096533e-01 4.258197869644844702e-01 6.631750255293928920e-01
-8.582195804888912427e-01 -2.773278377124192007e-01 -4.319125167151627309e-01
-9.184981270637676554e-01 -2.136492168972227712e-01 -3.327389407622053930e-01
-8.810050904830621921e-01 2.556206871599404074e-01 3.981056327644853510e-01
-9.173252504489601833e-01 2.151152308299925653e-01 3.350221221855527731e-01
-9.361352065842040160e-01 1.899920452659766279e-01 2.958950789202158260e-01
-8.555872738193793792e-01 2.796921303917841439e-01 4.355946843973507177e-01
-8.852014799444948290e-01 2.513528718576840681e-01 3.914589042453509582e-01
-9.214436595766004601e-01 2.099139350773045476e-01 3.269215840021016950e-01
-9.390378625926512068e-01 1.857633602863860423e-01 2.893092922678692780e-01
-9.445124448101311909e-01 1.774761420334106665e-01 2.764027145447843781e-01
-9.467107897395159455e-01 1.740232122955924221e-01 2.710250950984155471e-01
-9.349026843436630818e-01 1.917555421162761009e-01 2.986415625372768057e-01
-8.910958087913248837e-01 2.451974131679667546e-01 3.818723453331909767e-01
-8.339904273726772566e-01 2.981274181514733113e-01 4.643059439605266014e-01
-8.406724938541906278e-01 2.925973991667532026e-01 4.556934496762352071e-01
-9.811770568156131800e-01 1.043379336795125512e-01 1.624967038870037128e-01
-9.987279939906760218e-01 2.724320824487300868e-02 4.242878296494734247e-02
-9.975556907517059146e-01 3.775411935925813978e-02 5.879855712765180015e-02
-9.956234200651198352e-01 5.049443876713911178e-02 7.864042898805641280e-02
-9.872893312479114059e-01 8.587199881689477898e-02 1.337377142889885351e-01
-9.838186033288693899e-01 9.680455712675330171e-02 1.507641650510023190e-01
-9.834144887118836387e-01 9.799591984853081583e-02 1.526196025567645442e-01
-9.890197846095122314e-01 7.984758809661979262e-02 1.243552504967384703e-01
-9.999751375722284452e-01 3.809964127647397746e-03 5.933667563056133076e-03
-9.978332839766568263e-01 -3.554818573395131243e-02 -5.536301905952296931e-02
-9.900206631999329820e-01 -7.614062791841967603e-02 -1.185820020802215019e-01
-9.779998020468411157e-01 -1.127102043441992191e-01 -1.755357428930883479e-01
-9.857160659314706530e-01 -9.099537398399723531e-02 -1.417168983505389945e-01
-9.914811662220567312e-01 -7.037444695153766139e-02 -1.096017073006413795e-01
-9.920403483671383915e-01 -6.803508263770299824e-02 -1.059583632474932618e-01
-9.913251835593296368e-01 -7.101303284328100429e-02 -1.105962459012981014e-01
-9.923713007141773401e-01 -6.661119233559428809e-02 -1.037407854919279449e-01
-9.954511000394294928e-01 -5.147668349930888815e-02 -8.017018452143918894e-02
-9.956429482694471034e-01 -5.038190678447636295e-02 -7.846517080898669783e-02
-9.950582640057175077e-01 -5.364810458707996305e-02 -8.355197249701240558e-02
-9.993139923780538503e-01 -2.000975606277014679e-02 -3.116334866061848050e-02
-9.942520517991534357e-01 5.784732322933656273e-02 9.009186804797771064e-02
-9.290333727215224213e-01 1.999096571732031369e-01 3.113408443146598037e-01
-7.787505379032853003e-01 3.389498569575465359e-01 5.278831254963570752e-01
-7.161079959103974213e-01 3.771253348056853860e-01 5.873379095894405433e-01
-7.409227465099536003e-01 3.628617686418818544e-01 5.651237214648067164e-01
-7.678661054183958390e-01 3.461232592298010835e-01 5.390550376072233973e-01
-7.319017184003857590e-01 3.681675078281218538e-01 5.733869206584610856e-01
-7.479190989853726768e-01 3.586472095247277836e-01 5.585599345397361803e-01
-7.478157305978175851e-01 3.587101283268049889e-01 5.586579247681172644e-01
-7.479181798342632304e-01 3.586477690853178690e-01 5.585608060037215994e-01
-7.489956981211244313e-01 3.579907242980538973e-01 5.575375193765924609e-01
-7.487458028655114006e-01 3.581432960773827112e-01 5.577751358442835095e-01
-7.419568295540124314e-01 3.622444159683084197e-01 5.641622516421469502e-01
-7.217191463700763920e-01 3.739896978090668234e-01 5.824544443091931312e-01
-7.106789403391053916e-01 3.801115787129721868e-01 5.919887089183526463e-01
-7.412889451177496758e-01 3.626433648995275871e-01 5.647835777893707165e-01
-7.854691959653915534e-01 3.343935040042152473e-01 5.207870262105847026e-01
-7.751693228855155438e-01 3.413378882252360857e-01 5.316022638393742561e-01
-7.362709797875738316e-01 3.656154459871723827e-01 5.694123198335694358e-01
-8.505142622331449687e-01 2.841730698669674426e-01 4.425733341497122830e-01
-8.786877995802143682e-01 2.579386180084536351e-01 4.017155961731757596e-01
-8.854715139018768388e-01 2.510750562668704888e-01 3.910262320981882644e-01
-8.084475494171459165e-01 3.180047711302539937e-01 4.952630870353716963e-01
-8.258238722680564248e-01 3.046916671562312495e-01 4.745291560670948927e-01
-8.301680296720498342e-01 3.012257035326066923e-01 4.691312375462889928e-01
-8.350521332195501856e-01 2.972585644478481504e-01 4.629527844909057666e-01
-8.333482078205276533e-01 2.986512208233239041e-01 4.651217182878615852e-01
-8.348264226318135028e-01 2.974435811586667033e-01 4.632409309455248203e-01
-8.687208894084312849e-01 2.676127827579265483e-01 4.167822150835889805e-01
-8.817808960020039333e-01 2.548385822694125835e-01 3.968875765664869326e-01
-8.803640086627300132e-01 2.562646558938412866e-01 3.991085546450987565e-01
-9.011021321761446545e-01 2.342788101906319587e-01 3.648676287138498120e-01
-9.031297337547438131e-01 2.319883975135390852e-01 3.613005223178978320e-01
-9.080033966523833877e-01 2.263665694173439269e-01 3.525450438142015419e-01
-8.959931465843327114e-01 2.399308990552381782e-01 3.736702355720234459e-01
-8.823955172746088538e-01 2.542167715114279636e-01 3.959191636887281485e-01
-9.049192751380426003e-01 2.299436130931903632e-01 3.581159592663927249e-01
-9.339937684905219584e-01 1.930442300255660604e-01 3.006485750418743663e-01
-9.486629700892295070e-01 1.708915373620145950e-01 2.661478003657533620e-01
-9.815649087195950084e-01 1.032674893544246464e-01 1.608295856262988155e-01
-9.790995210057181763e-01 1.098876175158873120e-01 1.711398243631662153e-01
-9.835403934654606273e-01 9.762635397143612503e-02 1.520440378050083863e-01
-9.968602191065151219e-01 4.278192526708610860e-02 6.662890088656862886e-02
-9.999915070067844081e-01 -2.226800372550165330e-03 -3.468036101474040837e-03
-9.994774904434302609e-01 -1.746393875507031707e-02 -2.719847312004662621e-02
-9.990557120583957174e-01 -2.347477788828568682e-02 -3.655980041777422140e-02
-9.996707881155582065e-01 -1.386289151075524237e-02 -2.159017432490308031e-02
-9.995911831940080816e-01 1.544798353885495912e-02 2.405880889375448459e-02
-9.980074325912471345e-01 -3.409116808827990230e-02 -5.309384852319580517e-02
-9.958934852460307185e-01 -4.891501545167107473e-02 -7.618062291604640879e-02
-9.632000745578289669e-01 -1.452253966499537086e-01 -2.261751545587100676e-01
-9.191827086514110512e-01 -2.127879974166455579e-01 -3.313976708905310709e-01
-9.042899489218334530e-01 -2.306652288182979571e-01 -3.592398091709077534e-01
-7.661203231531439339e-01 -3.472507621380906961e-01 -5.408110193461644899e-01
-6.146494161536381062e-01 -4.261906832715902649e-01 -6.637526623031254625e-01
-5.255670817901175740e-01 -4.596633552925914468e-01 -7.158832602734727102e-01
-4.669959782325557307e-01 -4.777674141382814432e-01 -7.440786613673571193e-01
-3.361101085260038701e-01 -5.088689755856447006e-01 -7.925164734143098633e-01
-1.919814571858187158e-01 -5.302519012348649863e-01 -8.258184069961269635e-01
-1.258160580546360541e-01 -5.360088406161158670e-01 -8.347843088588571270e-01
1.382890625737336898e-01 -5.351110326258766703e-01 -8.333860557596016738e-01
1.391645769703686308e-01 -5.350447682136583172e-01 -8.332828550521430566e-01
1.051247717041053492e-01 -5.373085124404809454e-01 -8.368084277976394203e-01
8.902604852015745529e-02 -5.381569264787218199e-01 -8.381297543745014345e-01
5.161600688609532805e-02 -5.395820858549345012e-01 -8.403493085958795294e-01
-8.932467191648824079e-02 -5.381424807571689728e-01 -8.381072564961669080e-01
-5.196242483674234913e-01 -4.616315331256727328e-01 -7.189485156342080296e-01
-4.925684133238382723e-01 -4.702109009034813325e-01 -7.323100892840224141e-01
-5.552661712163634578e-01 -4.493546772703873593e-01 -6.998284454907118812e-01
-7.489075751337916920e-01 -3.580445403967463247e-01 -5.576213329844068589e-01
-6.930873294912468507e-01 -3.894788776633741900e-01 -6.065774126628605822e-01
-3.643934826312292263e-01 -5.031538613810560001e-01 -7.836157104047983823e-01
-1.740818552040271638e-01 -5.320525301838562315e-01 -8.286227204305230964e-01
6.474033020562024177e-02 -5.391688296085933585e-01 -8.397057001255660014e-01
2.094963191125987223e-01 -5.283126927349318658e-01 -8.227982686986147209e-01
3.444979580500118765e-01 -5.072288169424282733e-01 -7.899620776737050765e-01
4.563387216409897640e-01 -4.807643105381261828e-01 -7.487460509704657596e-01
5.807146738340784875e-01 -4.398639756491534158e-01 -6.850475534734072891e-01
6.378641143487230325e-01 -4.161132417748294454e-01 -6.480579770713121857e-01
6.054659758897028565e-01 -4.300110394595697549e-01 -6.697025145412177638e-01
5.924590618113649843e-01 -4.352678394406855888e-01 -6.778894954387734151e-01
6.028988960096637317e-01 -4.310626883735084736e-01 -6.713403606834109638e-01
5.553630626664155523e-01 -4.493197209405375703e-01 -6.997740042325781840e-01
5.725558305127798064e-01 -4.429753463051826490e-01 -6.898932261673718092e-01
6.626403443014013961e-01 -4.046528007539250682e-01 -6.302093976974039169e-01
6.001211208152247290e-01 -4.321927555612201655e-01 -6.731003360509321132e-01
6.027072841421993177e-01 -4.311409036677262274e-01 -6.714621737868118334e-01
5.672333357512396868e-01 -4.449698151849302841e-01 -6.929994274072746041e-01
5.617725970358061760e-01 -4.469876106311904684e-01 -6.961419576220536642e-01
5.692829877831271368e-01 -4.442050250247682741e-01 -6.918083373040980755e-01
5.395993773785726644e-01 -4.548923523483974773e-01 -7.084528634338337350e-01
5.292034252992225962e-01 -4.584437953470326677e-01 -7.139839081935797083e-01
4.908947884932665651e-01 -4.707215604034399314e-01 -7.331053943339265189e-01
4.139160181146306905e-01 -4.918453323606220007e-01 -7.660037199538903829e-01
3.755824876271215418e-01 -5.007462175657758641e-01 -7.798660273286635025e-01
3.388864014961326943e-01 -5.083311591702659449e-01 -7.916788739745527215e-01
3.436571884287882850e-01 -5.073952853559979825e-01 -7.902213368669094296e-01
3.651311056967285751e-01 -5.029977319972979144e-01 -7.833725532964880278e-01
3.425964039027266095e-01 -5.076046577557936645e-01 -7.905474150596808469e-01
2.767693569137997800e-01 -5.191961409692896767e-01 -8.086000805565872751e-01
2.795534464609676362e-01 -5.187605243086398366e-01 -8.079216478043028671e-01
3.422918372799532705e-01 -5.076646360911377664e-01 -7.906408257824576458e-01
3.750080368875544634e-01 -5.008718863306865776e-01 -7.800617448338832416e-01
3.711409407782795267e-01 -5.017120490652567932e-01 -7.813702207666701760e-01
3.642205128583858587e-01 -5.031904204210401188e-01 -7.836726477360757004e-01
3.865216510525822935e-01 -4.983101907609788217e-01 -7.760721403654062822e-01
4.098414559539030333e-01 -4.928404084912880734e-01 -7.675534592064094941e-01
4.447590708072546306e-01 -4.839218949069969966e-01 -7.536636972577948068e-01
4.586824180648633731e-01 -4.801127747283279734e-01 -7.477313440673968303e-01
5.012412267666649379e-01 -4.675276884343625428e-01 -7.281312334577265677e-01
4.893058756845632407e-01 -4.712042545150780803e-01 -7.338571458720370977e-01
4.893058756845632407e-01 -4.712042545150780803e-01 -7.338571458720370977e-01
4.725512812379022987e-01 -4.761701377242053557e-01 -7.415910507416659803e-01
4.530857839566114764e-01 -4.816616333666959848e-01 -7.501435484751896032e-01
4.159677623204336983e-01 -4.913397652108040803e-01 -7.652163457694322046e-01
3.857550971530599448e-01 -4.984835647692530403e-01 -7.763421543851468654e-01
3.757184578520965657e-01 -5.007164394897944959e-01 -7.798196507231048846e-01
3.492884289839154333e-01 -5.062715044310270862e-01 -7.884711517735401021e-01
3.590534216947086632e-01 -5.042733323814425628e-01 -7.853591831883274255e-01
3.643187808855971599e-01 -5.031696528616201869e-01 -7.836403041786128565e-01
3.512652248295259350e-01 -5.058720798966274135e-01 -7.878490849182493427e-01
3.407572561015115298e-01 -5.079659225887775964e-01 -7.911100517012162880e-01
3.412461274316602178e-01 -5.078701081131101747e-01 -7.909608294966780084e-01
3.225087153577904098e-01 -5.114320596382262440e-01 -7.965082403167400571e-01
2.669383274912081050e-01 -5.206966877025906992e-01 -8.109370436302359986e-01
2.133151515270819698e-01 -5.278664065592479915e-01 -8.221032191611979956e-01
1.807309393734163605e-01 -5.314049185718960899e-01 -8.276141251034802027e-01
1.336285763144995364e-01 -5.354565963510204973e-01 -8.339242393745011084e-01
9.191940676899668095e-02 -5.380149089634405080e-01 -8.379085751991661724e-01
9.544381089819560515e-02 -5.378357280698407017e-01 -8.376295174913632735e-01
1.036014860063919213e-01 -5.373948785733170252e-01 -8.369429350800670075e-01
1.057523431231207900e-01 -5.372725601086978386e-01 -8.367524353584012697e-01
1.271764709648341707e-01 -5.359151085675216697e-01 -8.346383298423286634e-01
1.674005078802355828e-01 -5.326780862306172981e-01 -8.295969662499533825e-01
2.076170293993078730e-01 -5.285292194258427445e-01 -8.231354890396332946e-01
2.433996562114208451e-01 -5.240532994095510322e-01 -8.161646566313230933e-01
2.933440850680795187e-01 -5.165327480118999670e-01 -8.044520917909570024e-01
2.748609993234188975e-01 -5.194920078680748121e-01 -8.090608659502248612e-01
2.606145982336859346e-01 -5.216310356947987392e-01 -8.123922044108166096e-01
2.432222106321411115e-01 -5.240773494065287252e-01 -8.162021122823940322e-01
2.129273587086963349e-01 -5.279121108889454073e-01 -8.221743994373188480e-01
2.111635102595454117e-01 -5.281188949983601777e-01 -8.224964466066573276e-01
2.168359877667885294e-01 -5.274474597369541717e-01 -8.214507481439379255e-01
2.183647294405706984e-01 -5.272633130256315637e-01 -8.211639566332543660e-01
2.798392216150549228e-01 -5.187155425125524744e-01 -8.078515928076074326e-01
4.104514943601821342e-01 -4.926921809827290444e-01 -7.673226085395731255e-01
4.249579180014697588e-01 -4.890887286689472591e-01 -7.617105640706638425e-01
3.933918805141285446e-01 -4.967382103358843892e-01 -7.736239259083579345e-01
5.284021746973046607e-01 -4.587135207916940849e-01 -7.144039806846314011e-01
6.459139673055833697e-01 -4.124722961165094293e-01 -6.423875401779959304e-01
6.544231495345536054e-01 -4.085379838161268817e-01 -6.362602118101754467e-01
6.074525517531166319e-01 -4.291923589702213437e-01 -6.684274952230823130e-01
5.672026408103471029e-01 -4.449812375046758306e-01 -6.930172166162797964e-01
5.863251760480734376e-01 -4.376858180613499294e-01 -6.816552740206464067e-01
6.114670898454028780e-01 -4.275249322065619029e-01 -6.658306319010628416e-01
5.100585099280194878e-01 -4.647354673409921366e-01 -7.237826067579670175e-01
4.656661960675405054e-01 -4.781461704475837293e-01 -7.446685393692263899e-01
4.746708087172803459e-01 -4.755543184440952920e-01 -7.406319690378311282e-01
4.608181658631659294e-01 -4.795153645131611242e-01 -7.468009327835082312e-01
3.536671537469593951e-01 -5.053832920376499782e-01 -7.870878429309603463e-01
2.162484473835839804e-01 -5.275178715864377033e-01 -8.215604081022306326e-01
8.106124526597424662e-02 -5.385242370693125169e-01 -8.387018067256351017e-01
-3.431902937669566861e-02 -5.399840292371366202e-01 -8.409752983241950419e-01
-2.337793188733519045e-01 -5.253303583632301654e-01 -8.181535581106225141e-01
-2.064911473765386474e-01 -5.286579638542098225e-01 -8.233359966068783953e-01
-2.541514815796696025e-01 -5.225611688206005523e-01 -8.138408009258976117e-01
-3.219666017375459321e-01 -5.115317630396185589e-01 -7.966635191642429392e-01
-3.596539735021788142e-01 -5.041483830189171789e-01 -7.851645860859397530e-01
-3.267514085911705224e-01 -5.106452851995438857e-01 -7.952829117283750637e-01
-3.257320122839738596e-01 -5.108353737815722884e-01 -7.955789571543948613e-01
-3.642503066520758059e-01 -5.031841246059431949e-01 -7.836628425850107327e-01
-3.916232436197079614e-01 -4.971460172152142865e-01 -7.742590474923937149e-01
-3.347556210927852272e-01 -5.091295531850099643e-01 -7.929222989804333155e-01
-2.592820455071725982e-01 -5.218248567537973059e-01 -8.126940628253016552e-01
-2.723733937514422609e-01 -5.198743568067941689e-01 -8.096563391408999610e-01
-2.790361759266110075e-01 -5.188418173369158115e-01 -8.080482541945004371e-01
-2.237417647256975117e-01 -5.266048109411771705e-01 -8.201384004002236772e-01
-1.687864428716045473e-01 -5.325503969079277145e-01 -8.293981019124406773e-01
-1.612692881576139603e-01 -5.332299864491326646e-01 -8.304564999135080061e-01
-1.478590099159829141e-01 -5.343635457890903995e-01 -8.322219139859128312e-01
-1.279337498287628494e-01 -5.358624883472956624e-01 -8.345563787048756454e-01
-1.087868395680644668e-01 -5.370956658485940283e-01 -8.364769388712683940e-01
-8.976445043520585310e-02 -5.381211179554076240e-01 -8.380739859036836492e-01
-5.570262494002303777e-02 -5.394634344042206209e-01 -8.401645199099961880e-01
-2.448598454423969121e-03 -5.403006861381686177e-01 -8.414684622279274828e-01
1.932244040501089610e-02 -5.402014337081100237e-01 -8.413138857266634352e-01
-1.514942980559481900e-02 -5.402403012096220758e-01 -8.413744182737564747e-01
-5.455569469317630288e-02 -5.394976493799918948e-01 -8.402178065775612881e-01
-1.058351857057890921e-01 -5.372677980515095930e-01 -8.367450188937508582e-01
-1.227823605220959985e-01 -5.362141738074750474e-01 -8.351040963572078368e-01
-1.139523706473967307e-01 -5.367828922223157884e-01 -8.359898228096344086e-01
-5.835706402401871773e-02 -5.393815088179473305e-01 -8.400369283690872768e-01
-4.346901277259246354e-02 -5.397915990208113080e-01 -8.406756060188328439e-01
-5.197517517770931100e-02 -5.395720209204586393e-01 -8.403336333891786580e-01
-4.709083121425401697e-02 -5.397029006690595709e-01 -8.405374665206506446e-01
-4.871823509242936140e-02 -5.396607302597850042e-01 -8.404717899994945673e-01
-1.361800109182515206e-01 -5.352689086980988442e-01 -8.336319331740184024e-01
-1.532756189235602029e-01 -5.339178113608457066e-01 -8.315277237442199043e-01
-1.403856975279108577e-01 -5.349516338845835550e-01 -8.331378069286116128e-01
-1.313987629679078950e-01 -5.356176658269993229e-01 -8.341750902205966600e-01
-1.426640760759735616e-01 -5.347756433677794963e-01 -8.328637179382749611e-01
-2.116000370833555910e-01 -5.280678866357263468e-01 -8.224170057886693863e-01
-8.669283266831682155e-01 -2.693044021512737696e-01 -4.194167561939640132e-01
-3.214778631075809190e-01 5.116214895317198197e-01 7.968032598961476420e-01
-5.058938694772643352e-01 4.660624617665734548e-01 7.258492781269414440e-01
-7.756852948658199409e-01 -3.409955351744732854e-01 -5.310690805535570602e-01
-8.470856804684102626e-01 2.871470903515614403e-01 4.472050966257008486e-01
-8.609572470650400655e-01 2.748395304491293434e-01 4.280372077620002158e-01
-8.391568786719397766e-01 2.938647235532690916e-01 4.576671904654385226e-01
-7.185847423623359376e-01 3.757475148967101553e-01 5.851920822200192829e-01
-7.101004535061626877e-01 3.804270591890270836e-01 5.924800406487382709e-01
-6.776790076950931496e-01 3.973155401463658865e-01 6.187822913493850052e-01
-6.752070730799403231e-01 3.985422345568862545e-01 6.206927547001205303e-01
-6.916339167218465978e-01 3.902323913726984950e-01 6.077509407343956171e-01
-7.212676474245419689e-01 3.742438861002485573e-01 5.828503191173964870e-01
-8.281962667955243829e-01 3.028060361611554785e-01 4.715924597895150838e-01
-9.608675857907934548e-01 1.496681104061357293e-01 2.330942712810184780e-01
-7.471533954839157943e-01 -3.591128141227635240e-01 -5.592850707373518970e-01
-6.271915991639990251e-01 -4.208225588290021024e-01 -6.553923038293297809e-01
-6.365762823066070109e-01 -4.166885634543466832e-01 -6.489539874991537838e-01
-5.658417008352452093e-01 -4.454867608342032992e-01 -6.938045225546791706e-01
-5.979435516716471444e-01 -4.330729454381908594e-01 -6.744711505644893634e-01
-6.504116199522088637e-01 -4.104038740537180319e-01 -6.391661636795579193e-01
-7.326606476476248409e-01 -3.677265800214007396e-01 -5.727002162862585566e-01
-6.739222937772437749e-01 -3.991765509715041738e-01 -6.216806439841217058e-01
-6.725260353157815896e-01 -3.998633990035110330e-01 -6.227503464148334000e-01
-6.986849046148060349e-01 -3.865482215987037784e-01 -6.020131862694361180e-01
-6.432624461786861092e-01 -4.136801680290484451e-01 -6.442686892249779307e-01
-5.582282336616795071e-01 -4.482820340674028015e-01 -6.981579026805850852e-01
-5.028600295196352654e-01 -4.670199457855704894e-01 -7.273404711343610662e-01
-5.804756299581441681e-01 -4.399560758991714615e-01 -6.851909911142279874e-01
-6.222082763297979158e-01 -4.229766051218505352e-01 -6.587470321650762406e-01
-5.749459656663354901e-01 -4.420706900008848916e-01 -6.884843074509007232e-01
-4.907829122238592801e-01 -4.707556146086262494e-01 -7.331584306161404996e-01
-4.932243291371892213e-01 -4.700101408079938592e-01 -7.319974239605078203e-01
-4.659461120002812984e-01 -4.780665578199110310e-01 -7.445445500479087597e-01
-4.654248026423493667e-01 -4.782147775967345305e-01 -7.447753886732804141e-01
-5.053580411519662530e-01 -4.662321319382211615e-01 -7.261135237629090522e-01
-5.290924863556019098e-01 -4.584811746317710712e-01 -7.140421229803732839e-01
-5.620244648674664889e-01 -4.468951719660569921e-01 -6.959979929309180191e-01
-5.458115926402933304e-01 -4.527235886775352602e-01 -7.050752141398818340e-01
-4.825129697246972049e-01 -4.732447519203318853e-01 -7.370350322931176201e-01
-4.737552436364531605e-01 -4.758207677316771966e-01 -7.410469392165399682e-01
-4.838033252699021625e-01 -4.728600156712144953e-01 -7.364358410867875016e-01
-5.478546613339034810e-01 -4.520026069507778743e-01 -7.039523516292950367e-01
-6.759497580001770922e-01 -3.981745460587299834e-01 -6.201201137928251672e-01
-7.509080801532436178e-01 -3.568192815379461758e-01 -5.557131053730096637e-01
-7.867900525278183066e-01 -3.334857765149484843e-01 -5.193733244069190791e-01
-8.068459432486488891e-01 -3.191900174162607406e-01 -4.971089987568171331e-01
-7.660851756912661070e-01 -3.472733980121623376e-01 -5.408462726312979196e-01
-4.610670283710632256e-01 -4.794455237363967615e-01 -7.466921622182794982e-01
-2.861256313177569788e-01 -5.177134074666136510e-01 -8.062908599459149839e-01
-1.597429122464165407e-02 -5.402333648442658731e-01 -8.413636155247697923e-01
3.024512583356889772e-01 -5.149971677603553122e-01 -8.020605672453738899e-01
