6.805629730224609375e+00
1.389800930023193359e+01
2.083237457275390625e+01
2.903317832946777344e+01
1.332052707672119141e+01
5.688743591308593750e+00
3.556085586547851562e+00
2.198729324340820312e+01
3.164377975463867188e+01
2.888392066955566406e+01
3.361455154418945312e+01
1.901096725463867188e+01
3.205016708374023438e+01
2.891522789001464844e+01
3.368902969360351562e+01
2.715200614929199219e+01
3.134440422058105469e+01
6.572073459625244141e+00
3.329931640625000000e+01
3.196327590942382812e+01
2.990517234802246094e+01
2.847868156433105469e+01
3.132695960998535156e+01
3.361982727050781250e+01
3.274710845947265625e+01
2.715812301635742188e+01
3.175314140319824219e+01
3.444472503662109375e+01
3.255604553222656250e+01
2.682688903808593750e+01
3.561824417114257812e+01
3.322653961181640625e+01
3.120312690734863281e+01
2.507563209533691406e+01
3.389044570922851562e+01
3.127663421630859375e+01
2.961547279357910156e+01
3.133836364746093750e+01
1.925081062316894531e+01
2.651634979248046875e+01
3.206987380981445312e+01
2.173822975158691406e+01
2.414739608764648438e+01
2.556209373474121094e+01
3.326171875000000000e+01
2.167852210998535156e+01
3.417400741577148438e+01
2.228764724731445312e+01
3.096180438995361328e+00
2.236625671386718750e+00
2.241773605346679688e+01
2.240694236755371094e+01
1.236413860321044922e+01
2.623998451232910156e+01
1.392134475708007812e+01
2.977947235107421875e+01
1.622726440429687500e+01
3.067435646057128906e+01
3.250609970092773438e+01
2.841768455505371094e+01
3.071400451660156250e+01
3.264513778686523438e+01
3.195304489135742188e+01
2.799068450927734375e+01
3.457562637329101562e+01
3.170847511291503906e+01
2.804467582702636719e+01
3.579830169677734375e+01
3.163334846496582031e+01
2.913596534729003906e+01
3.682828521728515625e+01
2.979570007324218750e+01
2.645994567871093750e+01
2.715024375915527344e+01
2.354570198059082031e+01
2.481301116943359375e+01
2.666013717651367188e+01
1.452399826049804688e+01
2.232905769348144531e+01
1.706817626953125000e+01
1.782855224609375000e+01
2.728028106689453125e+01
2.734644508361816406e+01
2.708641815185546875e+01
2.480552291870117188e+01
2.927536010742187500e+01
3.664968490600585938e+01
2.248829460144042969e+01
2.820146369934082031e+01
3.543440628051757812e+01
2.361185264587402344e+01
3.243315887451171875e+01
2.157563400268554688e+01
1.276645278930664062e+01
2.615726852416992188e+01
