2.500000000000000000e-01 2.500000000000000000e-01 2.500000000000000000e-01 2.500000000000000000e-01 2.500000000000000000e-01 2.500000000000000000e-01 2.500000000000000000e-01 2.500000000000000000e-01 2.500000000000000000e-01 2.500000000000000000e-01 2.500000000000000000e-01 2.500000000000000000e-01 2.500000000000000000e-01 2.500000000000000000e-01 2.500000000000000000e-01
2.500000000000000000e-01 2.500000000000000000e-01 2.500000000000000000e-01 2.500000000000000000e-01 2.500000000000000000e-01 1.616800417184480532e+00 2.500000000000000000e-01 3.989862346530843151e+00 2.500000000000000000e-01 2.500000000000000000e-01 2.500000000000000000e-01 2.500000000000000000e-01 2.500000000000000000e-01 2.500000000000000000e-01 1.252077328781985299e+00
2.500000000000000000e-01 2.500000000000000000e-01 2.500000000000000000e-01 3.517352112452770463e+00 2.500000000000000000e-01 2.399038081421572599e+00 2.358062027714127318e+00 3.210941239790455981e+00 2.461918943295142270e+00 2.500000000000000000e-01 2.500000000000000000e-01 2.500000000000000000e-01 2.500000000000000000e-01 2.500000000000000000e-01 1.659668192830548117e+00
2.500000000000000000e-01 2.500000000000000000e-01 2.500000000000000000e-01 6.990070742010889404e+00 5.071211159931079848e+00 3.529185780060895006e+00 3.277399290374667817e+00 3.264719571610633420e+00 2.813137434468188314e+00 2.169114904493203433e+00 2.500000000000000000e-01 2.500000000000000000e-01 2.500000000000000000e-01 2.500000000000000000e-01 2.363807607586087656e+00
2.500000000000000000e-01 9.510880474541210106e+00 8.544113004823753243e+00 8.695241831897799756e+00 9.551671271002881269e+00 4.377231786213905629e+00 4.097296681925775452e+00 3.150921455493769230e+00 2.500000000000000000e-01 4.232255679055819897e+00 8.022610307079649505e-01 2.500000000000000000e-01 2.500000000000000000e-01 2.500000000000000000e-01 4.207692779018190166e+00
1.734566984841145798e+00 4.228275752679019561e+00 6.635976389790553931e+00 6.610553283473567632e+00 4.773693912601330247e+00 3.276885882924953641e-01 2.556471536601542471e+00 3.016515376716469188e+00 3.932613232107758705e+00 6.406202350601223117e+00 4.011320390463727570e+00 2.500000000000000000e-01 2.500000000000000000e-01 2.500000000000000000e-01 4.191670366526262015e+00
2.148619295632178350e+00 6.035393657931102496e+00 6.315004709727592314e+00 9.817556092483673780e+00 2.500000000000000000e-01 2.824293494539020788e+00 3.154905186362328973e+00 4.705317286452634917e+00 7.314301830054584563e+00 2.500000000000000000e-01 2.500000000000000000e-01 2.500000000000000000e-01 1.250000000000000000e-01 2.500000000000000000e-01 3.591710356072589594e+00
6.269887124996994743e+00 7.001017069365464529e+00 6.060701404437955908e+00 1.046959971144583967e+01 4.490169247866060864e+00 2.500000000000000000e-01 2.500000000000000000e-01 3.539049015498633377e+00 6.210347842161669796e+00 2.500000000000000000e-01 2.500000000000000000e-01 2.500000000000000000e-01 1.250000000000000000e-01 2.500000000000000000e-01 4.222373909081002630e+00
6.478973279545912511e+00 4.914866964720763676e+00 5.099211349049620701e+00 3.746168036218452624e+00 5.799459630230693996e+00 2.539591406121074257e+00 2.500000000000000000e-01 2.500000000000000000e-01 3.793243021609273402e+00 4.152248770189319593e+00 3.915800228434613839e+00 7.077940154656758409e+00 2.500000000000000000e-01 2.500000000000000000e-01 3.396861159740514946e+00
5.580592587300047036e+00 4.524432325189714277e+00 6.471946494978379150e+00 5.730766007470593060e+00 7.448448277398553863e+00 2.500000000000000000e-01 5.679920235376000548e+00 2.849207400843794424e+00 5.415416491509911445e+00 4.909937104437735123e+00 5.817390277704985735e+00 5.595726098284410810e+00 1.250000000000000000e-01 2.500000000000000000e-01 2.500000000000000000e-01
4.973630887712693571e+00 5.811532198461252463e+00 7.058507148237028517e+00 8.893521910956048160e+00 9.739987942950243394e+00 3.687782895220756085e+00 3.540810862087090172e+00 4.225735482803346876e+00 2.218597961701660903e+00 2.500000000000000000e-01 2.741659135445548401e+00 2.500000000000000000e-01 8.333333333333332871e-02 2.500000000000000000e-01 2.500000000000000000e-01
5.935347020312637056e+00 8.670606829418760597e+00 7.090162708886608378e+00 1.032549006347978882e+01 4.404276596327147075e+00 2.500000000000000000e-01 2.703486540417801898e+00 2.867705195528639894e+00 2.283739025685359803e+00 1.250000000000000000e-01 2.500000000000000000e-01 2.500000000000000000e-01 2.500000000000000000e-01 2.500000000000000000e-01 2.239844144427965755e+00
4.633813228886380919e+00 8.337240151075301142e+00 7.053725735812040654e+00 1.376349449047599371e+00 8.333333333333332871e-02 8.333333333333332871e-02 3.713902717124476283e+00 3.407854341016690380e+00 2.500000000000000000e-01 2.500000000000000000e-01 2.500000000000000000e-01 2.500000000000000000e-01 2.500000000000000000e-01 2.500000000000000000e-01 1.122547107774531927e+00
5.670152970437637663e+00 8.545030097407138925e+00 5.622563872882936131e+00 3.479743109195827522e+00 1.884565170501622422e+00 6.057301274435086924e+00 2.500000000000000000e-01 2.500000000000000000e-01 2.500000000000000000e-01 2.500000000000000000e-01 2.500000000000000000e-01 2.500000000000000000e-01 2.500000000000000000e-01 2.500000000000000000e-01 2.500000000000000000e-01
5.891012706810101029e+00 6.944148657904684718e+00 2.084892078785124170e+00 3.164867549330627305e+00 2.500000000000000000e-01 4.386418760168782960e+00 4.583210564289400324e+00 2.500000000000000000e-01 2.500000000000000000e-01 2.500000000000000000e-01 2.500000000000000000e-01 2.500000000000000000e-01 2.500000000000000000e-01 2.500000000000000000e-01 6.806661874907351528e-01
5.918022048091979848e+00 7.422412949457432241e+00 4.959611742636764298e+00 3.099161469252882828e+00 1.314057353394119998e+00 5.426007868250151134e+00 8.699677525361646957e+00 2.500000000000000000e-01 2.500000000000000000e-01 2.500000000000000000e-01 2.500000000000000000e-01 2.500000000000000000e-01 2.500000000000000000e-01 2.500000000000000000e-01 2.500000000000000000e-01
5.852604007515975759e+00 6.594580929204252762e+00 3.737552108891764036e+00 3.262434479550391675e+00 2.082309797025676978e+00 2.500000000000000000e-01 2.500000000000000000e-01 2.500000000000000000e-01 2.500000000000000000e-01 2.500000000000000000e-01 2.500000000000000000e-01 2.500000000000000000e-01 2.500000000000000000e-01 2.500000000000000000e-01 2.610305921593121692e+00
4.821016165413680277e+00 4.329333961889926918e+00 6.762202188688891669e-01 5.000000000000000278e-02 2.500000000000000000e-01 2.500000000000000000e-01 2.500000000000000000e-01 2.500000000000000000e-01 2.500000000000000000e-01 2.500000000000000000e-01 2.500000000000000000e-01 2.500000000000000000e-01 2.500000000000000000e-01 2.500000000000000000e-01 1.250000000000000000e-01
1.785714285714285615e-02 2.272727272727272790e-02 2.083333333333333218e-02 1.470588235294117627e-02 2.500000000000000000e-01 2.500000000000000000e-01 2.500000000000000000e-01 2.500000000000000000e-01 2.500000000000000000e-01 2.500000000000000000e-01 2.500000000000000000e-01 2.500000000000000000e-01 2.500000000000000000e-01 2.500000000000000000e-01 8.333333333333332871e-02
6.250000000000000000e-02 2.500000000000000000e-01 2.500000000000000000e-01 1.250000000000000000e-01 2.500000000000000000e-01 2.500000000000000000e-01 2.500000000000000000e-01 2.500000000000000000e-01 2.500000000000000000e-01 2.500000000000000000e-01 2.500000000000000000e-01 2.500000000000000000e-01 2.500000000000000000e-01 2.500000000000000000e-01 8.333333333333332871e-02
2.500000000000000000e-01 2.500000000000000000e-01 2.500000000000000000e-01 2.500000000000000000e-01 2.500000000000000000e-01 2.500000000000000000e-01 2.500000000000000000e-01 2.500000000000000000e-01 2.500000000000000000e-01 2.500000000000000000e-01 2.500000000000000000e-01 2.500000000000000000e-01 2.500000000000000000e-01 2.500000000000000000e-01 2.500000000000000000e-01
2.500000000000000000e-01 2.500000000000000000e-01 2.500000000000000000e-01 2.500000000000000000e-01 2.500000000000000000e-01 2.500000000000000000e-01 2.500000000000000000e-01 2.500000000000000000e-01 2.500000000000000000e-01 2.500000000000000000e-01 2.500000000000000000e-01 2.500000000000000000e-01 2.500000000000000000e-01 2.500000000000000000e-01 1.250000000000000000e-01
2.500000000000000000e-01 2.500000000000000000e-01 2.500000000000000000e-01 2.500000000000000000e-01 2.500000000000000000e-01 2.500000000000000000e-01 2.500000000000000000e-01 2.500000000000000000e-01 2.500000000000000000e-01 2.500000000000000000e-01 2.500000000000000000e-01 2.500000000000000000e-01 2.500000000000000000e-01 2.500000000000000000e-01 8.333333333333332871e-02
2.500000000000000000e-01 2.500000000000000000e-01 2.500000000000000000e-01 2.500000000000000000e-01 2.500000000000000000e-01 2.500000000000000000e-01 2.500000000000000000e-01 2.500000000000000000e-01 2.500000000000000000e-01 2.500000000000000000e-01 2.500000000000000000e-01 2.500000000000000000e-01 2.500000000000000000e-01 2.500000000000000000e-01 1.558107063205687925e+00
2.500000000000000000e-01 2.500000000000000000e-01 2.500000000000000000e-01 2.500000000000000000e-01 2.500000000000000000e-01 2.500000000000000000e-01 2.500000000000000000e-01 2.500000000000000000e-01 2.500000000000000000e-01 2.500000000000000000e-01 2.500000000000000000e-01 2.500000000000000000e-01 2.500000000000000000e-01 2.500000000000000000e-01 2.361150050280027113e+00
2.500000000000000000e-01 2.500000000000000000e-01 2.500000000000000000e-01 2.500000000000000000e-01 2.500000000000000000e-01 2.500000000000000000e-01 2.500000000000000000e-01 2.500000000000000000e-01 2.500000000000000000e-01 2.500000000000000000e-01 2.500000000000000000e-01 2.500000000000000000e-01 2.500000000000000000e-01 2.500000000000000000e-01 2.383176014451227953e+00
2.500000000000000000e-01 2.500000000000000000e-01 2.500000000000000000e-01 1.250000000000000000e-01 2.500000000000000000e-01 1.250000000000000000e-01 2.500000000000000000e-01 2.500000000000000000e-01 2.500000000000000000e-01 2.500000000000000000e-01 2.500000000000000000e-01 2.500000000000000000e-01 2.500000000000000000e-01 2.500000000000000000e-01 2.500000000000000000e-01
2.500000000000000000e-01 2.500000000000000000e-01 2.500000000000000000e-01 2.500000000000000000e-01 2.500000000000000000e-01 2.500000000000000000e-01 2.500000000000000000e-01 2.500000000000000000e-01 2.500000000000000000e-01 2.500000000000000000e-01 2.500000000000000000e-01 2.500000000000000000e-01 2.500000000000000000e-01 2.500000000000000000e-01 2.500000000000000000e-01
2.681549449887673742e+00 2.500000000000000000e-01 2.500000000000000000e-01 2.500000000000000000e-01 2.500000000000000000e-01 2.531023955690370641e+00 1.250000000000000000e-01 2.500000000000000000e-01 2.500000000000000000e-01 2.500000000000000000e-01 2.500000000000000000e-01 2.500000000000000000e-01 2.500000000000000000e-01 2.500000000000000000e-01 2.500000000000000000e-01
2.500000000000000000e-01 2.500000000000000000e-01 2.500000000000000000e-01 2.500000000000000000e-01 2.500000000000000000e-01 2.500000000000000000e-01 3.176104909288001377e+00 2.500000000000000000e-01 2.500000000000000000e-01 2.500000000000000000e-01 2.500000000000000000e-01 2.500000000000000000e-01 2.500000000000000000e-01 2.500000000000000000e-01 2.312694144181471234e+00
