-9.755307309071220567e-01 1.187925525786333453e-01 1.850084390174371596e-01
-9.624875134367257834e-01 1.465980516954508428e-01 2.283129381298537874e-01
-9.518508559660008306e-01 1.656358806826917218e-01 2.579626000552417420e-01
-9.630932843589130599e-01 1.454320041483349035e-01 2.264969266726605257e-01
-9.565862807151760405e-01 1.574707224165802499e-01 2.452461194985699477e-01
-9.637681478746182862e-01 1.441209759373126009e-01 2.244551212095739212e-01
-9.727740229653949466e-01 -1.252181341670703940e-01 -1.950156894186693413e-01
-5.576973813559529258e-01 -4.484748788365661154e-01 -6.984582406137392896e-01
-6.859266981682705655e-01 -3.931621263462202198e-01 -6.123137326133499814e-01
-7.311596327904390513e-01 -3.685976985919388604e-01 -5.740569030771048853e-01
-7.010035072276077361e-01 -3.853208171044351649e-01 -6.001016170287859497e-01
-6.201607286771905203e-01 -4.238535291375191139e-01 -6.601127604010138539e-01
-6.344418683918254809e-01 -4.176377860732791159e-01 -6.504323141382963858e-01
-7.509601574981648042e-01 -3.567872855539456212e-01 -5.556632745803692375e-01
-9.532898395794027202e-01 -1.632021387744408969e-01 -2.541722716075155430e-01
-9.841110423588114164e-01 9.593288642171060587e-02 1.494066183616134802e-01
-9.466893962887443781e-01 1.740571839998607817e-01 2.710780028930627750e-01
-9.768688924857127365e-01 -1.155377666536903242e-01 -1.799394102758328784e-01
-7.434549958018501492e-01 -3.613465999250817240e-01 -5.627639860011067752e-01
-7.232759276511162572e-01 -3.731106982790557414e-01 -5.810854836511858412e-01
-7.656545750067186296e-01 -3.475505120880048593e-01 -5.412778522336256781e-01
-7.941272112245782999e-01 -3.283695753572868914e-01 -5.114053132030884630e-01
-8.201241771083797039e-01 -3.091531864466023904e-01 -4.814775606736156899e-01
-8.340026341195981852e-01 -2.981174493449168517e-01 -4.642904184641899468e-01
-8.442977540981270179e-01 -2.895341386106278225e-01 -4.509227040234949357e-01
-8.514902129928312302e-01 -2.833185881706401510e-01 -4.412425577552759881e-01
-8.331483037196441011e-01 -2.988139956074199466e-01 -4.653752249939918095e-01
-8.152264255051527853e-01 -3.129119534723194818e-01 -4.873314934746456051e-01
-8.087446120409784722e-01 -3.177841890136130498e-01 -4.949195507429944296e-01
-8.009557848099519983e-01 -3.234916882263023652e-01 -5.038084541052986198e-01
-7.922552570511049996e-01 -3.296869628863654533e-01 -5.134570227172395862e-01
-7.957761051242799866e-01 -3.272021830360291594e-01 -5.095872073842590000e-01
-8.151128977401854714e-01 -3.129982794850160177e-01 -4.874659382736579172e-01
-8.019693912663615754e-01 -3.227577557967301058e-01 -5.026654220701078923e-01
-8.033650630798883086e-01 -3.217429122260271335e-01 -5.010848968537787718e-01
-8.003166866699706894e-01 -3.239531159485866674e-01 -5.045270852043540755e-01
-8.035468672302886750e-01 -3.216103499344000194e-01 -5.008784433168007588e-01
-7.936132146007109922e-01 -3.287321361290339028e-01 -5.119699681496642230e-01
-7.845115673061819894e-01 -3.350491233271513658e-01 -5.218080928085584436e-01
-7.918252893422290661e-01 -3.299883720813363563e-01 -5.139264397257691241e-01
-8.010273413134038067e-01 -3.234399606306711528e-01 -5.037278931482845890e-01
-8.256210022527432635e-01 -3.048521212032773708e-01 -4.747790484394166510e-01
-8.704313286818509132e-01 -2.659853442033855431e-01 -4.142476297073455771e-01
-9.333991648897754789e-01 -1.938819690577655297e-01 -3.019532762818667448e-01
-9.998309725205161147e-01 -9.933724788836710909e-03 -1.547085972073017866e-02
-8.976630444776100282e-01 2.381017664753380392e-01 3.708215303626690718e-01
-7.600441282670098442e-01 3.511270519160725190e-01 5.468479829893940769e-01
-7.075816478404811649e-01 3.817946804022366303e-01 5.946099844905928800e-01
-6.932010936050967409e-01 3.894197689402812967e-01 6.064853562809211507e-01
-7.031555895700527525e-01 3.841743993067981977e-01 5.983161770950643499e-01
-7.092382722164066733e-01 3.808962928263602277e-01 5.932108287401890445e-01
-7.502423857480857716e-01 3.572278321884099217e-01 5.563493853119546584e-01
-8.141457314894808839e-01 3.137322590155336433e-01 4.886090436642246959e-01
-9.477298709900449092e-01 1.723963113949049941e-01 2.684913470684369141e-01
-9.722735187723235972e-01 1.263478252712420535e-01 1.967750790707802344e-01
-9.803483034320792378e-01 1.065878338355912697e-01 1.660007157697829805e-01
-9.831616268189158347e-01 9.873382028764948748e-02 1.537688144006741919e-01
-9.822463560422527440e-01 1.013583163891664946e-01 1.578562249025034503e-01
-9.733358276623275129e-01 1.239371129554889123e-01 1.930206170883055627e-01
-9.644597501319400745e-01 1.427639734574540076e-01 2.223417150650662810e-01
-9.542309765347349870e-01 1.615885525356998975e-01 2.516592599349034565e-01
-9.505095606494795568e-01 1.678693919440902294e-01 2.614410877468474892e-01
-9.614417966173952612e-01 1.485877233874635661e-01 2.314116681925215691e-01
-9.482191745311495668e-01 1.716090600010359568e-01 2.672652756663799756e-01
-9.623069196907182432e-01 1.469437448300462690e-01 2.288513232880328707e-01
-9.747426394327375343e-01 1.206663163395363669e-01 1.879266531728459866e-01
-9.717706001953145822e-01 1.274723043386195576e-01 1.985263514565266674e-01
-9.819361809209727898e-01 1.022319021362174118e-01 1.592167540931089809e-01
-9.949639515017568714e-01 5.415633912989770843e-02 8.434350089993322697e-02
-9.851250497451324861e-01 9.284499920283854901e-02 1.445975189540789907e-01
-9.730305333721073202e-01 1.246349669484960870e-01 1.941074602876962374e-01
-9.709790900085690790e-01 1.292210728918953833e-01 2.012498971100320500e-01
-9.692724892367617917e-01 1.329087023043939442e-01 2.069930396427219210e-01
-9.746504731409147970e-01 1.208834556988068465e-01 1.882648276883004124e-01
-9.810040825823745925e-01 1.048116704620482148e-01 1.632345052115779238e-01
-9.871027355757526767e-01 8.649595211850595600e-02 1.347094639807417116e-01
-9.922584524169739684e-01 6.710015969593473295e-02 1.045023070360262818e-01
-9.918484854262099581e-01 6.884685809709911730e-02 1.072226286186420685e-01
-9.902993317616479718e-01 7.507526011862146464e-02 1.169227900392171837e-01
-9.858903176861947282e-01 -9.044260608336723850e-02 -1.408560133521565838e-01
-7.919384477297632952e-01 -3.299090901303265988e-01 -5.138029654028409832e-01
-5.223079741915422902e-01 -4.607465351275834564e-01 -7.175702129156796838e-01
-3.589931815790327052e-01 -5.042858525646054524e-01 -7.853786822182995397e-01
-2.398879451952409467e-02 -5.401468217024189000e-01 -8.412288325671413158e-01
7.055881032835790989e-02 -5.389556678372477982e-01 -8.393737203362713339e-01
5.642208355542915887e-02 -5.394416072275330931e-01 -8.401305260964154753e-01
-4.211813440131101371e-02 -5.398228619558164132e-01 -8.407242951553052235e-01
-1.423471179593805702e-01 -5.348002995488644329e-01 -8.329021176651568714e-01
-2.569837919926106773e-01 -5.221566382504990722e-01 -8.132107818911625818e-01
-3.977559745576459971e-01 -4.957226353026554233e-01 -7.720422615066403482e-01
-4.881947927943778853e-01 -4.715405670150797923e-01 -7.343809215574377269e-01
-4.803709167066505525e-01 -4.738804785019177235e-01 -7.380251177820479347e-01
-4.093796875362094023e-01 -4.929524330806874799e-01 -7.677279271672914351e-01
-3.910840153398362218e-01 -4.972699190075195452e-01 -7.744520131008284514e-01
-4.061260300124388545e-01 -4.937374731144345552e-01 -7.689505545800123798e-01
-5.123055937790349512e-01 -4.640133625381702154e-01 -7.226579951600419216e-01
-6.069004131122093249e-01 -4.294203246252246142e-01 -6.687825306951403759e-01
-6.229019552421670713e-01 -4.226784469695447632e-01 -6.582826783555063566e-01
-6.077929979674523420e-01 -4.290516326217176379e-01 -6.682083269208600740e-01
-5.900804222721679482e-01 -4.362100794439796037e-01 -6.793569472983823632e-01
-5.756326687346213777e-01 -4.418097351230869663e-01 -6.880778943084318033e-01
-6.221441068516837536e-01 -4.230041591466437989e-01 -6.587899450161346371e-01
-6.625970898937719733e-01 -4.046734771129198993e-01 -6.302415992186201077e-01
-6.488619862887300416e-01 -4.111193309352284553e-01 -6.402804217534798781e-01
-6.804500866103886381e-01 -3.959305213596843731e-01 -6.166252523922151063e-01
-8.034189717522700613e-01 -3.217036136036746652e-01 -5.010236928757586528e-01
-8.832171007727572798e-01 -2.533825146814677187e-01 -3.946198856574019143e-01
-8.788165459272404556e-01 -2.578105423977750110e-01 -4.015161302277648891e-01
-8.339651943166581649e-01 -2.981480235520838074e-01 -4.643380349706069943e-01
-7.942897609132976156e-01 -3.282547844964967543e-01 -5.112265370297742750e-01
-7.471467933192120769e-01 -3.591168240318396987e-01 -5.592913158007222219e-01
-6.505640817609019688e-01 -4.103333236053987032e-01 -6.390562878663675894e-01
-5.059640014288132592e-01 -4.660402365851318840e-01 -7.258146644576823903e-01
-4.340284014855846362e-01 -4.867579085606083544e-01 -7.580805268291559429e-01
-4.470824993541118175e-01 -4.832964830152282620e-01 -7.526896759464631881e-01
-4.420253295967642160e-01 -4.846525561600926735e-01 -7.548016347374720825e-01
-3.968204874591884090e-01 -4.959414530555847911e-01 -7.723830499653442372e-01
-3.252627189980321076e-01 -5.109226603450353066e-01 -7.957148979225907581e-01
-3.375225156689751760e-01 -5.085959915847947377e-01 -7.920913260226788433e-01
-3.420440519178694627e-01 -5.077133879125365068e-01 -7.907167522456952646e-01
-2.969803071651274662e-01 -5.159258130678483489e-01 -8.035068466207280213e-01
-2.870432040608465463e-01 -5.175651080258175663e-01 -8.060598972512570404e-01
-2.809352494587029625e-01 -5.185425622202480822e-01 -8.075821919641595903e-01
-2.776268787153752249e-01 -5.190624710939854003e-01 -8.083919020602345906e-01
-2.741258772203829519e-01 -5.196053884885003527e-01 -8.092374458043016805e-01
-2.638791499614729363e-01 -5.211516956834361114e-01 -8.116456765743840229e-01
-2.197287304380280692e-01 -5.270978634362279980e-01 -8.209062841646761477e-01
-2.490955319255886979e-01 -5.232713929606320757e-01 -8.149469094878192266e-01
-3.065815204988682208e-01 -5.142837268374935711e-01 -8.009494488410240365e-01
-9.524275474333816494e-01 1.646652869092891658e-01 2.564509898150426626e-01
-8.179816436773601485e-01 3.108058339023396788e-01 4.840514065873122718e-01
-8.652228205209480105e-01 2.709008470034574567e-01 4.219030717387403651e-01
-8.308895356026811951e-01 3.006444100520177520e-01 4.682259265893283229e-01
-6.242715635071627300e-01 4.220881641396010964e-01 6.573633673164208657e-01
-3.127895397135336819e-01 5.131912648270386956e-01 7.992480400670494145e-01
-4.731272010241689696e-02 5.396972354714973941e-01 8.405286434982054411e-01
2.691129705613376499e-01 5.203698068291222611e-01 8.104279568328542904e-01
8.442093903322355208e-01 2.896093467051562564e-01 4.510398336908700845e-01
2.559341958325921929e-01 -5.223071084285219046e-01 -8.134451253087453537e-01
7.310344738749854909e-02 -5.388566532838139356e-01 -8.392195143059000273e-01
-1.732336821557616674e-02 -5.402212276706429561e-01 -8.413447129968137927e-01
-1.002553574361522287e-01 -5.375801221666351992e-01 -8.372314348832434749e-01
-1.608863027605038354e-01 -5.332637589496503905e-01 -8.305090974666952119e-01
-2.068848624645273637e-01 -5.286130257597023707e-01 -8.232660096713612097e-01
-4.028786644810697370e-01 -4.945135211437544642e-01 -7.701591777755785184e-01
-4.591048535337093339e-01 -4.799948903897719443e-01 -7.475477500879138537e-01
-4.663627280383269569e-01 -4.779479522882102982e-01 -7.443598328766513061e-01
-4.621065361917636172e-01 -4.791532782038377958e-01 -7.462370167683762823e-01
-4.736520956142868388e-01 -4.758507444593499947e-01 -7.410936252037775285e-01
-5.171878287965334664e-01 -4.624295738924277255e-01 -7.201913904889417628e-01
-4.790620897971692993e-01 -4.742671076289006749e-01 -7.386272569709877445e-01
-4.370568428584293841e-01 -4.859662028297044856e-01 -7.568475182081926267e-01
-5.856675739794949820e-01 -4.379427640301778446e-01 -6.820554436573179613e-01
-5.779992353265860361e-01 -4.409068378341473582e-01 -6.866717150960671701e-01
-4.408055842442927807e-01 -4.849767573540117449e-01 -7.553065481812240023e-01
-3.373074186699374644e-01 -5.086376479736272049e-01 -7.921562020044277119e-01
-3.093262268444108010e-01 -5.138037114686082596e-01 -8.002018691975689713e-01
-1.375484398648437467e-01 -5.351667547246710122e-01 -8.334728377866977844e-01
-9.907209207402564027e-03 -5.402757891269124313e-01 -8.414296874302764628e-01
-2.273086521088078793e-02 -5.401627028303378486e-01 -8.412535659584383652e-01
-7.587540262079250919e-02 -5.387447800192456393e-01 -8.390452820194791439e-01
-2.887076630117046613e-02 -5.400770822273815996e-01 -8.411202197700047289e-01
3.133217935283741373e-02 -5.400370318842528938e-01 -8.410578450562410380e-01
8.755573937898523951e-02 -5.382273407789592845e-01 -8.382394181496175545e-01
1.263927445646433056e-01 -5.359692321729342401e-01 -8.347226223634844899e-01
1.182061872240779687e-01 -5.365142853552982150e-01 -8.355714924000458010e-01
1.433674398230099234e-01 -5.347207287210506976e-01 -8.327781934432626487e-01
1.934083198754752986e-01 -5.301005082377908684e-01 -8.255826263730250414e-01
1.392691884058500640e-01 -5.350368220443990630e-01 -8.332704796267572656e-01
1.148593105933019137e-01 -5.367264603405438317e-01 -8.359019353610458447e-01
2.694462934293305190e-01 -5.203194508342015023e-01 -8.103495320173820238e-01
4.597829447711510586e-01 -4.798053754756306799e-01 -7.472525980966929771e-01
6.317653907022621196e-01 -4.188205491417835713e-01 -6.522743584776217185e-01
6.697534056895030341e-01 -4.012196214038967201e-01 -6.248625376575440704e-01
6.298254560434933813e-01 -4.196726279034989626e-01 -6.536013925231316524e-01
5.835871937849064217e-01 -4.387527485492752066e-01 -6.833169198042110537e-01
5.620865740247709130e-01 -4.468723678147605294e-01 -6.959624775695347765e-01
5.397848149160101583e-01 -4.548281221331206825e-01 -7.083528308004052310e-01
5.484455209701254441e-01 -4.517933802811069932e-01 -7.036265003977456578e-01
5.915554826139267641e-01 -4.356264569226749317e-01 -6.784480090754199111e-01
6.062800728919384152e-01 -4.296760578221028304e-01 -6.691808115514092936e-01
5.602164880711374417e-01 -4.475573813020741198e-01 -6.970293228661696983e-01
5.041947370254760141e-01 -4.665996617728345175e-01 -7.266859175663771264e-01
4.432075420396038856e-01 -4.843372681293569015e-01 -7.543106027229128374e-01
4.185217401849086749e-01 -4.907062167711797596e-01 -7.642296525356181425e-01
4.507127147842104886e-01 -4.823111509051808410e-01 -7.511551121069248715e-01
4.171892190296055958e-01 -4.910373523050026168e-01 -7.647453655739016032e-01
3.606052291197000548e-01 -5.039499761130015187e-01 -7.848555856380418083e-01
4.069464848417461145e-01 -4.935402225419159850e-01 -7.686433550146793969e-01
4.267365886870299607e-01 -4.886364186058646530e-01 -7.610061328844799355e-01
4.300919119592410689e-01 -4.877768743710209076e-01 -7.596674720534516423e-01
4.643155885118266935e-01 -4.785294472667795951e-01 -7.452654576481231308e-01
4.425053391150336468e-01 -4.845246671612700173e-01 -7.546024594228073479e-01
3.626406406205618382e-01 -5.035234179647223307e-01 -7.841912606828974619e-01
2.941425760295204861e-01 -5.164001705994069047e-01 -8.042456147046256332e-01
2.337439278402076992e-01 -5.253349556934334696e-01 -8.181607180281940117e-01
1.873545208475551616e-01 -5.307348279707140293e-01 -8.265705208249806146e-01
1.350497179328468689e-01 -5.353525009529599421e-01 -8.337621203974605599e-01
7.474653153190830013e-02 -5.387908453904401984e-01 -8.391170245844166153e-01
7.208684329201067720e-02 -5.388966333690575761e-01 -8.392817795994909069e-01
6.596023546289087047e-02 -5.391256638055552664e-01 -8.396384733704735925e-01
4.949194586470146567e-02 -5.396401776841853737e-01 -8.404397812594941453e-01
8.695667982727166290e-02 -5.382556914138776349e-01 -8.382835716474383858e-01
1.123409613765568721e-01 -5.368820398868408006e-01 -8.361442361482470664e-01
1.202012065057263962e-01 -5.363848712674608166e-01 -8.353699418999687154e-01
1.210478990940228317e-01 -5.363292832608080873e-01 -8.352833687090095438e-01
1.133124539627943239e-01 -5.368224365903467854e-01 -8.360514095138724677e-01
1.015535272561341323e-01 -5.375089842779839922e-01 -8.371206441859426750e-01
9.315708529208181765e-02 -5.379527600508243745e-01 -8.378117840025789409e-01
7.599293853168527513e-02 -5.387399438627388237e-01 -8.390377501519776793e-01
6.324592309249787991e-02 -5.392206058200244012e-01 -8.397863367972020487e-01
5.285688201670676184e-02 -5.395470161653427299e-01 -8.402946907904080831e-01
4.733480659308050148e-02 -5.396966701055251336e-01 -8.405277629928732397e-01
4.463005852643414650e-02 -5.397639392028792393e-01 -8.406325284047231339e-01
4.308093046268274273e-02 -5.398006815019663618e-01 -8.406897511451428828e-01
3.172748710839520814e-02 -5.400302942129817652e-01 -8.410473517549572620e-01
9.925503460498229409e-04 -5.403020397269938657e-01 -8.414705703176199592e-01
-1.265670003315256566e-02 -5.402590280663341904e-01 -8.414035836250584044e-01
-2.675143211156126924e-03 -5.403003725573473082e-01 -8.414679738547341525e-01
2.082036146625258728e-05 -5.403023057510326632e-01 -8.414709846255129522e-01
-4.061390546221014392e-02 -5.398565105178911860e-01 -8.407766996858039299e-01
-7.453418082169262215e-02 -5.387994331009084981e-01 -8.391303991510371540e-01
-6.834741723893925092e-02 -5.390388527860346946e-01 -8.395032732180869317e-01
-9.149821678302751116e-02 -5.380358674527797591e-01 -8.379412161123601654e-01
-1.134294471529326831e-01 -5.368152237175696229e-01 -8.360401761300924051e-01
-1.117369680335683624e-01 -5.369188342358566235e-01 -8.362015399516279368e-01
-8.527510145226797900e-02 -5.383342246947480092e-01 -8.384058799857083688e-01
-2.176978405760127688e-01 -5.273438110491341924e-01 -8.212893248768767807e-01
-2.397847984790137943e-01 -5.245395620548422011e-01 -8.169219658313107146e-01
-2.985180867521934900e-01 -5.156666696637109970e-01 -8.031032546813311468e-01
-2.634830351552881478e-01 -5.212101996316892416e-01 -8.117367910753163773e-01
-2.403140985971037591e-01 -5.244688444777453329e-01 -8.168118297304709508e-01
-3.087409131806157503e-01 -5.139064722266238894e-01 -8.003619095958939278e-01
-3.968336043776615751e-01 -4.959383891339259054e-01 -7.723782781900848660e-01
-3.637187837179933214e-01 -5.032963531255379985e-01 -7.838376281483541153e-01
-2.832209734112967059e-01 -5.181794553365144385e-01 -8.070166864985574007e-01
-1.575787083441202441e-01 -5.335520015675772054e-01 -8.309580087464292220e-01
-2.857068682086964795e-02 -5.400817407449912677e-01 -8.411274749813156815e-01
2.328818585813436856e-02 -5.401557723293360924e-01 -8.412427723426427750e-01
5.740324254911846613e-02 -5.394113875613357756e-01 -8.400834617548434968e-01
1.534423674926075343e-01 -5.339038291359216037e-01 -8.315059477191153459e-01
1.824859033955965049e-01 -5.312298033752758109e-01 -8.273413993435593250e-01
3.160576185295352336e-01 -5.126064080091023989e-01 -7.983371795409783811e-01
3.113001358515315453e-01 -5.134555738817421222e-01 -7.996596770305408608e-01
2.730251542250989316e-01 -5.197745433860275766e-01 -8.095008889483737979e-01
3.101332058949657355e-01 -5.136616809835512498e-01 -7.999806698230047530e-01
3.046593027332707426e-01 -5.146170880519138624e-01 -8.014686281714623606e-01
2.633583585196713206e-01 -5.212285941339751538e-01 -8.117654388152675260e-01
3.009059810792275580e-01 -5.152613528894539607e-01 -8.024720112061710653e-01
3.378193458455748255e-01 -5.085384572628010025e-01 -7.920017216251731274e-01
3.826579443824734139e-01 -4.991799457620239577e-01 -7.774267035225911338e-01
4.145678833678824726e-01 -4.916850344820994922e-01 -7.657540707996336460e-01
4.108137177426584019e-01 -4.926040422640546868e-01 -7.671853406182685964e-01
3.343846236418548945e-01 -5.092007192682110883e-01 -7.930331335881443122e-01
3.283037807815123443e-01 -5.103545338612449633e-01 -7.948300933481545760e-01
3.215936344455466722e-01 -5.116002490580595641e-01 -7.967701798183937090e-01
3.215936344455466722e-01 -5.116002490580595641e-01 -7.967701798183937090e-01
4.285956442460528426e-01 -4.881611969109313498e-01 -7.602660189458672058e-01
3.131877214782682883e-01 -5.131203667729061779e-01 -7.991376228898805500e-01
1.801586006284214003e-01 -5.314616498197884953e-01 -8.277024787871771760e-01
1.129055123683795764e-01 -5.368474666588882727e-01 -8.360903915359676475e-01
4.619639179008606933e-02 -5.397254665822621700e-01 -8.405726108481862413e-01
2.214443482119081777e-02 -5.401698139834093526e-01 -8.412646409231633315e-01
-3.693347289115585935e-02 -5.399336719453136091e-01 -8.408968714889172302e-01
-1.773617958535992634e-01 -5.317362005024052207e-01 -8.281300661410936348e-01
-2.995798152471303433e-01 -5.154868918692752100e-01 -8.028232673555554255e-01
-4.769032559389536075e-01 -4.749018412304570891e-01 -7.396157959851497044e-01
-5.359403444381446446e-01 -4.561533847197543068e-01 -7.104168049900246862e-01
-6.085379724674131463e-01 -4.287432546405546274e-01 -6.677280566708834186e-01
-7.448121202794878437e-01 -3.605298081367116492e-01 -5.614919081604644591e-01
-7.846719507593589160e-01 -3.349394655258318698e-01 -5.216373109017148346e-01
-7.679990622150602020e-01 -3.460371339726525108e-01 -5.389209054664522158e-01
-7.065677538818481151e-01 -3.823424402243747466e-01 -5.954630698688463397e-01
-6.589628281251557196e-01 -4.064021600661623101e-01 -6.329338634034791244e-01
-7.469166579704291653e-01 -3.592565495691654731e-01 -5.595089254318850180e-01
-6.443086418992850506e-01 -4.132045998303158219e-01 -6.435280356386715583e-01
-6.092914104684062915e-01 -4.284307628498519316e-01 -6.672413795421519023e-01
-6.386314881436501167e-01 -4.157694956450799229e-01 -6.475226241935201354e-01
-5.452611421951004678e-01 -4.529171816584337540e-01 -7.053767173437722748e-01
-4.089268151724882450e-01 -4.930621521522891570e-01 -7.678988044969456972e-01
-4.939224300332115125e-01 -4.697960809437567997e-01 -7.316640454744065547e-01
-6.218136448804834071e-01 -4.231459843220706230e-01 -6.590108246398947989e-01
-6.139432461749538827e-01 -4.264877168505282201e-01 -6.642152646934452731e-01
-6.912044766467253520e-01 -3.904544516003893850e-01 -6.080967790483400304e-01
-7.325375528713140572e-01 -3.677981634267766808e-01 -5.728117008347480832e-01
-6.894667398545060166e-01 -3.913503310745553576e-01 -6.094920286617657723e-01
-6.508284189052432334e-01 -4.102109358064915390e-01 -6.388656801629460924e-01
-6.564199674282957808e-01 -4.076017198397970942e-01 -6.348020670611231875e-01
-7.787140083738461893e-01 -3.389743563177673447e-01 -5.279212809892140923e-01
-9.967514365769160056e-01 -4.351555218609002434e-02 -6.777145711724011368e-02
-9.214635224708609407e-01 2.098884799834581094e-01 3.268819400423134680e-01
-8.710723541598162090e-01 2.653720249159604028e-01 4.132924415114299088e-01
-9.832064020441130259e-01 9.860357355517559985e-02 1.535659671334082821e-01
-9.993403664181534918e-01 1.962147118386693007e-02 3.055863079084792169e-02
-8.821929045341063702e-01 -2.544219701060238537e-01 -3.962387415650401312e-01
-7.469078483760254183e-01 -3.592618963356091211e-01 -5.595172525272463782e-01
-8.372822059286588736e-01 -2.954216227901907965e-01 -4.600919173635297788e-01
-8.902864147163340736e-01 -2.460542275804409318e-01 -3.832067547177739342e-01
-9.187361040092403286e-01 -2.133503033011300842e-01 -3.322734104186462201e-01
-9.698348006524757370e-01 -1.317057766763390647e-01 -2.051195939774038690e-01
-9.707388607510124556e-01 -1.297468959615068473e-01 -2.020688180204466833e-01
-9.596388672013217436e-01 -1.519520336193306287e-01 -2.366512709357669053e-01
-8.870474002693248261e-01 -2.494458834037972805e-01 -3.884889456964398802e-01
-8.458593249237507106e-01 -2.882005128346106781e-01 -4.488457049381269770e-01
-7.685972707852017916e-01 -3.456491829682892258e-01 -5.383167075754692332e-01
-8.016460848177150433e-01 -3.229921376073017769e-01 -5.030304501124108763e-01
-9.166463308201081572e-01 -2.159584357177859737e-01 -3.363353359912690244e-01
-9.413358731305074834e-01 -1.823364380076017144e-01 -2.839721770390986055e-01
-9.529776512442648118e-01 -1.637335269111572789e-01 -2.549998595964276249e-01
-9.578001784128925555e-01 -1.553017359620051940e-01 -2.418681232395428760e-01
-9.544248550536061915e-01 -1.612539414961622619e-01 -2.511381341171727288e-01
-9.495060190755003626e-01 -1.695192089186797479e-01 -2.640105254473399943e-01
-9.414771167174508237e-01 -1.821234280750849421e-01 -2.836404337247687146e-01
-9.266070445660153920e-01 -2.031704681044403937e-01 -3.164192564476078773e-01
-9.082764378938332772e-01 -2.260465698113320043e-01 -3.520466739559120484e-01
-8.893867327399719303e-01 -2.470022230564364041e-01 -3.846831701950271243e-01
-8.868659401514334961e-01 -2.496341689655766638e-01 -3.887821830847961180e-01
-9.207055201788529875e-01 -2.108573239679811251e-01 -3.283908251477950513e-01
-9.061429334445668671e-01 2.285325370316529936e-01 3.559183385080788020e-01
-7.493510188225925850e-01 3.577735859978551369e-01 5.571993465105444798e-01
-7.356396207386249886e-01 3.659862605439563876e-01 5.699898292887192186e-01
-7.086308797520182168e-01 3.812261716462227445e-01 5.937245845624429252e-01
-6.388765695938350975e-01 4.156595640494101795e-01 6.473514158772404326e-01
-7.475793744058785162e-01 3.588539207190648006e-01 5.588818681505693942e-01
-8.632627458245278884e-01 2.727201949414432836e-01 4.247365382711945081e-01
-8.681051774391032039e-01 2.681954199565792507e-01 4.176896187574420383e-01
-9.895273103198289899e-01 7.799035389734240709e-02 1.214627796082906191e-01
-9.399159699101036214e-01 -1.844623799353920512e-01 -2.872831354196069831e-01
-7.857652772643510808e-01 -3.341903760394249745e-01 -5.204706731491268723e-01
-7.828214962293745804e-01 -3.362011311902565192e-01 -5.236022387534216005e-01
-8.515969937843435034e-01 -2.832248815175764656e-01 -4.410966182899429544e-01
-9.021998294012898434e-01 -2.330422669881749287e-01 -3.629418267784736418e-01
-8.937243911121895978e-01 -2.423884984835322776e-01 -3.774977199057561461e-01
-8.977519220411893652e-01 -2.380039240405425749e-01 -3.706691497989195172e-01
-9.364519390806244070e-01 -1.895358354575472914e-01 -2.951845742405046491e-01
-9.653527852674496090e-01 -1.409909523663959718e-01 -2.195803983218764244e-01
-9.536344715908883218e-01 -1.626133072631349707e-01 -2.532552208632875002e-01
-9.427132884472883001e-01 -1.802470322861381147e-01 -2.807181204285530418e-01
-9.013315108495194572e-01 -2.340210820112481604e-01 -3.644662408564162681e-01
-7.292376993148587117e-01 -3.697075046597753656e-01 -5.757853236200223268e-01
-7.352965204448727032e-01 -3.661874820525379270e-01 -5.703032132205508864e-01
-7.243972778397029799e-01 -3.724750925311879346e-01 -5.800955863496215503e-01
-6.405750060977767335e-01 -4.148957665345933132e-01 -6.461618717275923185e-01
-5.868168748983849659e-01 -4.374934085944123807e-01 -6.813556140305411235e-01
-7.042750350585247343e-01 -3.835753205464137450e-01 -5.973831672059649600e-01
-7.644795918363904708e-01 -3.483047630573116171e-01 -5.424525285195525015e-01
-5.203207539317872277e-01 -4.614024511535000372e-01 -7.185917416011671222e-01
-5.177403760255324672e-01 -4.622490384570731581e-01 -7.199102232073465446e-01
-5.041872297304408335e-01 -4.666020299090472001e-01 -7.266896057200076253e-01
-4.968277206400406598e-01 -4.689009183222395682e-01 -7.302699122928332232e-01
-5.270248143941099750e-01 -4.591758582222467133e-01 -7.151240285703711619e-01
-5.505873110102441625e-01 -4.510322529415403126e-01 -7.024411147996585392e-01
-5.417798586445811138e-01 -4.541351237326236023e-01 -7.072735497382977021e-01
-6.694217532248247782e-01 -4.013811668328871041e-01 -6.251141297565363519e-01
-8.593522762580723118e-01 -2.763019912756322083e-01 -4.303148555502009365e-01
-9.030344155367845405e-01 -2.320966927011575975e-01 -3.614691820796378519e-01
-8.872664558528258194e-01 -2.492183473634398960e-01 -3.881345793095498653e-01
-9.185345623007460381e-01 -2.136034841481762037e-01 -3.326677162255705644e-01
-9.341470565944934856e-01 -1.928275850367587307e-01 -3.003111704627980383e-01
-9.071760983903092157e-01 -2.273328141551107240e-01 -3.540498808327067204e-01
-8.547697771896209940e-01 -2.804208672643921374e-01 -4.367296248319912921e-01
-8.516004793347399238e-01 -2.832218220140451104e-01 -4.410918533955096033e-01
-9.513523153860766746e-01 -1.664699129579748360e-01 -2.592615283633792345e-01
-9.989145800714013257e-01 -2.516708027659942878e-02 -3.919540522978597757e-02
-9.996666115441986689e-01 -1.395053610305774412e-02 -2.172667268997922202e-02
-9.922186478982917279e-01 6.727177007722699720e-02 1.047695743694818243e-01
-9.910202941433122747e-01 7.224465473064951848e-02 1.125143833425398809e-01
-9.992752303291185800e-01 2.056710282685968866e-02 3.203136481632294641e-02
-9.964019048366001829e-01 4.579279285781318043e-02 7.131804933028007554e-02
-9.799674354396809006e-01 1.076054133857605732e-01 1.675855020216674984e-01
-9.787075235001390094e-01 1.109023405415520969e-01 1.727201618417217310e-01
-9.869139278437495388e-01 8.712263526239673317e-02 1.356854651499482256e-01
-9.957364117948485083e-01 4.983977092653039259e-02 7.762084423600922045e-02
-8.621652366842991189e-01 -2.737318363094213280e-01 -4.263120763522639800e-01
-3.298670102584570496e-01 -5.100601877741088863e-01 -7.943716764783270712e-01
-7.844425554990759608e-02 -5.386373651605149693e-01 -8.388779932887492352e-01
1.153500687748226367e-01 -5.366957352173113982e-01 -8.358540838167826115e-01
5.939222403103623371e-01 -4.346853348277050499e-01 -6.769822982548703294e-01
6.583473285019025845e-01 -4.066932639212409994e-01 -6.333872307960555226e-01
3.870255624312613496e-01 -4.981959990362498925e-01 -7.758942972912217240e-01
-8.221411181900659670e-01 -3.075853198604777683e-01 -4.790357531411569836e-01
