7.816188697405659358e-01 7.358659003239116370e-01 -3.021311722632322727e-01 1.228191441007878026e+00 -1.790876180751193036e+00 4.386452482015793519e-01 4.044653674032872459e+00 -2.096324942633059152e+01 -1.421528177089689571e+01 -5.653737917524640721e+00
8.072880482455524476e-01 7.213287780700763374e-01 -3.643747204849668853e-01 3.991363499118846914e+00 -8.327089315833189787e+00 1.558685701617779307e+00 -3.117055420407730537e+00 -2.092238122003022127e+01 -1.627850568307376022e+01 -6.448045075198563403e+00
8.145758383678970427e-01 7.188841636379859068e-01 -3.834078995324676775e-01 3.637967537262658091e+00 -9.711280378976624661e+00 -3.145043828570448508e-03 -4.928282155603926462e+00 -2.211119624347443846e+01 -1.644986351029810834e+01 -6.655171469414232099e+00
8.252508734494001796e-01 7.183664448216733334e-01 -4.051610581577693160e-01 2.952852933000132296e+00 -4.511274293905778165e+00 -5.019713132881257200e-01 7.616200301606037559e-01 -2.282136765423935998e+01 -1.876483972757283070e+01 -7.458487511942506920e+00
8.279992536929928759e-01 7.181967515745245612e-01 -4.105689322590456714e-01 2.274795293296544063e+00 -2.105309793853959555e+00 -1.161875239641080748e+00 3.227640982396135172e+00 -2.309261874996377273e+01 -1.892162848277044063e+01 -6.171088874681933234e+00
8.336917049546802572e-01 7.178993706777493378e-01 -4.214868452239231567e-01 3.857420872234974762e+00 -3.367905464993682596e+00 -2.093795586002996423e+00 2.353973485873901428e+00 -2.258449837284099004e+01 -1.956329152047036146e+01 -6.518192852078720456e+00
8.445970810627579928e-01 7.169929585660903548e-01 -4.440283964389616367e-01 4.426250388847779327e+00 -3.914136232389100467e+00 -2.968652070466542003e+00 3.365634419602936411e+00 -2.191354647711785475e+01 -2.167335083120462969e+01 -7.648563424526350296e+00
8.541202071042273136e-01 7.144293887804928911e-01 -4.673627194144598374e-01 7.313796468529867312e+00 -8.031752881237569142e+00 -3.602736363010648812e+00 -1.543614869556144242e+00 -2.108002918910843348e+01 -2.189972148315972333e+01 -7.722207840877514329e+00
8.581307070363045630e-01 7.126596185977844833e-01 -4.789529005712678256e-01 7.696259891590994329e+00 -8.223622122070496587e+00 -4.222113700846051643e+00 -1.570883717482187691e+00 -1.975739831974812333e+01 -2.233444345230709871e+01 -7.632162069914951275e+00
8.676116309362122969e-01 7.074614098877591850e-01 -5.141127339834532517e-01 5.946323150251995315e+00 -4.878548005081388084e+00 -4.391378437297833948e+00 2.777175952844953777e+00 -1.963548418767544135e+01 -2.470689349000321755e+01 -8.586831528614313314e+00
8.685933495776770874e-01 7.064638690463209691e-01 -5.206682979402968980e-01 4.690158025012623355e+00 -3.172915671689540140e+00 -4.034596976525316236e+00 4.818737054942549669e+00 -1.878080737146007451e+01 -2.557013254499926092e+01 -7.908617705545620602e+00
8.702553487704212110e-01 7.028000972547054914e-01 -5.482328852994996504e-01 7.318220557664478321e+00 -6.358086855532192772e+00 -4.259952500395985275e+00 5.265289037553484430e-01 -1.778653385535058007e+01 -2.566010232869647822e+01 -9.058812793507103223e+00
8.706071369305647956e-01 7.007970252988029447e-01 -5.675210226761575605e-01 7.068812942063312121e+00 -5.917466267442932804e+00 -3.803834072288911017e+00 9.956663989952989624e-01 -1.831892035989301704e+01 -2.607591319858288159e+01 -8.868957630776508338e+00
8.665195514493896356e-01 6.952344063696715981e-01 -6.216436494553650993e-01 8.156650058638005518e+00 -4.875864841900513724e+00 -1.715894347421015542e+00 -9.274734988891917276e-01 -1.187034281572530858e+01 -2.709649680261396298e+01 -6.521614956704419264e+00
8.543343986725105976e-01 6.935631917864731877e-01 -6.575251186466618547e-01 6.863998729471097349e+00 -2.628152595719139839e+00 3.173865091274952199e-01 8.731573623744117718e-01 -8.135604916904606299e+00 -2.820886966438638410e+01 -5.933735276521151292e+00
8.523641933618720801e-01 6.936417960984992970e-01 -6.625263021558931431e-01 5.039371057366892614e+00 -1.678808399073991708e+00 7.724260817272989854e-01 2.438151095325356010e+00 -8.085299482540566629e+00 -2.878484080625883124e+01 -5.447911533992087385e+00
8.504553685398440477e-01 6.936147519639910275e-01 -6.674053467224237979e-01 5.671427773469574163e+00 -2.120703977283384223e+00 1.773477735057037652e+00 9.015466318278329005e-01 -7.805225813683183134e+00 -2.877867360958397924e+01 -5.021962837207357921e+00
8.412372081309990035e-01 6.926785362402159141e-01 -6.911297425348389423e-01 6.246716350041200627e+00 -3.974285778069226893e+00 3.414279123157372808e+00 -1.230228757429493891e+00 -5.867798280167148661e+00 -2.803682516965052329e+01 -4.248281538413729130e+00
8.320562530492149333e-01 6.886335954586297881e-01 -7.128737588123389424e-01 3.414091198805798477e+00 -6.164954374963174111e+00 3.791231586276245569e+00 -2.348014552403931532e+00 -3.259954845403119972e+00 -2.774323480299918288e+01 -2.429307281348258574e+00
8.301088741904016910e-01 6.874999901677083525e-01 -7.172107139296007849e-01 2.182069935825583062e+00 -8.360364206356846850e+00 1.916009001927235778e+00 -3.098942095396279406e+00 -2.898701532242065504e+00 -2.671503357770979292e+01 -2.388546826621965380e+00
8.194232427857447432e-01 6.808740373254607015e-01 -7.362754380245535302e-01 3.498951464439450376e-01 -7.311016344244776199e+00 -3.295605323609271498e+00 -3.497932450600515608e+00 -8.694180436197133932e-02 -2.369285565137991867e+01 -1.215138804724852223e-01
8.217698252852225771e-01 6.824227962580280415e-01 -7.327633996497615598e-01 -7.166492866619247337e-01 -6.666938758518989872e+00 -4.152790509217162196e+00 -3.388480432189746150e+00 -1.259514860446105500e+00 -2.410598644049938244e+01 -3.728024988710580967e-01
8.089558127715054114e-01 6.743082034184415541e-01 -7.482775491507652754e-01 -1.331699750755968692e+00 -3.619968684124053038e+00 -3.291357392534318027e+00 -3.165534971467822700e+00 5.097387880357039158e+00 -1.772710249323738196e+01 1.233783896876251118e+00
8.013684221851794520e-01 6.698080364577250201e-01 -7.537795437556700229e-01 -1.546220388581462268e+00 -1.608862401972502187e+00 -2.915672062722792113e+00 -2.489150507760153896e+00 7.415762119215348669e+00 -1.328128227166620334e+01 3.248361354892439046e+00
7.988023063237167376e-01 6.682862325488121424e-01 -7.550989622737462881e-01 -1.672948101091960016e+00 -1.055867462264264089e+00 -2.957919572313036483e+00 -2.338758836868493063e+00 8.503838446837667320e+00 -1.218615909870034564e+01 3.908552879359941556e+00
7.860889944694183784e-01 6.599561310468042841e-01 -7.574639609346217606e-01 -4.750120457627424186e-01 2.824353634056868678e+00 -2.788423599877014158e+00 -1.560018126360299906e+00 1.595790098802642376e+01 -2.027598424594263982e+00 7.013581544111040067e+00
7.736089408419187796e-01 6.547220142347537353e-01 -7.565739330564003051e-01 9.541385690980416223e-01 4.669009054982881324e+00 -3.946922116129764291e+00 -1.312081060380996922e+00 2.052314929955822720e+01 4.027443263113627658e+00 7.414175714178732335e+00
7.699863810614975268e-01 6.537889336719058253e-01 -7.560394326244711527e-01 1.493085021342372753e+00 4.895095911558755120e+00 -4.304622137101398849e+00 -1.383082782160972357e+00 2.166882717007456804e+01 5.970918972889950993e+00 7.511930374837627156e+00
7.520742252219654311e-01 6.515919612482514722e-01 -7.493448972816859621e-01 3.134124637399377633e+00 6.244482542798570179e+00 -4.726211984878371020e+00 -7.182844301924107278e-01 2.279910791443313300e+01 1.394341420894662598e+01 1.033398118035275282e+01
7.488544962385754733e-01 6.512576837609604929e-01 -7.468969598388839337e-01 3.375000792656345006e+00 6.319873981190514911e+00 -4.770560832356418146e+00 -9.813958567982881132e-01 2.370313758594800646e+01 1.593030455183674476e+01 9.941996067286972050e+00
7.318570993693847004e-01 6.244326979835825853e-01 -7.298882651332365690e-01 3.240499342008235750e+00 3.720929431116718256e+00 -2.424978174548038545e+00 -3.543871729248221358e-01 1.196859506450809540e+01 1.496028735899204953e+01 1.695683921371708314e+00
7.293609250550994183e-01 6.256954735320010563e-01 -7.262524717042876388e-01 2.538731898987796498e+00 2.830314448556230822e+00 -2.383948183287631473e+00 -6.921419386922518235e-01 1.164614196698961202e+01 1.148059663897384475e+01 6.731915177688595486e-01
7.289323364521845816e-01 6.293409008074020150e-01 -7.260848449841372787e-01 1.732378084157766507e+00 1.695607943758559610e+00 -1.849272271216430674e+00 1.535677042304277040e-01 6.668045146035448845e+00 7.250380279061685584e+00 1.864352001345682464e+00
7.291876024751005048e-01 6.363211681200676706e-01 -7.271066715927262392e-01 9.946032343274070486e-01 1.031951005044472236e+00 -1.378662420957686319e+00 1.572829465535306726e-01 4.906225890957164104e+00 4.185222258503389803e+00 1.353372015680986085e+00
7.306080650024058265e-01 6.422771520056511640e-01 -7.283029872284381145e-01 1.255203555240482771e+00 1.118411127678718753e+00 -1.578687943722318465e+00 4.430629175350799809e-01 5.104321382893538761e+00 5.283287343934023106e+00 1.353851274011779626e+00
7.324488197099064957e-01 6.451162067182829585e-01 -7.253939208974672370e-01 3.040065612000333761e+00 1.962591909043866378e+00 -2.887082623406374449e+00 1.452537915138354174e+00 7.269431675844855612e+00 1.270341969357858325e+01 2.662224376677277515e+00
7.337359824601998870e-01 6.463098649455216727e-01 -7.130593890817765734e-01 4.959802317542043149e+00 3.264816184629269813e+00 -4.794804357020143293e+00 2.316100975349566049e+00 1.249002330908334990e+01 2.088308623770166506e+01 4.022185983734403614e+00
7.335167245336312591e-01 6.464879342474987300e-01 -7.091887372392720046e-01 4.964018814219894438e+00 3.384589680577806625e+00 -4.834857771214420730e+00 1.957848078765199951e+00 1.306106195647117119e+01 2.102717969883408955e+01 3.515731662994335593e+00
7.301996268197575857e-01 6.471674318410957083e-01 -6.922706608016111485e-01 4.393068283939200569e+00 3.077239716176148221e+00 -4.457025313015924084e+00 2.195614426861951962e+00 1.243507616576301800e+01 2.192532170751966802e+01 3.481078507758382568e+00
7.262098871520190624e-01 6.476323968184598545e-01 -6.792165605742362944e-01 4.734947619603240732e+00 3.584185884095308694e+00 -4.681876019711952885e+00 2.061433466252744040e+00 1.219844462438858912e+01 2.211355559580679042e+01 2.638596160250993083e+00
7.238971755636637306e-01 6.485083453714057811e-01 -6.700926139589480357e-01 4.763745267229890779e+00 3.825695492714874302e+00 -4.899110088584889056e+00 2.477294334036431955e+00 1.242130523970838851e+01 2.325808275472364528e+01 1.448921525772452590e+00
7.194319112877913813e-01 6.516699823348379716e-01 -6.459964209846839056e-01 3.945645811714419526e+00 3.514976456578984276e+00 -4.615406330374916877e+00 3.648639724161776954e+00 1.072726778844180728e+01 2.377247897102547114e+01 3.907969398427320051e+00
7.189622206837810170e-01 6.526468164702194930e-01 -6.410342397840678164e-01 3.089146045740174706e+00 3.194231938488472977e+00 -4.200858279887871305e+00 4.305911485619809298e+00 1.010758849668222403e+01 2.367631620165335704e+01 3.495390708871760399e+00
7.168656401678429324e-01 6.617841531605567207e-01 -5.888253003324549484e-01 1.637437538370128065e+00 3.105961009442364418e+00 -4.423040563055084640e+00 5.366957360347855754e+00 1.224662395010496851e+01 2.566990110483580168e+01 6.038932727935709011e+00
7.148372607691824143e-01 6.634633123782525121e-01 -5.729681108763072794e-01 2.324322418786385347e-01 2.644825882684837204e+00 -3.772176373053751419e+00 5.944744031798653516e+00 1.245761031267610797e+01 2.552678807329000321e+01 6.104432606924229177e+00
7.127208637089399446e-01 6.641442048162995437e-01 -5.625724521874478912e-01 -6.349011846293008965e-01 2.299452277955050139e+00 -2.955254941488170140e+00 6.468165883460560650e+00 1.296550498100622839e+01 2.571533896908943362e+01 6.773750281079749413e+00
7.089798330756238443e-01 6.654215402619967357e-01 -5.464436474137315258e-01 -6.170242352388158880e-01 2.240775502719906331e+00 -1.952772798638327867e+00 6.291218196538983953e+00 1.373863031633714726e+01 2.606613019434895051e+01 5.879534825374170381e+00
7.049443196361971919e-01 6.673919473708831429e-01 -5.304879577673183855e-01 -4.536926827875834567e-01 2.155979817514326768e+00 -1.073961164131206569e+00 5.408257756600754362e+00 1.341654993058041967e+01 2.638624141236930498e+01 5.411121685325652741e+00
7.007367887834325959e-01 6.693172150004980114e-01 -5.148891278620011391e-01 -7.089722114661465291e-01 2.083806482199155763e+00 -8.185468345021221781e-01 4.654704470802975003e+00 1.318671968445955933e+01 2.584047851831229181e+01 6.377173378604998888e+00
6.981171616223456056e-01 6.709830816362736261e-01 -5.046051581434879418e-01 -1.273182483325342673e+00 2.128997217384077878e+00 -9.771737874800535684e-01 4.549822669058948499e+00 1.297742179418532871e+01 2.633627396365983131e+01 5.622738241000734050e+00
6.934357966228011927e-01 6.755558473894741622e-01 -4.833452241541336125e-01 -2.205573702495353672e+00 2.340530355848764898e+00 -1.480749088108649580e+00 4.548639262786125848e+00 1.327376041917124816e+01 2.714588492922158736e+01 5.080118169982537069e+00
6.908996974438263994e-01 6.784375014723714736e-01 -4.729802145485931808e-01 -4.750568931371393688e+00 3.329057785696470706e+00 -2.690220898811043870e+00 2.606044630766978898e+00 1.349340378923157679e+01 2.621864584164998035e+01 5.388843394789819996e+00
6.870110621834352171e-01 6.820790607449425114e-01 -4.580663894777689538e-01 -5.723255050963067525e+00 3.734449567649696711e+00 -2.529377238990230925e+00 1.215484845016799653e+00 1.419447391659380919e+01 2.600837268841714689e+01 6.108181557997412803e+00
6.814704074207005302e-01 6.852389784778185611e-01 -4.401251818214395040e-01 -6.387046407684641380e+00 3.962700038866698193e+00 -1.235381604759838936e+00 2.595889353993252602e-02 1.456254975559361142e+01 2.634784645893669719e+01 6.548838162266243934e+00
6.773802061601643665e-01 6.861853273841631573e-01 -4.276992790366068720e-01 -6.606699451627740416e+00 4.086063153532495384e+00 -7.353582570184649114e-01 -7.210971898835777383e-02 1.493504698100185557e+01 2.639298555351074782e+01 7.112683428461559210e+00
6.720710191173291381e-01 6.865018907734030673e-01 -4.121011590514414014e-01 -6.905480558125090873e+00 4.004183610208406741e+00 -7.190035202536519954e-01 1.965679730300254058e-01 1.384384859677907009e+01 2.667423868637005668e+01 6.961907170491873131e+00
6.709923540024586019e-01 6.867729024349760181e-01 -4.081235909869891376e-01 -7.198300575896588782e+00 4.273845056365509265e+00 -5.735898984877938478e-01 6.429844767457246757e-01 1.410874983717520870e+01 2.670871350071748296e+01 6.149538781020177147e+00
6.673658128300604675e-01 6.886280589291957632e-01 -3.897871117685590692e-01 -7.784191178020266833e+00 4.706686534469038286e+00 -8.931842008306019043e-01 9.792497117812932750e-01 1.472599185269896438e+01 2.851517657406082762e+01 6.191983127310988877e+00
6.633899416794293291e-01 6.909990414235462897e-01 -3.689282465568584635e-01 -7.722020104220593595e+00 4.920963027139796608e+00 -9.808491183691390169e-01 6.045951887200291530e-01 1.637814787803857541e+01 2.869392769168651469e+01 7.614160914553083082e+00
6.599894766325867801e-01 6.928759009547238445e-01 -3.536218890789537550e-01 -7.396886971593994886e+00 4.605262805998323827e+00 -1.403153471802574659e+00 7.518890581864589029e-01 1.483459360008692762e+01 2.773460582907271998e+01 7.035996680327040842e+00
6.555514030989060270e-01 6.959954556112120105e-01 -3.341991090282787624e-01 -7.335649558877720189e+00 4.610056926681018297e+00 -1.731592341609156538e+00 9.932927423032333891e-01 1.443026989127117155e+01 2.754133958439167884e+01 6.801375897599045039e+00
6.567182046595497757e-01 6.950519921288214054e-01 -3.391541217472721637e-01 -7.456073926007381836e+00 4.736182194367832388e+00 -2.082572851251458523e+00 1.161934750642257708e+00 1.435011710174629407e+01 2.820156302350026323e+01 6.896309331889882266e+00
6.507518539098362531e-01 7.013451703979052265e-01 -3.084797767207847485e-01 -7.374868225258775389e+00 4.741586645146902868e+00 -2.572414789083109277e+00 1.105592978611590782e+00 1.343746866578152854e+01 2.840380499446681739e+01 6.262606294618892733e+00
6.493278390157930513e-01 7.035203189854318806e-01 -2.981339883058963247e-01 -7.666913183483934802e+00 4.746573194873112911e+00 -2.920643844467781580e+00 1.287006108291808948e+00 1.312597615763571568e+01 2.824638294494343072e+01 6.697797033431244884e+00
6.471517556823722650e-01 7.086379000883495927e-01 -2.698985192086530427e-01 -8.931375133226415741e+00 5.153423121551539587e+00 -3.688051985693816093e+00 2.014619202963048750e+00 1.214972822310189571e+01 2.975565536385711951e+01 6.799856619501919219e+00
6.469985742257724493e-01 7.095205134096274069e-01 -2.641665319179786198e-01 -9.536053900298780306e+00 5.534976941991345711e+00 -3.758893987996213326e+00 2.314267309527305194e+00 1.249719942637170078e+01 2.975962511839526314e+01 6.925342225017505626e+00
6.468562839791431873e-01 7.103240275243509760e-01 -2.582639906142463748e-01 -1.004796858954445504e+01 5.739779932463829226e+00 -3.848414221851372385e+00 2.636121446109559230e+00 1.263007216265740240e+01 3.004859660477967509e+01 6.613481675782322711e+00
6.460391449734419478e-01 7.126541343444307008e-01 -2.337705578904420989e-01 -1.073950920522919361e+01 5.968165144135813449e+00 -4.107653709770070272e+00 2.608878445008277591e+00 1.314295770102457617e+01 3.170364907783653052e+01 7.150577885697396496e+00
6.453860866273517516e-01 7.134080794343775622e-01 -2.216857375778938655e-01 -1.106912273677816749e+01 6.323260096208899839e+00 -3.878950471623610063e+00 2.665632443761692727e+00 1.405516482823069957e+01 3.157543642422909613e+01 7.393991694930240222e+00
6.422883158266915471e-01 7.156830387428250173e-01 -1.868654130134414226e-01 -1.132354250246801186e+01 6.481021577751013396e+00 -3.558119420603525818e+00 2.904250272272197897e+00 1.463811955178478641e+01 3.058029326037938489e+01 7.297638233456703816e+00
6.404415415011172064e-01 7.170383276230533065e-01 -1.700714450566001845e-01 -1.282818923739826289e+01 6.162081415066224643e+00 -3.730556756441084421e+00 3.587841849349372225e+00 1.294382871277430169e+01 3.160895865292019025e+01 7.271010922413230659e+00
6.396804066905350528e-01 7.175558488649951272e-01 -1.645623348808122333e-01 -1.297478234352176152e+01 6.289745630624367756e+00 -3.522104972612891238e+00 3.864584212334166491e+00 1.300082895089558477e+01 3.125016881199156416e+01 6.710352231640195342e+00
6.371847571443437497e-01 7.196381419470330165e-01 -1.485200071004951217e-01 -1.298848223873019947e+01 5.967743341526742462e+00 -3.486143552573498727e+00 3.992807453514918059e+00 1.192246447819553801e+01 3.082336566202813088e+01 5.671703448630069921e+00
6.318155549796612425e-01 7.246585482960619107e-01 -1.157316158217782109e-01 -1.382505812700830994e+01 6.239667883049530239e+00 -3.081022665250348069e+00 4.339301297114755762e+00 1.248603541490066426e+01 3.115771491295280171e+01 6.166950410969299412e+00
6.309798864321478629e-01 7.259774694432927777e-01 -1.104862894340012947e-01 -1.415122058264629956e+01 6.170069649967659053e+00 -2.974266375307604626e+00 4.680507419508058042e+00 1.182057445855557809e+01 3.148752456913692299e+01 4.626640344583449860e+00
6.285680039818102305e-01 7.338113037922485704e-01 -8.822954374762209673e-02 -1.373156815500824024e+01 4.544578489399826893e+00 -3.271425116646038411e+00 4.402234819043445491e+00 7.641233114946341054e+00 3.065380127785014253e+01 1.932512008284637650e+00
6.277388159354750918e-01 7.418006781597170640e-01 -7.352243717139508861e-02 -1.310426135194182784e+01 4.282063815777037874e+00 -2.347213573934288533e+00 4.624999421014170053e+00 6.994855338066320982e+00 2.785050502686792129e+01 -1.117008394335931687e+00
6.276003320369059058e-01 7.448369453699825726e-01 -6.929229678750395416e-02 -1.216946754928975061e+01 4.084390050773463621e+00 -1.989474532435831389e+00 4.476625531988956297e+00 6.676821499140100258e+00 2.564758509981358969e+01 -1.986257280870377118e+00
6.278028895546930999e-01 7.555731654291211186e-01 -5.862309843595447933e-02 -1.079905966306691845e+01 3.202313301803703993e+00 -1.936384282491151465e+00 4.321549853602036251e+00 4.318223280148720811e+00 2.277633466235342752e+01 -6.080573288204559113e+00
6.269416802474725436e-01 7.734824439936934803e-01 -4.975655058311331813e-02 -7.979131704726913021e+00 3.244388689218881350e+00 -8.200746612600908758e-01 4.003622375479201523e+00 3.634762938866344939e+00 1.598309309642799114e+01 -1.042683893074714341e+01
6.276901090615290002e-01 7.935837512453413067e-01 -4.254037274833150084e-02 -8.545306797359090822e+00 8.756562948701862581e-01 -1.294005176014678238e+00 3.763360388356546071e+00 -3.335642444308108079e+00 1.551771462648259536e+01 -1.712688526709370151e+01
6.289703835045482583e-01 8.042959516875665127e-01 -4.036629846176659209e-02 -5.694298129361058614e+00 -3.344321840164603543e-01 -8.280858562640647236e-01 2.417927904867799516e+00 -5.244130105788547880e+00 8.982360847966996076e+00 -1.665733141078201385e+01
6.317193361069031177e-01 8.159162890144526781e-01 -4.348828385221240045e-02 -1.126598018549919145e+00 -9.359220012600625305e-01 -3.720600568060537516e-01 9.780379866255516363e-01 -6.063503610529576981e+00 -6.959610695809537173e-01 -1.617232955936775696e+01
6.355283822985431375e-01 8.224641061959281352e-01 -5.379278808902090980e-02 1.925518660528904080e+00 -1.965595983409741399e+00 -3.877290352480739499e-01 -5.003914080930751407e-01 -7.845342455433613971e+00 -7.482613845569544786e+00 -1.616561662172519220e+01
6.452300614165134007e-01 8.270557575758633595e-01 -8.719294677740174748e-02 7.120801055248942468e+00 -3.594528652697958293e+00 -7.539855528506771432e-01 -2.628509185196705733e+00 -1.114362783779572830e+01 -1.847373635912082079e+01 -1.828219982130080012e+01
6.476284044630282732e-01 8.284755318615719677e-01 -9.958053371604133619e-02 8.028345694849415182e+00 -3.826611202700796355e+00 -8.020301427537392946e-01 -2.843831460815018808e+00 -1.151386413657681196e+01 -2.067086554069730298e+01 -1.893532720268082770e+01
6.507530155561018770e-01 8.321587100605051246e-01 -1.211659133956396739e-01 7.911714772191665190e+00 -3.838884871706715884e+00 -7.464864970456115412e-01 -2.522023004117786904e+00 -1.148827167757590395e+01 -2.252228172667366835e+01 -2.052750251440754425e+01
6.502797247608254061e-01 8.364897182432534661e-01 -1.342523281873995722e-01 9.028144209955829780e+00 -3.241722685642917323e+00 -4.620148991102309699e-01 -2.373696035290177697e+00 -1.009788271161344753e+01 -2.370144917268797613e+01 -1.956956796992335867e+01
6.484884860921460437e-01 8.399710232580761549e-01 -1.467876918169077061e-01 1.049714687211178976e+01 -3.517334730207360760e+00 -3.134968763667577152e-01 -2.780978819314613215e+00 -1.008352373296001225e+01 -2.660629216816771603e+01 -1.648574987128599645e+01
6.464072305043633282e-01 8.428401113057664151e-01 -1.585863073543792856e-01 1.008221806403135368e+01 -3.266181705306390182e+00 -4.808759703384779538e-02 -2.264240366253104764e+00 -9.771882085615896330e+00 -2.643179930547936962e+01 -1.541737286734046641e+01
6.458025216210695474e-01 8.437347690474076289e-01 -1.625229779949611264e-01 9.533210333779091883e+00 -2.878346676030150597e+00 3.130285812032278514e-01 -1.521131887833930607e+00 -9.595652401306837831e+00 -2.664444628166252826e+01 -1.511638808157350233e+01
6.439038379290560332e-01 8.467188431403674942e-01 -1.837778018037240779e-01 9.390767677006268244e+00 -3.212857451768447170e+00 5.029427895691112038e-01 -1.309679447508189432e+00 -1.081945008904351546e+01 -2.705264602493831916e+01 -1.292717561283500416e+01
6.439637839462909463e-01 8.469832454448400494e-01 -1.923412266508786883e-01 9.172883866418791499e+00 -2.626673950905471067e+00 1.050907646480273128e+00 -1.182768982955745951e+00 -9.936206721955260335e+00 -2.657451545100012069e+01 -1.161392870162677937e+01
6.449668097228555830e-01 8.466628829674495149e-01 -2.153626414605977202e-01 9.685710947314962738e+00 -2.195407956756314949e+00 1.542981190262824098e+00 -1.235181892035594586e+00 -8.945683442951196440e+00 -2.793046373346517441e+01 -1.112283399632092085e+01
6.450551392849583898e-01 8.466785264221540208e-01 -2.206684033579855431e-01 1.030326654426919397e+01 -2.236079627937368919e+00 1.698382989405525567e+00 -1.467202760389260119e+00 -8.818801645683358004e+00 -2.891349930813602498e+01 -1.109943866120512723e+01
6.450573517521729361e-01 8.466197394387047215e-01 -2.371180890540818820e-01 9.368129437955111882e+00 -2.115482360627706448e+00 2.206145003031780405e+00 -6.914592838440183353e-01 -9.059461147110907220e+00 -2.874104627075563911e+01 -1.072496102965701681e+01
6.446744810898212830e-01 8.470268174041470921e-01 -2.585962375116033218e-01 8.384422619657749820e+00 -2.106124251097275302e+00 2.429535776005918635e+00 -7.263986659434518156e-02 -9.348162502809046259e+00 -2.763357914113036173e+01 -1.042112531939297604e+01
6.440814136115425859e-01 8.476021737164153302e-01 -2.695273206405923161e-01 8.599725057132495465e+00 -1.717790179794856265e+00 2.912550571724393134e+00 1.145724121791178995e-01 -8.333795329579581690e+00 -2.892703246672635586e+01 -1.053892153820750366e+01
6.428510579915739376e-01 8.484496814628214034e-01 -2.864875949013386824e-01 8.589689737036493966e+00 -1.907857512973628378e+00 2.996265034777505054e+00 2.535217595593012296e-01 -9.171488319364707209e+00 -2.963000756816342829e+01 -1.051381351067123227e+01
6.413302741292596920e-01 8.483631502284739723e-01 -3.038206166836506239e-01 8.834160903836639989e+00 -2.088390327909944943e+00 3.074145622511197828e+00 6.321518260818131951e-02 -9.311857722998501785e+00 -3.020949807744635507e+01 -9.726164710321363316e+00
6.398102788500217297e-01 8.474469523433137974e-01 -3.224272820549657359e-01 9.226893628739384567e+00 -1.946079259747728107e+00 3.697815564088256846e+00 2.329533462382741282e-01 -9.081370610038584701e+00 -3.282227072685226688e+01 -9.890963851968667342e+00
6.386948363317871413e-01 8.467455295648003144e-01 -3.348735367884574377e-01 8.986115165684498862e+00 -2.058767256785193567e+00 3.658408454475250426e+00 2.443129998924055135e-01 -9.095854390614508844e+00 -3.222162554082399311e+01 -9.735742032862750861e+00
6.367283663844381936e-01 8.455286927143822462e-01 -3.529612784346192189e-01 8.840849602156746201e+00 -2.397269323207483982e+00 3.455592179675777142e+00 2.115765415472664612e-01 -9.623372547655680620e+00 -3.193417667745318766e+01 -9.051512372968135267e+00
6.355363390902064591e-01 8.432481134740307249e-01 -3.762806235132752364e-01 8.452257419272456218e+00 -2.350658078472135593e+00 3.278698245396968414e+00 4.922570424080485729e-01 -9.757825650123741923e+00 -3.197049618131649140e+01 -8.509071005804328180e+00
6.356862864480972153e-01 8.405266300439178107e-01 -3.990858944590765511e-01 8.036075650966264305e+00 -2.507025634877568798e+00 2.806241015022526319e+00 9.545921235432011098e-01 -1.050926668456672353e+01 -3.217471007548644479e+01 -8.343599451911911657e+00
6.364095355841150603e-01 8.387922948914112720e-01 -4.099570865527470964e-01 7.886706360463725751e+00 -2.574194411044181230e+00 2.533434338092754423e+00 1.322711765796673600e+00 -1.058697194518407159e+01 -3.253759493060410790e+01 -8.350337766309017695e+00
6.379942628100736535e-01 8.342005001090474492e-01 -4.373244055572317324e-01 7.522565725542289528e+00 -2.822264241603562152e+00 2.026926589880870822e+00 1.519689068107920038e+00 -1.129285906062998457e+01 -3.177860811858917600e+01 -7.384451250684237245e+00
6.402887513954986787e-01 8.281080269026522833e-01 -4.582843006050167922e-01 7.878552676255197618e+00 -3.333134178177238560e+00 1.772445724959091251e+00 9.589517844341371999e-01 -1.158666494880145947e+01 -3.215316132510081815e+01 -3.847099685947090286e+00
6.428494405780692533e-01 8.216035193160863281e-01 -4.748243275848496592e-01 7.754913571361217173e+00 -3.132868607254454929e+00 1.990147517113856512e+00 1.006080249304174501e+00 -1.084952767421334485e+01 -3.229009195131066434e+01 -4.159079849466688295e+00
6.471313228849616683e-01 8.146218169554650945e-01 -5.093052512324131031e-01 7.468587753502466953e+00 -3.364498809582797900e+00 1.783222666912210652e+00 1.857500955813628618e+00 -1.366799126108215212e+01 -3.353999867409177682e+01 -6.673320015433835906e+00
6.478972098117725675e-01 8.140881673297967192e-01 -5.155526417013486240e-01 6.864615004194425829e+00 -3.158961526314331358e+00 1.890346660275892265e+00 2.470758527599897114e+00 -1.397842047791398379e+01 -3.406677847915406687e+01 -7.162429580344731761e+00
6.507837278737933495e-01 8.124671925596067545e-01 -5.413337385885095276e-01 5.939447610200491390e+00 -2.713412992746002672e+00 2.074682222331635906e+00 3.548336523838307333e+00 -1.488336283296296614e+01 -3.509346776311699756e+01 -8.899776503922016246e+00
6.515283247773933084e-01 8.125060459312137828e-01 -5.475233828341057318e-01 4.826320854994684773e+00 -2.239543103668799162e+00 2.200465098429317035e+00 4.092376890014870483e+00 -1.550046766676736176e+01 -3.421747766887049380e+01 -9.353180268532607755e+00
6.536538081949812007e-01 8.132961289161788621e-01 -5.646074698334087039e-01 4.112166095283783740e+00 -1.986492109283536367e+00 2.497925481873402465e+00 4.113487466028476369e+00 -1.519071203850022478e+01 -3.388243814442444091e+01 -9.143323658344295168e+00
6.549271308051654028e-01 8.132088045515625252e-01 -5.799966032370424962e-01 3.800401495398217033e+00 -2.094001766213070770e+00 2.544686868773898603e+00 3.801573750705069532e+00 -1.404402395027122807e+01 -3.303354284259114593e+01 -7.884952539769628288e+00
6.566512278984009132e-01 8.111125750259556844e-01 -6.054941700271345706e-01 3.630000793887732780e+00 -2.108783565663834292e+00 2.686377833353351452e+00 3.764713203761032023e+00 -1.367727411759040734e+01 -3.303738374440319348e+01 -6.929464314817851189e+00
6.572668773192946734e-01 8.069589681849607121e-01 -6.202787832832445947e-01 3.176303324632677949e+00 -2.135019782396522459e+00 2.907559268160068378e+00 3.786137482387625486e+00 -1.373130961404547357e+01 -3.300454536754590862e+01 -4.966937774926250881e+00
6.574446224124381732e-01 8.048349725910850516e-01 -6.256696818268716598e-01 2.769353410208647226e+00 -2.002862288372358357e+00 3.356896826830218394e+00 3.725781033588790425e+00 -1.298608523696552020e+01 -3.401934365581090702e+01 -3.703956081907544107e+00
6.582367367950188175e-01 7.961403464113139261e-01 -6.532680348096325806e-01 2.081470172779869010e+00 -1.000325390505976575e+00 3.995166231320662398e+00 4.248055454909088091e+00 -1.335400400931989751e+01 -3.285175663594398543e+01 -7.728095186361217728e+00
6.583304347886028696e-01 7.952577765556257949e-01 -6.583521596177397406e-01 1.917200623130318471e+00 -9.629793763175560350e-01 4.107516672489921916e+00 4.089860152238549595e+00 -1.240485229680050239e+01 -3.268310069167463894e+01 -7.140518409682933942e+00
6.585860098241933525e-01 7.925218560838892534e-01 -6.808166292233926997e-01 9.444720799506551856e-01 -7.244725010300674395e-01 4.538276180004202409e+00 4.041680522877315163e+00 -1.288962138050239048e+01 -3.221561619387032493e+01 -6.694157544538682281e+00
6.585711546376764591e-01 7.926624361701114507e-01 -6.937087062562256046e-01 7.333007243869466008e-02 -4.301562369304618993e-01 5.140488856189386446e+00 3.507124035079705493e+00 -1.135895442088536456e+01 -3.144882471454947037e+01 -7.447017334771206087e+00
6.585038032357823923e-01 7.937686692907413022e-01 -7.020809884941184853e-01 -2.127433740897674841e-01 -2.444470104687377354e-01 5.439059669488472970e+00 3.643983203503184942e+00 -1.220574167718497272e+01 -3.196446116070310950e+01 -8.062546168096439203e+00
6.579748979531324649e-01 7.956837738592309472e-01 -7.143407313727150321e-01 -5.736305906946810307e-01 -2.917731668152037106e-01 5.560378220158757046e+00 3.427496740867552294e+00 -1.174049049276453260e+01 -3.157827597049184831e+01 -8.078142405548295102e+00
6.576883695012993858e-01 7.969057287459190286e-01 -7.225951700421654467e-01 -8.731656760746466794e-01 -5.624616285996248966e-01 5.658296662778034225e+00 3.212972600102535381e+00 -1.152856614225681398e+01 -3.156271408376909093e+01 -7.571522515501410311e+00
6.562070267172879223e-01 7.987834984195490984e-01 -7.353986169633978109e-01 -1.119872399188201584e+00 -4.284819105470862866e-01 5.960971695721475783e+00 3.130582355453202847e+00 -1.129780469767091411e+01 -3.188121755334925211e+01 -8.064690189034768864e+00
6.543171895371009406e-01 7.995292588859966854e-01 -7.474478904044278282e-01 -2.208377825402782157e+00 -4.289346631805743826e-01 6.023427127931187286e+00 2.768263920893167196e+00 -1.028012894494602847e+01 -3.038150644981562110e+01 -7.680642685875353592e+00
6.527230204828102789e-01 8.000613838430883362e-01 -7.586212009831040382e-01 -4.146994533977043651e-01 2.778796605505178263e-01 5.964149511499736711e+00 2.580730457884454321e+00 -9.008965191610462497e+00 -2.908115454674441835e+01 -8.175259400785789055e+00
6.510976287647729510e-01 8.010789263580108122e-01 -7.697310472400826775e-01 1.094520675066173565e+00 4.316062135058957860e-01 5.674363086586367899e+00 2.790818666297766981e+00 -8.852204656898495116e+00 -2.930809276686085241e+01 -9.016365923615264677e+00
6.495123509102435078e-01 8.080600200233907238e-01 -7.846520212477355871e-01 2.831471529722857650e+00 -1.204508285247246624e-01 3.636248012338099578e+00 3.030508449985138242e+00 -7.711578409802800849e+00 -2.529913942514877689e+01 -1.253900849863767952e+01
6.508632605967392681e-01 8.221613696017605610e-01 -7.906889805357417700e-01 1.611050732193513246e+00 2.242650853070687900e-01 1.992336613813714408e+00 3.632896601241622392e+00 -6.734379034101011463e+00 -1.723868300651984953e+01 -1.657573403956077840e+01
6.520885772641618061e-01 8.289416264655815603e-01 -7.896095340415133501e-01 8.660598709480284985e-01 2.827309286170165969e-01 1.179615605140903245e+00 3.571268200123240533e+00 -6.001480197368538327e+00 -1.168964307515396861e+01 -1.689160506571301923e+01
6.533484071509276792e-01 8.355110147312786451e-01 -7.861275819249352592e-01 2.862693705827007440e-01 2.983421945713771728e-01 5.326886843889404588e-01 3.033506083751469795e+00 -3.393265966911968690e+00 -6.079518377837459298e+00 -1.546469507022533207e+01
6.558591848009709402e-01 8.496471841276188597e-01 -7.647492022536136469e-01 -1.011474662779165756e+00 1.466568401235596730e-01 -6.400354242197447974e-01 2.024942044576335753e+00 -1.001460997880891490e+00 5.677536213826365419e+00 -9.005484953413693816e+00
6.584549424770633763e-01 8.558568660525844862e-01 -7.491609526017719567e-01 -2.112460134476629836e+00 8.022419827776081092e-02 -1.499289342199025654e+00 1.576082946438198018e+00 -3.270902920742225772e-01 1.153747021046913801e+01 -8.335533017301957059e+00
6.636316579653519510e-01 8.650393187096362402e-01 -7.262187987650351451e-01 -3.513559941012602383e+00 2.285268078168191108e-01 -2.372595213077903775e+00 -3.136617042771375763e-01 7.693533081284722464e-01 1.749746273790711726e+01 -5.354596355825477438e+00
6.676250720668099881e-01 8.758435140565125065e-01 -6.993714104677973831e-01 -2.950543158309471892e+00 4.845779337349336857e-01 -1.573453775099865615e+00 -2.010302132839051126e+00 3.951081483494354174e+00 2.210326393029395931e+01 -7.253034537861908770e-01
6.692392025109432652e-01 8.832106956917590290e-01 -6.779168438823944820e-01 -2.872416300791059474e+00 4.328938510358347758e-01 -1.451105725115420242e+00 -3.214066154384105367e+00 5.042392149505115384e+00 2.219629854548599113e+01 2.017723777416349229e+00
6.696316124115717638e-01 8.847088698306487808e-01 -6.726357097654593886e-01 -2.953587054349211982e+00 2.530265910350874559e-01 -1.702509426436316975e+00 -2.872529284461529997e+00 4.052778745062172838e+00 2.279047201040591375e+01 1.925601768888203225e+00
6.729745636985798862e-01 8.868639480943226738e-01 -6.450484538913437982e-01 -1.565975097084202350e+00 -6.650427628842054961e-01 -2.364361245279464008e+00 -3.771837597326606950e+00 6.017322191757624061e+00 2.684083630878375715e+01 5.779174784524673925e+00
6.744431859751711666e-01 8.871417694341409144e-01 -6.335012746541675011e-01 -1.430963248091407847e+00 -5.566361994250030865e-01 -2.308194565391391784e+00 -3.745177629832547872e+00 8.350306661073405579e+00 2.784930609074393715e+01 7.048954099930246464e+00
6.763942059286456310e-01 8.880297953824866086e-01 -6.105913168567058680e-01 -1.957796989901920970e+00 -5.761147377847231077e-02 -2.115296682503647663e+00 -3.311126863256493635e+00 9.032851226268940437e+00 2.865697755378821299e+01 7.495329764018283214e+00
6.761896638089375244e-01 8.883478431417436427e-01 -5.996264461560706360e-01 -2.321966723712140634e+00 3.053979555534236945e-01 -1.943195065886846429e+00 -3.567383411507563107e+00 1.001262770912535593e+01 2.965288580241432115e+01 8.425012588731934926e+00
6.754519388763692289e-01 8.891507997850414124e-01 -5.883852524612690482e-01 -2.925303088524234596e+00 9.078209016729907876e-01 -1.650326066380652268e+00 -3.824455317319311654e+00 1.131256630880780634e+01 3.126019892999008931e+01 7.746397302825520192e+00
6.735893406236665992e-01 8.909574827305359879e-01 -5.653547125215409030e-01 -4.655502849419531408e+00 2.213843175589491619e+00 -1.417191936384470274e+00 -2.944537966053753397e+00 1.222396933408821518e+01 3.196246197757125174e+01 7.592978850978945538e+00
6.682076972659609648e-01 8.988177743152254706e-01 -5.240413499771362504e-01 -4.752285392612709103e+00 2.163946917678063020e+00 -1.669629874704456896e+00 -3.319370683772085329e+00 1.251656630792129121e+01 3.292456040509927817e+01 8.526785715043930125e+00
6.674275223276969760e-01 8.997627400194312397e-01 -5.181484929943087625e-01 -3.966520309110897813e+00 1.615406709795554452e+00 -1.486622556609697110e+00 -4.422326806859418369e+00 1.237164163180507970e+01 3.261433390775868446e+01 9.006594874703521825e+00
6.667191326261381334e-01 9.005891223401808476e-01 -5.125509683649517312e-01 -5.998655967187020543e+00 2.216218048415833586e+00 -1.075339055349430417e+00 -2.594674443251893337e+00 1.246950449543593642e+01 3.175588601113709331e+01 9.407137325068516631e+00
6.638918808969478391e-01 9.014475520152188670e-01 -4.862530817662483185e-01 -5.725339197567743454e+00 2.128257407721948713e+00 -5.558609535146992187e-01 -3.529671564302239162e+00 1.307403048440530746e+01 3.279969421045552025e+01 9.668512077938748561e+00
6.632125322731221573e-01 9.014782398440258637e-01 -4.753471907326726198e-01 -6.487878642615454439e+00 2.272701656862975206e+00 -6.761567059785287270e-01 -2.980625525565281819e+00 1.259882707552360159e+01 3.328814774905066542e+01 9.789936096729178416e+00
6.624532937276892408e-01 9.021595777070847699e-01 -4.519257708646157168e-01 -6.733706738336941555e+00 2.391882977212712369e+00 -7.064979725019637780e-01 -2.810817655836452822e+00 1.293561925600899087e+01 3.372938109209699320e+01 9.293302609875597753e+00
6.622356299749605490e-01 9.022919960664447236e-01 -4.459706277003461783e-01 -6.112929591539749907e+00 2.261198651071197219e+00 -6.653211981953839338e-01 -3.331731117749423099e+00 1.376262475422569942e+01 3.322543191223139303e+01 9.893580126157976551e+00
6.606143547698244411e-01 9.049789686346656481e-01 -4.081778599550124342e-01 -7.910391778451984379e+00 3.015561839518044795e+00 -8.025872953007899824e-01 -1.823773061626849934e+00 1.373761530669504971e+01 3.366396322747692693e+01 9.657473647982536491e+00
6.597631903490471794e-01 9.062728097386907322e-01 -3.899623516717456995e-01 -8.029752335222188009e+00 2.621036720126617148e+00 -1.269532679209087744e+00 -1.525457031668326247e+00 1.235542853620557224e+01 3.302101225084168590e+01 1.070131168072763117e+01
6.589358138910461626e-01 9.070533830153498789e-01 -3.729927218590166071e-01 -7.849742097690239895e+00 2.792951922610725557e+00 -1.184875330434134844e+00 -1.404668279998088298e+00 1.359822106100032713e+01 3.227753257120918562e+01 1.062961603336984773e+01
6.586223262647263876e-01 9.072620153932856590e-01 -3.675789508139633011e-01 -7.823923345041748689e+00 2.461139465362940371e+00 -1.551570577912969151e+00 -1.252813567849496934e+00 1.289545632560447253e+01 3.189744813584754368e+01 1.063266609781087269e+01
6.586024603874981453e-01 9.073044671682193307e-01 -3.410003424820123308e-01 -7.959667983451907070e+00 2.225744081572695876e+00 -2.126535294478113958e+00 -1.166737968878045040e+00 1.227188556166178834e+01 3.167185078371185725e+01 1.068407041195473361e+01
6.585322023025852456e-01 9.070713565643657716e-01 -3.358783861263235915e-01 -7.398590946839715521e+00 1.887960089973890199e+00 -2.306236318015212117e+00 -1.450562810773207145e+00 1.292755862326542449e+01 3.127067297696151371e+01 1.100860015206370868e+01
6.574511683475443569e-01 9.061353194293150226e-01 -3.047698163069065269e-01 -7.760770780961542492e+00 1.730334879380956759e+00 -2.491105009589380970e+00 -1.093781885827548095e+00 1.291345864718070580e+01 3.145010842927019468e+01 1.103367909961374238e+01
6.569635152785100463e-01 9.059826460230306910e-01 -2.933678938768113920e-01 -9.307767636396128808e+00 2.369258654335495429e+00 -2.600287140642526751e+00 -2.597017505279452521e-01 1.301187573364503969e+01 3.289426752171051049e+01 1.065823210318096415e+01
6.564330419465920219e-01 9.062853844109693968e-01 -2.815585379810966460e-01 -9.612208983952106323e+00 2.384194153939858563e+00 -2.917344272314843057e+00 -1.894750320585747716e-01 1.225256481372092843e+01 3.301625369633829621e+01 1.005086396512323788e+01
6.554647335807559649e-01 9.080752592358507513e-01 -2.574237462590738823e-01 -8.937756502559757621e+00 2.025159099110967365e+00 -3.077816123784115732e+00 -5.211475892379185959e-01 1.182912100008940470e+01 3.193679745005775317e+01 9.814008349662840303e+00
6.546403556451210193e-01 9.100974865184927598e-01 -2.261201686422183166e-01 -9.125312784812852129e+00 2.242924436286714673e+00 -2.960713659036925627e+00 -7.479938066514787987e-02 1.155507349088767555e+01 3.090070051319929689e+01 8.515431884149549546e+00
6.542927510301826954e-01 9.103346185546929981e-01 -2.202667480024753099e-01 -1.009877923748855011e+01 2.643354778654623427e+00 -2.925723600492606380e+00 4.159138989962675170e-01 1.216834329330431963e+01 3.209572956977584113e+01 8.563843827511607998e+00
6.518091683665685476e-01 9.115337814114061743e-01 -2.029373812276970002e-01 -1.088424402334006835e+01 3.712028254077461398e+00 -2.426643038367694682e+00 1.322540670260299311e+00 1.390535437751618453e+01 3.222931184412223615e+01 7.133443497432096159e+00
6.491690311104971745e-01 9.127061442774151434e-01 -1.915740807946129387e-01 -1.144151381675034962e+01 4.190460967279677540e+00 -1.967664347460260643e+00 1.972894920505367633e+00 1.453548668328406457e+01 3.201308357458214715e+01 7.555384099720562574e+00
6.441636196750835097e-01 9.143059450475632399e-01 -1.742481898686412400e-01 -1.207435801690152744e+01 4.633501649888799534e+00 -1.513787134393596023e+00 2.624229283829892623e+00 1.506079295503838722e+01 3.255243771441260492e+01 7.914423847047458160e+00
6.379058527520682365e-01 9.157152645283234138e-01 -1.582580687956017806e-01 -1.266037553812920535e+01 5.790454486400791190e+00 -9.497470947229662563e-01 3.280085452291707337e+00 1.706712092231786215e+01 3.250837438767241849e+01 8.171509301554563010e+00
6.263065548665416316e-01 9.198405262385097592e-01 -1.343225648006101669e-01 -1.252420538694203067e+01 5.996632576866295139e+00 -7.324313047887973660e-01 3.599214164613720346e+00 1.652775092749402219e+01 3.116180824309406816e+01 6.604771399212420846e+00
6.221325717012204937e-01 9.211585175735969022e-01 -1.269276041479291961e-01 -1.154048872667859449e+01 5.916228256149061338e+00 -3.713348412993804359e-01 3.498093653142855253e+00 1.621400508077682545e+01 2.870792972905895013e+01 6.970771786789120128e+00
6.202952402240423657e-01 9.217761873072028989e-01 -1.234763457359631250e-01 -1.146755995673188444e+01 5.923817390844389408e+00 6.133503490389036195e-02 3.817478242418925749e+00 1.581290443688378744e+01 2.799453008983405766e+01 6.700699859306880057e+00
6.140254390984318800e-01 9.247761776071093953e-01 -1.094222874274246304e-01 -1.194713499167587223e+01 6.268836413209233349e+00 6.124829237664355386e-01 4.634989514267223498e+00 1.518956244510876630e+01 2.734212643900738016e+01 3.516540996788184881e+00
6.110704684923033980e-01 9.355129864885611823e-01 -1.037063559766126797e-01 -7.003128870065228995e+00 3.601517185020682188e+00 8.391145928298218148e-01 3.262726437847293326e+00 7.007137666763777695e+00 1.280850992999879168e+01 -4.493394730745001731e+00
6.109807267998275115e-01 9.327722243366113331e-01 -1.029464889390850901e-01 -7.795042238804829715e+00 3.798059097251890837e+00 1.097434580460436626e+00 3.638384501565905538e+00 8.142639034332857406e+00 1.563150055411815131e+01 -1.834520199555988107e+00
6.147496083077124140e-01 9.544961037083302680e-01 -1.167324798402104291e-01 -2.997526278043457726e+00 -4.114817886357856613e-01 2.599496198917145007e-01 1.091159184152882267e+00 -2.998617442767856911e+00 3.283028998305936308e-01 -1.408252222513310059e+01
6.200517379503006632e-01 9.671724398023930913e-01 -1.371481496267354383e-01 1.917008263566199133e+00 -1.956105287952279337e+00 -4.559478096252681523e-01 -9.599369379662531232e-01 -6.698003046057670495e+00 -9.796378907216974241e+00 -1.483563300050617073e+01
6.229774585838316892e-01 9.713262225555345797e-01 -1.478026132031229345e-01 3.625247743046351001e+00 -2.454544955020473207e+00 -7.329638232760322669e-01 -1.638810310324266828e+00 -7.343180794326513272e+00 -1.263377201436276209e+01 -1.417183620199512006e+01
6.262906223536592876e-01 9.749512995518309078e-01 -1.637650119322971720e-01 5.726697681049462751e+00 -2.890234784838750848e+00 -1.087353542320190991e+00 -2.433472644338167346e+00 -7.890307572337251329e+00 -1.647792882715040008e+01 -1.399019407692854955e+01
6.275883296266233646e-01 9.762455949836033042e-01 -1.737626690678576724e-01 5.805410702463674966e+00 -2.752935595062609764e+00 -1.166568155960409747e+00 -2.157403633055112735e+00 -7.439710000253946909e+00 -1.724504683802118521e+01 -1.442783129140255838e+01
6.277611791903221494e-01 9.782229916202722642e-01 -1.878784988735497929e-01 6.900336731463192486e+00 -2.830979839333880754e+00 -1.418230388560814514e+00 -2.284034722403078366e+00 -7.503660820528231135e+00 -2.076878440235036649e+01 -1.539729122347508472e+01
6.266873809142268215e-01 9.802975070267211377e-01 -2.017688456328009805e-01 7.781810692219774062e+00 -3.465620406555336430e+00 -1.732986596206737229e+00 -2.457171230297490627e+00 -8.567503284857171053e+00 -2.314666805092208079e+01 -1.582954396383950879e+01
6.258678269789430537e-01 9.815709846811052630e-01 -2.107798403929074249e-01 8.030713728632081327e+00 -3.647853270987680308e+00 -1.990534336020335804e+00 -2.034212849974128545e+00 -8.767576853538889381e+00 -2.452846715775951836e+01 -1.578317777188641280e+01
6.244127884663710493e-01 9.845778306235357658e-01 -2.344914661750601703e-01 8.618383796265209895e+00 -4.500888256210711980e+00 -2.318677857782647234e+00 -1.860382182547242635e+00 -1.167245611479846623e+01 -2.743432217528516404e+01 -1.630426133746524897e+01
6.240546461956786306e-01 9.864163840157885721e-01 -2.439809861094143217e-01 8.639352992963397426e+00 -3.381583161990876274e+00 -1.693076884885469369e+00 -1.864964959027661351e+00 -1.072038366505515228e+01 -2.784189830062296522e+01 -1.609574871125977324e+01
6.238257776620931283e-01 9.905732821483939077e-01 -2.626208579950622957e-01 8.776086894985857256e+00 -3.705690515409116870e+00 -1.682150303754751164e+00 -1.844968005298763813e+00 -1.214172554205942944e+01 -2.847847424523227033e+01 -1.547600294164661960e+01
6.241107859419074977e-01 9.930605071807172557e-01 -2.773560287799256008e-01 8.156173327398123618e+00 -3.141655328110569023e+00 -1.130668130126741611e+00 -1.027565313793805668e+00 -1.246550647415903512e+01 -2.930518008629060134e+01 -1.465723787155852342e+01
6.247024755916461558e-01 9.940634854005180321e-01 -2.876977819676647119e-01 8.330097133418886912e+00 -3.162021880825282238e+00 -9.249707032561960141e-01 -1.058586071315825938e+00 -1.320116657251420733e+01 -2.960668580460120936e+01 -1.352216713314128782e+01
6.275307522129284221e-01 9.945612773716584476e-01 -3.037130889818191459e-01 7.746775164553663551e+00 -2.527700931656971850e+00 -2.387400701702506733e-01 -3.240685598562666470e-01 -1.421516099129573618e+01 -3.018021310056566264e+01 -1.343283924282944852e+01
6.312550877230245217e-01 9.934699755054751114e-01 -3.194023168499837695e-01 7.520055503036291000e+00 -2.468910127750196803e+00 -3.967197954560197637e-02 -1.086497745639603690e-01 -1.432329997355569517e+01 -3.004670257128643129e+01 -1.245408123371160869e+01
6.364430274447303582e-01 9.916969284379060223e-01 -3.393661218021018500e-01 7.430862126745265250e+00 -2.230022404683970283e+00 2.260959228516965513e-01 5.133695584588643390e-02 -1.393743017582740151e+01 -3.004261306194072745e+01 -1.250335701100682329e+01
6.396275552918242457e-01 9.906843897642341190e-01 -3.546518106426521100e-01 7.701472009232797511e+00 -1.856184019792820106e+00 6.587066790237425806e-01 1.797134201739411519e-01 -1.358188793364239366e+01 -3.127932942150602003e+01 -1.185422918277097537e+01
6.440385072161451951e-01 9.885072899101305932e-01 -3.745226501987140022e-01 6.484004300600350490e+00 -2.144555170521581733e+00 4.289951196749055562e-01 8.294104171889929988e-01 -1.561522999846124726e+01 -2.974273401360886737e+01 -1.154190432582265657e+01
6.464029848526793298e-01 9.871330291705567861e-01 -3.840768306216030270e-01 5.519433916572356047e+00 -1.021308649363680043e+00 9.915893752270144024e-01 1.837692384763010889e+00 -1.406822971787963183e+01 -2.997034217094943642e+01 -1.107078001634979003e+01
6.487314059360518304e-01 9.848321297862000501e-01 -3.997518634967853757e-01 5.105913032057445733e+00 -6.251371914923471440e-01 1.298108422663292405e+00 2.521996044682033311e+00 -1.342813339269804196e+01 -3.105678622454374249e+01 -1.004398345566455220e+01
6.499563252809090752e-01 9.820299968279347924e-01 -4.227757646263389235e-01 6.237320845937480485e+00 -4.366355263278869359e-01 1.356100558817200152e+00 1.366739975037938981e+00 -1.253598750169583553e+01 -3.209481094692917935e+01 -1.016529939245571157e+01
6.498933948712053432e-01 9.804093059023099022e-01 -4.404347307173392956e-01 6.867294841543194472e+00 -6.056656197652386941e-01 1.292940252245612154e+00 6.570920724678680491e-01 -1.278464039240554762e+01 -3.242139400940627780e+01 -9.687796522447259306e+00
6.496787675879009960e-01 9.790617711947398050e-01 -4.523754187976833929e-01 6.695027910915271718e+00 -8.350422484490934716e-01 1.288805898431072183e+00 7.001610847769764723e-01 -1.381636465620546339e+01 -3.268717725288296805e+01 -8.775027302956960540e+00
6.501160330067983217e-01 9.773993831904973506e-01 -4.639247756448871551e-01 5.721342184460906921e+00 -4.162359903302061959e-01 1.512811432216123020e+00 1.211739328820572892e+00 -1.339761866325629924e+01 -3.128994790091039846e+01 -9.501547540409864823e+00
6.504883529360290240e-01 9.754293992686748904e-01 -4.802786293883001267e-01 5.535874840836103594e+00 -4.310227540120538103e-01 1.638264395291334274e+00 1.253157853583196646e+00 -1.286614369653909051e+01 -3.084940331391494439e+01 -9.369226467586235785e+00
6.504463978714768446e-01 9.736751902660512048e-01 -5.049790350362535207e-01 4.969733381432707375e+00 2.869474460101588686e-01 2.232948595134887526e+00 1.421659957351936399e+00 -1.045545019331244774e+01 -3.009287880254105474e+01 -9.001822862238984868e+00
6.504337819045156177e-01 9.730811833199231042e-01 -5.144283291793840807e-01 4.796290406819850638e+00 1.286264336371049088e-01 2.294672052262815232e+00 1.606309825400840996e+00 -1.138379013452195920e+01 -3.060091470836671590e+01 -8.562392388780544650e+00
6.502906647661419459e-01 9.715547428235372651e-01 -5.291024799484639329e-01 4.434763476130817672e+00 1.239779972019803278e-01 2.515371518408951790e+00 1.810189996947162872e+00 -1.140210856710775644e+01 -3.086708574650534942e+01 -7.860366718510123363e+00
6.503992612289202224e-01 9.690079584827216985e-01 -5.450366823232715152e-01 2.656258269869921307e+00 7.976117421084464310e-01 3.097883252851703517e+00 3.269870783462598851e+00 -1.140427328016382447e+01 -3.119451805814772882e+01 -7.333306080257783854e+00
6.506877945010264286e-01 9.653722017588800552e-01 -5.721615670904736106e-01 3.225239818828057325e-02 1.623343384307699422e+00 3.131802824500899529e+00 5.453726939313527922e+00 -1.071723354614264423e+01 -3.051227038910517919e+01 -9.172908088686826389e+00
6.509614807377236412e-01 9.644929456394460976e-01 -6.069918704611811933e-01 -5.552133797934623027e-01 1.042413970442525262e+00 1.948310579194750147e+00 6.192327448335915641e+00 -1.036240804725273001e+01 -2.895911481573722668e+01 -8.359079005624501235e+00
6.511588600835375162e-01 9.642598194354451424e-01 -6.147707439221494763e-01 -3.890064108154407396e-01 1.175489487582981329e+00 1.993598241434881846e+00 5.829825787058670272e+00 -1.021820780149785968e+01 -2.808393689515482450e+01 -8.855183296189338193e+00
6.555577531673262293e-01 9.645692703495397646e-01 -6.402605167907668982e-01 9.642150454054947417e-01 8.651649719822841478e-01 1.568607348279029257e+00 4.140647595328001529e+00 -1.220360500434522244e+01 -2.676205939895620034e+01 -7.320809875425749347e+00
6.564426448122088198e-01 9.640495310049762567e-01 -6.434538874044553047e-01 -2.046127505122140033e-01 1.217591312665141645e+00 1.702442174799334573e+00 5.027889862066311721e+00 -1.216469206117886337e+01 -2.685719693829258503e+01 -7.579163631081854646e+00
6.583195661170295754e-01 9.626238892295158056e-01 -6.501890103185269387e-01 -9.072986884370101146e-01 9.478291485645452541e-01 1.373710900166861038e+00 5.976469496231655576e+00 -1.125131550072708642e+01 -2.621787408107289608e+01 -7.853294686085196652e+00
6.634486577204448121e-01 9.597105553092883934e-01 -6.669997592671073061e-01 5.836127510965390952e-01 6.677001325485290018e-01 7.528319479697060945e-01 4.601009810355092711e+00 -1.298197388793653140e+01 -2.590038227830260098e+01 -8.074334303023134041e+00
6.653724990316994825e-01 9.579017488111888357e-01 -6.741523311531381069e-01 2.546909043457660227e-01 -1.596323250823233897e-01 -2.630517184643762496e-01 6.947986088581567188e+00 -1.283138839866462000e+01 -2.679625709311161330e+01 -6.968764066699750792e+00
6.662266169214456912e-01 9.568564949179310108e-01 -6.778693973707653475e-01 7.682536892706075538e-01 -5.302948622593023353e-01 -8.925029883299777644e-01 6.919352074126824625e+00 -1.206454524231433822e+01 -2.613229168057902285e+01 -6.999276683089894036e+00
6.692586733555220269e-01 9.515664279575406503e-01 -6.976684718162393661e-01 9.260802603153601709e-01 -5.294588505824302516e-01 -9.445575433789066278e-01 6.934531210118576539e+00 -1.163867098669265410e+01 -2.637451236646604968e+01 -7.203567240762817292e+00
6.694678548047436895e-01 9.498631755087821871e-01 -7.057398387980485799e-01 1.111324379343930246e+00 -4.723001381730981274e-01 -9.984482630080198096e-01 6.520885791673844523e+00 -9.715694611113715240e+00 -2.548911757303200076e+01 -7.314763733565118997e+00
6.692319343476906823e-01 9.494535196998206139e-01 -7.096306892400147115e-01 1.220617281399882570e+00 -6.570282696764885300e-01 -1.234435824858030495e+00 6.596504021097730153e+00 -9.957477713806460073e+00 -2.470481212211064914e+01 -7.872357591395910958e+00
6.730589419907886395e-01 9.496206643459731422e-01 -7.434980577971126436e-01 1.666196991616142320e+00 -1.158424311806047768e+00 -1.806512761578051185e+00 6.298254654268149899e+00 -1.268351403755679918e+01 -2.269037557040165964e+01 -5.317045405025424110e+00
6.779518316401045297e-01 9.464492273297639979e-01 -7.504460813853003343e-01 2.226015672253275568e+00 -1.078602015119180191e+00 -2.011407032736072686e+00 5.375717566760127575e+00 -1.094176689377620804e+01 -2.205193587063746108e+01 -5.347563727046990678e+00
6.861702639161280093e-01 9.407156037364071688e-01 -7.577320914740598434e-01 3.062953587216466822e+00 -1.757180952646933081e+00 -2.379619932270317317e+00 2.399653426037160031e+00 -1.216920323648634827e+01 -1.884512983539692854e+01 -3.483383270478868532e+00
6.912498251045599007e-01 9.373801343658604290e-01 -7.598794249175996329e-01 2.160034720175430412e+00 -1.210094442638081746e+00 -1.592804840159082858e+00 2.027102744108172150e+00 -1.151247097351523685e+01 -1.554572600264541116e+01 -4.014633133738560566e+00
7.777310099514309627e-01 9.343659027653710147e-01 -7.023062907374695296e-01 -1.431914552927540329e+00 -1.619696237086806212e+00 2.119922879338416166e-01 1.983205675513505684e+00 -1.234100258935220040e+01 8.843152122015064620e+00 -1.547504936502217765e+00
7.888956984931845273e-01 9.346519529639513157e-01 -6.887679329152911478e-01 -1.608132671261042868e+00 -7.154387878908436971e-01 8.953184794168627114e-01 -7.175467317559581781e-01 -9.424875456362416415e+00 1.268618219524055668e+01 -1.106292343455380855e+00
7.923132107616197572e-01 9.347813485493061680e-01 -6.840785155812028062e-01 -1.272410367028525391e+00 -4.782716917585582705e-01 9.250321244308037372e-01 -2.558904142532829606e+00 -8.327265740799481009e+00 1.392161044494019961e+01 -1.022169663095180647e+00
8.014373525035144441e-01 9.350932215173963780e-01 -6.693827666993852343e-01 -1.572916330019624276e+00 -3.004419077460365184e-01 1.081700238286680271e+00 -3.300315441321127086e+00 -5.777801275814098858e+00 1.758921100879404875e+01 6.125119839300232627e-01
8.085617024929511176e-01 9.357907085725977181e-01 -6.529550274385138575e-01 -1.958981537627306757e+00 1.188548637210640191e-02 1.439845481292737039e+00 -4.238089256608685851e+00 -2.595329830941305982e+00 2.118456581563925312e+01 1.636109220007035292e+00
8.130861027346765191e-01 9.378451387099179248e-01 -6.307774201946220183e-01 -2.116747431682084013e+00 1.627618165933385763e-01 1.594425868315739070e+00 -5.021611596583926307e+00 -5.013397565247557086e-01 2.346711792896198290e+01 2.882114842987600678e+00
8.133167243615233577e-01 9.402413443610009303e-01 -6.138566899978298297e-01 -2.578261864784217039e+00 3.661970921002546397e-01 1.415687175133703235e+00 -4.257173188938653929e+00 1.522385641372446363e+00 2.501801981768071670e+01 3.672919409649392009e+00
8.122679446444471818e-01 9.422108886317949183e-01 -6.024178990525667077e-01 -5.970139340908890091e+00 3.859142735488420572e-01 4.117242876341364877e-01 1.889339158592543644e+00 3.389594758551979670e+00 2.622313056152136923e+01 4.820570089094372790e+00
8.089526455403216465e-01 9.479302504823260422e-01 -5.773925386063123444e-01 -5.737589603759103873e+00 1.423520689975324771e+00 -9.220858838248133793e-01 8.904743888850117361e-01 5.424852258680917139e+00 2.663404835451704500e+01 5.350860441550040925e+00
8.069923790996269553e-01 9.518435777671977460e-01 -5.576820709641961971e-01 -5.923420499050910948e+00 1.622593424185805322e+00 -1.397987968703970019e+00 9.052578021199683134e-01 5.631925487119331386e+00 2.831332716461112042e+01 5.531330314419845351e+00
8.068340815475787409e-01 9.540826066734179323e-01 -5.378168576992415906e-01 -6.655987333569496123e+00 1.801363508657421786e+00 -2.081275356380331232e+00 1.241543329997137679e+00 6.480312485955759705e+00 2.895647714916674786e+01 7.149494448680538738e+00
8.071244738376669448e-01 9.544687306515494685e-01 -5.313048203734240804e-01 -6.147285091863601281e+00 1.503174367390518906e+00 -2.387121569911898611e+00 9.294562077287789048e-01 7.014161154759097627e+00 2.831318368556167897e+01 7.292908905472232917e+00
8.127084593678174373e-01 9.492095120200689795e-01 -4.757099137397484689e-01 -6.652196544925694788e+00 1.389944515525247670e+00 -2.694725003256793094e+00 6.347999304312421653e-01 9.666333673737964816e+00 3.039185258556817715e+01 9.503716029237496699e+00
8.136595542775229006e-01 9.482826356861223660e-01 -4.608414857801830244e-01 -8.926246716136327919e+00 2.655894925309440602e+00 -2.386853469059140309e+00 1.509512657983185013e+00 1.103792792113070753e+01 3.162989811987322497e+01 9.011332810735895649e+00
8.136765788003487154e-01 9.485414803025448149e-01 -4.452751510292223269e-01 -1.027108169085222222e+01 3.500656230131904412e+00 -2.173147027126761444e+00 1.871499062720679341e+00 1.223263470180742019e+01 3.149557757425305127e+01 9.291421772047385730e+00
8.119410080766463755e-01 9.504298322409124866e-01 -4.194068010793757795e-01 -9.880371194386572853e+00 3.196520543190501940e+00 -2.407732104217522373e+00 1.569254637944595743e+00 1.205221992778288431e+01 3.105462581485731022e+01 9.253989714571931202e+00
8.101033262014071257e-01 9.536512640213715697e-01 -3.975666324278001040e-01 -9.155534056046384705e+00 2.742318618468311264e+00 -2.615448416848607849e+00 1.235763335575065902e+00 1.225690777898981132e+01 3.094813018001700655e+01 9.361478733808787922e+00
8.089513192861087498e-01 9.544916597456370999e-01 -3.866832555866919208e-01 -8.351668385432878594e+00 1.969595545875338694e+00 -2.663703931973943284e+00 7.368402116407736235e-01 1.302507903250296017e+01 3.062991291472510724e+01 1.007574005547711948e+01
8.065164636140408350e-01 9.546039676085329440e-01 -3.712347932823389929e-01 -7.406109015330512690e+00 5.944525726332615667e-01 -2.864336466466735676e+00 -3.098078924742930784e-02 1.308512929154904825e+01 3.048325960854611338e+01 1.140319565634796461e+01
8.041361425704894872e-01 9.543860033009002874e-01 -3.566079314213597695e-01 -7.059721871099790214e+00 4.773584620714437787e-01 -2.681639410034388771e+00 -2.307964075371545798e-01 1.336347981157576470e+01 2.961682349880500098e+01 1.134249504943319842e+01
8.034529783573679529e-01 9.541938082555508904e-01 -3.517991939855102945e-01 -7.043281414966460652e+00 5.062753454323325464e-01 -2.564919632623370305e+00 -3.863598819143906904e-01 1.353179168816132716e+01 2.943028482618541020e+01 1.170393361433755430e+01
8.001549728703006847e-01 9.508316332344040056e-01 -3.234549347044468615e-01 -7.647756702182740618e+00 1.024057393677678007e+00 -1.813027285995278515e+00 1.745064569218690576e-01 1.470609388045841648e+01 2.946767579172350082e+01 1.229219944382602314e+01
7.996438348468459800e-01 9.498755825601441494e-01 -3.187366067604864850e-01 -8.131489111944151915e+00 1.302844922815140638e+00 -1.381022305194010258e+00 7.079843671411900630e-01 1.468584124636564070e+01 2.925039900667862014e+01 1.275500614493525120e+01
7.966350202726532048e-01 9.443158852110945523e-01 -2.956868131209354211e-01 -7.875844796236832757e+00 1.489558444685047611e+00 -8.555518211739698842e-01 7.787348159793829883e-01 1.586556459500287275e+01 2.951186679482452746e+01 1.373346703785401246e+01
7.958486536679124645e-01 9.433458703453391214e-01 -2.909064985582031637e-01 -8.328172371372041027e+00 1.991855956011328033e+00 -5.391511387549239309e-01 1.331018447914648961e+00 1.595841997929649203e+01 2.928198152503788165e+01 1.352647600797789629e+01
7.920882502341868303e-01 9.402245297914435529e-01 -2.728918509293393191e-01 -8.148198641926253316e+00 2.598420580097039689e+00 -2.205751393534827187e-01 1.557764017100161213e+00 1.704328197481472884e+01 2.835863460344739195e+01 1.334736199244371946e+01
7.881108181631892862e-01 9.390859808182978608e-01 -2.597399870145565837e-01 -8.623792162609214884e+00 2.634183238045459063e+00 3.838362680556084428e-02 2.086207873579126293e+00 1.648112587449858069e+01 2.875254336043359160e+01 1.325036386273141531e+01
7.825673217245487923e-01 9.392158877556805452e-01 -2.419391640608613836e-01 -9.086392556224488715e+00 2.124025375206156419e+00 1.472478379128716597e-02 2.316163306887513151e+00 1.447567107238323914e+01 2.901170100932813867e+01 1.305620405688216756e+01
7.794389026173318413e-01 9.394946458018821334e-01 -2.283881815000992077e-01 -9.835811753002927205e+00 3.766879250728910833e+00 6.299601447415414945e-01 3.231392738163988643e+00 1.599294337672589528e+01 2.846278177023330969e+01 1.254852225789011655e+01
7.783449498875829597e-01 9.393377897725190273e-01 -2.237082947321128168e-01 -9.581591291484171435e+00 3.457753891814343561e+00 6.340122951146218711e-01 3.140717584507804361e+00 1.543601050825713550e+01 2.814732430235886085e+01 1.270230504332731236e+01
7.753706868368743788e-01 9.384850951341187075e-01 -2.099544480610632258e-01 -9.797182168577167616e+00 3.480239033110784863e+00 8.412380939609613861e-01 3.498408526539471985e+00 1.530747688822840047e+01 2.827189397540191962e+01 1.370694091610039678e+01
7.705194847105408806e-01 9.327769292381747901e-01 -1.950763267078953478e-01 -8.741051781971213686e+00 4.927738941377873161e+00 1.264723028317319642e+00 3.663333391977733999e+00 1.815449363859713117e+01 2.635985590377504906e+01 1.755755354434820958e+01
7.682892056451001705e-01 9.280511329137461907e-01 -1.877966587163785450e-01 -8.757694570240014187e+00 5.311600553208164044e+00 1.383069731217653642e+00 3.944779569959693699e+00 1.848081803119771749e+01 2.625662138555106750e+01 1.805774488591914562e+01
7.652555001467867823e-01 9.204665605973967324e-01 -1.764438537487135195e-01 -9.048765408409780164e+00 5.111615756231315366e+00 1.338358353300494796e+00 3.913356927478463199e+00 1.785990966829249160e+01 2.678449306624895598e+01 1.809271839423711725e+01
7.627604603898010538e-01 9.126313673564396822e-01 -1.664280773255978896e-01 -9.240369338358368267e+00 5.381109776164547220e+00 1.317358189884537456e+00 3.713557980131763081e+00 1.785632625101358073e+01 2.665768954282897596e+01 1.894610373467303077e+01
7.604521445469274443e-01 8.993984437091877560e-01 -1.527399197320931656e-01 -7.657530390336510173e+00 4.189953907376740005e+00 1.018846702423905182e+00 2.755607828617330668e+00 1.515453578963854753e+01 2.348737502863191651e+01 1.952738443994513773e+01
7.602750817243186798e-01 8.965292723194799862e-01 -1.513764657398167512e-01 -6.426782282862249396e+00 3.515860499848457277e+00 8.583197237910763500e-01 2.117907048774854140e+00 1.348872645919214719e+01 2.093971303882539203e+01 2.021068993436043826e+01
7.607865163041453993e-01 8.905026983465945678e-01 -1.492581854227746918e-01 -5.862750880386226271e+00 2.348895234492523354e+00 5.871413849915609884e-01 1.659460494328512947e+00 1.094965863224006064e+01 1.961877276318705299e+01 1.974778968471991902e+01
7.661622357088408997e-01 8.746839563872358392e-01 -1.501881455510100660e-01 -2.114394299655929288e+00 6.180768112744757792e-01 1.821309981826315372e-01 9.957021288840711692e-02 5.975808061753778766e+00 1.178120381708258435e+01 1.914630014641087286e+01
7.678739063510919838e-01 8.715016690954604517e-01 -1.522206931230448701e-01 -1.034734344370981329e+00 2.544007232834693544e-01 7.385450760461317876e-02 -3.568830061327353254e-01 4.578036394120464259e+00 8.157152170671549740e+00 1.774454630035294400e+01
7.808545263068293885e-01 8.541849576862272642e-01 -1.673036569867323020e-01 2.246799235562422670e+00 -3.374217022063096039e+00 -8.926913971749715904e-01 -2.443778794969556412e+00 -3.279163450408259628e+00 5.823097457742808514e-01 1.534900680031382869e+01
7.880868259467326276e-01 8.483545552343332297e-01 -1.757854148392757332e-01 3.384621274231967458e+00 -4.856305227044957817e+00 -1.231238266107693491e+00 -2.862947466688001708e+00 -7.068344036607325798e+00 -3.486097327867790696e+00 1.140516093541669917e+01
7.997480014276083793e-01 8.413303567943030137e-01 -1.898529218958956988e-01 5.239683893589545782e+00 -6.267939035531167491e+00 -1.623546568196047923e+00 -3.664594709585964338e+00 -1.073519579761151022e+01 -8.355581007798422277e+00 8.247155461073150562e+00
8.171045003075794178e-01 8.313593620837411713e-01 -2.141527206873145017e-01 7.750490783018507024e+00 -6.304809445490350939e+00 -1.618943689617573067e+00 -4.200092716651459668e+00 -1.230606190754756213e+01 -1.528852022805997279e+01 2.839737373409625398e+00
8.219686138776551854e-01 8.280731333971556030e-01 -2.241567109299432425e-01 8.328950349748543758e+00 -6.256839623929968397e+00 -1.565151109146799557e+00 -4.259732949181987749e+00 -1.272471070496515644e+01 -1.714815608727123575e+01 7.905732547224563200e-01
8.283078358338316072e-01 8.240754739323838951e-01 -2.434395861542366368e-01 9.340439093020409089e+00 -6.228968678737321518e+00 -1.337255872791892397e+00 -4.301785443458078895e+00 -1.358249728224711284e+01 -2.046006976185067572e+01 -2.065759878975981234e+00
8.301533520101056496e-01 8.224606692454490275e-01 -2.586035744432741423e-01 1.080736167647221890e+01 -6.508213308846835687e+00 -1.091851028834472270e+00 -4.659957324947685109e+00 -1.434794851999551213e+01 -2.429321057017207863e+01 -2.797611949024032540e+00
8.315717622219428451e-01 8.215555682125087467e-01 -2.795533798725958197e-01 1.104197740686830542e+01 -6.584607893560718850e+00 -3.960972907468338633e-01 -4.174134112312051670e+00 -1.531556794926746434e+01 -2.655666047482021241e+01 -4.734080528378589392e+00
8.321449142372754348e-01 8.215051920625285886e-01 -2.954632991402121323e-01 1.112879735401484282e+01 -6.777688641650258639e+00 -7.418716274800996047e-02 -3.919877680769016770e+00 -1.627962450708329456e+01 -2.739144609355459892e+01 -5.703011496003067116e+00
8.329007211249555009e-01 8.213778294992520879e-01 -3.057790908557294074e-01 1.125754747131319533e+01 -6.919246107580510952e+00 4.165063317413335575e-01 -3.624530333852301833e+00 -1.687375506085212606e+01 -2.867372240012862861e+01 -5.816763618254914725e+00
8.347360228721748543e-01 8.202328324069195764e-01 -3.213538640361504051e-01 1.059948274283102165e+01 -6.884153014315774755e+00 1.326744907801982176e+00 -2.680576456358656046e+00 -1.770019394012684444e+01 -2.926179733638964109e+01 -6.023646112718609835e+00
8.392035578040923927e-01 8.169642510644050670e-01 -3.432709825396795811e-01 1.069235418109564684e+01 -6.705768022974835318e+00 1.984248143572150180e+00 -2.354037273551314868e+00 -1.754629086447411623e+01 -3.049453836943779450e+01 -6.461908742701898412e+00
8.404723617550138304e-01 8.157984326197802449e-01 -3.488848694089242142e-01 1.042427879874211527e+01 -6.378334531004092867e+00 2.404142346811412700e+00 -2.088696133849207826e+00 -1.702050884908341644e+01 -3.040666721285813168e+01 -6.765201476304253170e+00
8.469731180851902685e-01 8.099880942890279600e-01 -3.778265117643113680e-01 1.008519863475612688e+01 -5.764847891465368690e+00 3.103335302333834811e+00 -1.603310529815698438e+00 -1.654441683229099169e+01 -3.052349779355272830e+01 -8.349116946222373770e+00
8.483265619205476726e-01 8.090850283099403351e-01 -3.832422132481090871e-01 9.783648860324005270e+00 -5.833681585860253982e+00 3.216816705725028314e+00 -1.459173089402244328e+00 -1.727417107813261765e+01 -3.055073293639663845e+01 -8.549003039129615900e+00
8.529497804834522690e-01 8.073048203626632668e-01 -4.041852933951108895e-01 1.031714958345815525e+01 -5.481198221625344758e+00 4.105216672014582180e+00 -1.207992437596700608e+00 -1.627725699323762143e+01 -3.189163662929949439e+01 -9.654445221399120314e+00
8.556365896714895891e-01 8.068000196871303320e-01 -4.214145407723181025e-01 8.874309811627092870e+00 -5.670668028994542809e+00 4.573281260407533466e+00 -7.118275148033096356e-01 -1.763455197521579265e+01 -3.331862971796745398e+01 -9.795887974092089223e+00
8.563450472830457239e-01 8.065702934730931695e-01 -4.274258472946985687e-01 8.837945307982415954e+00 -5.800448866566181749e+00 4.550320328732526676e+00 -1.029844205182954608e+00 -1.722268880255951373e+01 -3.323067405278253261e+01 -9.580266178134799304e+00
8.600359370404109249e-01 8.053111261149918931e-01 -4.559818171978934354e-01 9.075829476674423191e+00 -6.305802292257146391e+00 4.557437769217933088e+00 -1.198918939558325070e+00 -1.803503985796783837e+01 -3.354280711626706335e+01 -9.587680513175822483e+00
8.605325455054915196e-01 8.053632607884222416e-01 -4.616139612132877934e-01 7.726308510953063369e+00 -5.292444908814326610e+00 4.954657719944767003e+00 -6.354136532532352888e-01 -1.687783668405644022e+01 -3.372033435564014070e+01 -1.073703836832890879e+01
8.630888460617797131e-01 8.069668522625380591e-01 -4.883226023330664578e-01 6.763373354350761701e+00 -4.884037080539035180e+00 4.635092029217569909e+00 -7.002353802971872376e-01 -1.793750423029509378e+01 -3.384008790773214059e+01 -1.143624106081088065e+01
8.639204844296195507e-01 8.074701654407253626e-01 -4.991733203435869681e-01 6.925393078206588449e+00 -5.385465171807605422e+00 4.906194669657608642e+00 -3.862458679108515813e-01 -1.833522676939294271e+01 -3.412879432170036154e+01 -1.070974333053196581e+01
8.653850580285957772e-01 8.078073586846870047e-01 -5.098207163399556263e-01 7.756779089456842691e+00 -6.371624393284357701e+00 4.861920429429009261e+00 -5.451038062598174694e-01 -1.935470334509997059e+01 -3.432396000058940189e+01 -1.032533512704057266e+01
8.685877195439033471e-01 8.066905351956574766e-01 -5.319626841562946629e-01 7.414105015822613609e+00 -5.847041845998292686e+00 5.318384677876079714e+00 -4.761597474046674883e-01 -1.732915968468506307e+01 -3.491063312778478434e+01 -1.109323221288985017e+01
8.723121241039099028e-01 8.056954608608141166e-01 -5.523511023114808793e-01 6.393129618830172944e+00 -6.211681379617751020e+00 4.890056654064997232e+00 1.611793300786614758e-01 -1.852692512352134102e+01 -3.432746117274301412e+01 -1.123300443548347083e+01
8.745948594509822538e-01 8.047801251923820676e-01 -5.619577319723457753e-01 3.762655075111943415e+00 -4.217988973988706647e+00 3.353523313593360200e+00 3.518709751514636608e+00 -1.954117855866539344e+01 -3.388200860250513102e+01 -1.059529906727478377e+01
8.768567472965274057e-01 8.036888651636241443e-01 -5.714913169850949215e-01 2.305562127275927686e+00 -2.282958121557831177e+00 1.161755116414578071e+00 6.196545993231638683e+00 -1.814542093415915858e+01 -3.358546950549679622e+01 -9.891029325721314436e+00
8.827463167677208622e-01 7.985290023592797048e-01 -6.195195526889538673e-01 2.597703396861107628e+00 -2.027096299158611892e+00 5.005335226285545502e-01 6.284413101159229242e+00 -1.490347177801832323e+01 -3.400981333942041118e+01 -9.424219879170919967e+00
8.820247569444943370e-01 7.967745163834858424e-01 -6.302183520318960230e-01 3.395460451996966000e+00 -2.303173923010029434e+00 -2.939063745561203422e-01 6.063391795666271733e+00 -1.512963086367533450e+01 -3.360093581783849714e+01 -7.372564107905160036e+00
8.814818582282385462e-01 7.958015668278400900e-01 -6.358777133985392682e-01 3.745811860131448512e+00 -2.014670712349983628e+00 -2.238583683924515455e-01 5.962141327480314779e+00 -1.370215826316018770e+01 -3.434760310674307249e+01 -7.212257068756827927e+00
8.799819345453721020e-01 7.937792306334069403e-01 -6.475140418141253074e-01 5.222095930750630721e+00 -2.695804601696220271e+00 5.375226541247594136e-01 3.781865852089232760e+00 -1.403375753406958815e+01 -3.373151525048754706e+01 -6.855476089892972524e+00
8.755957633011393071e-01 7.869809664982260200e-01 -6.800258661703174612e-01 7.955313636264127908e+00 -4.070885027111964760e+00 2.169753381751664101e+00 -1.871015209128341628e+00 -1.270283261132818353e+01 -3.078749431425681848e+01 -5.835647843006536384e+00
8.731704585715052147e-01 7.805521005855864392e-01 -7.022948316061904395e-01 6.665759824917777188e+00 -3.725968019905871564e+00 1.979549556353388695e+00 -4.725340623406119711e+00 -1.264641624144257648e+01 -3.073262978573492887e+01 -4.077191055624713734e+00
8.720862417790540277e-01 7.740775198146176983e-01 -7.182971499642907265e-01 3.967967437593336477e+00 -2.924555660275779623e+00 8.633929860212585794e-02 -2.345667387232994283e+00 -9.154980160360471686e+00 -2.897660675290415355e+01 -1.828187974718838094e+00
8.716232569938449082e-01 7.695811901724028958e-01 -7.251854406314177659e-01 5.086160853257749359e+00 -4.762383988129485601e+00 4.439092393297283667e-01 -2.851743793755255219e+00 -8.829536242962046089e+00 -2.583898051299631504e+01 -2.347755016660816318e-01
8.708250693894042938e-01 7.618654949409860988e-01 -7.332461801242847743e-01 4.411453425335955636e+00 -5.324802889533128081e+00 5.281156076424613488e-01 -2.425851423949572983e+00 -4.574622580582793141e+00 -2.172696534835490567e+01 2.303364110673547849e+00
8.679751935246542427e-01 7.501902957512103232e-01 -7.426999270367471429e-01 2.521920029052622247e+00 -7.508286420646507864e+00 -3.604360562510510402e+00 -3.458584211465406621e+00 -2.991105346933342179e+00 -2.081482063063653243e+01 5.102649481001085618e+00
8.659046257927367485e-01 7.446328295190107749e-01 -7.480366237336144586e-01 -2.445696123695685120e+00 -3.489535873272005873e+00 -4.717006550054990477e+00 -1.883193925555981307e+00 -3.125026266563748045e+00 -1.995907045740768382e+01 5.588489708804385891e+00
8.631604154024435926e-01 7.354328192055455959e-01 -7.547565885002848196e-01 -4.165027549020894782e+00 -1.761444720356504456e+00 -4.335789966760867031e+00 -7.737192389449230046e-01 -2.796193297874512762e+00 -1.765684472025047569e+01 8.385657703683897068e+00
8.620942184703023203e-01 7.288892470233386822e-01 -7.577012979249407865e-01 -4.744694318217716145e+00 -2.990182671596803843e-01 -3.539659563437991707e+00 2.639120807375971989e-01 -2.038165697095876361e+00 -1.369824616565088604e+01 9.920158950566440481e+00
8.634783507668883917e-01 7.191308692088836940e-01 -7.580021196289710161e-01 -4.094484700313422820e+00 2.239808168106435904e+00 -1.787769375492504587e+00 1.688006394578107194e+00 1.145017078027421142e+00 -5.199341785942446670e+00 1.142417531407701681e+01
8.683671560064994965e-01 7.056667876410329665e-01 -7.528654756059837139e-01 -3.581321083793555182e+00 4.610325603697980057e+00 -1.016191526925573907e+00 2.921349103371655431e+00 3.503144916521791608e+00 1.661000110594042845e+00 1.512636012256460205e+01
8.715061871443370300e-01 6.984174982991571135e-01 -7.482695483564323347e-01 -3.584658966445678718e+00 4.870122501488697964e+00 -1.220182876263548932e+00 3.098992179874666242e+00 2.698243451144879845e+00 3.544073267907777769e+00 1.616394048097683722e+01
8.768692604300634130e-01 6.853130747239710718e-01 -7.378539621282423910e-01 -2.691865734637025387e+00 5.877813908532791842e+00 -1.411383171787912616e+00 2.081198595362994563e+00 6.183403134008256252e+00 8.974247556003939863e+00 1.624672857162738637e+01
8.788401693500801359e-01 6.790253957601395385e-01 -7.328006439892430501e-01 -2.004141522975277034e+00 5.623067440759858648e+00 -2.147742322391944292e+00 1.143416062321265025e+00 7.825444662496668258e+00 1.172005976518972936e+01 1.581741631104055656e+01
8.821899740877242602e-01 6.670695681752258910e-01 -7.232107946289221267e-01 -9.156792562476446795e-01 4.463970189922354059e+00 -4.328648035579683473e+00 1.403288197259191517e-01 8.801824037806355250e+00 1.525956656766340913e+01 1.574519406463116056e+01
8.828675397617883336e-01 6.642858567556531035e-01 -7.208287067899535883e-01 -8.222039458653926935e-01 6.125783108210463901e+00 -4.177207290752850355e+00 9.775308397436024421e-01 9.417293173334003953e+00 1.695128823034733401e+01 1.524239741944488813e+01
8.849933617868460667e-01 6.560824829539098069e-01 -7.071203668780199347e-01 7.672202522699742566e-01 9.465304456043709180e+00 -1.565879423537974713e+00 3.756277914058441247e+00 1.069682257589212426e+01 1.971144397465619846e+01 1.192536674395420881e+01
8.850111096996842175e-01 6.551858509492685112e-01 -7.011024984605996879e-01 2.356428974132648513e+00 9.770294740734714267e+00 -6.922840124579012766e-01 4.275343782709416729e+00 1.148222395433054643e+01 2.195192093468030237e+01 1.058682623039245563e+01
8.838207804032698345e-01 6.547186967568741078e-01 -6.877692349978329345e-01 3.333771333783038582e+00 9.510057179754070944e+00 -7.651709573610476767e-01 4.380606471820673420e+00 1.162446160128656203e+01 2.241308509664050774e+01 1.117765349630120042e+01
8.831039451894472370e-01 6.548682418182472098e-01 -6.810046536076993506e-01 4.054464132061873727e+00 8.910425615624836482e+00 -1.065587754865661374e+00 4.404399550025939192e+00 1.073409282837405421e+01 2.276582645275796679e+01 1.030105227735347384e+01
8.829667609001758954e-01 6.544981513412995167e-01 -6.664876657359090073e-01 4.107766606832551126e+00 7.892720547080217308e+00 -1.781795760719946387e+00 4.165585022065087628e+00 9.200198038387647159e+00 2.176678004389283316e+01 9.286294579933969118e+00
8.846387552229647566e-01 6.547960927085161309e-01 -6.478246645309080343e-01 4.612353296047026596e+00 7.087600902873238518e+00 -1.984508374224773775e+00 3.821796923296857607e+00 8.832431292258508648e+00 2.200066435810891363e+01 6.426482629264008928e+00
8.859632460990251035e-01 6.549822456523723968e-01 -6.329758498171094150e-01 4.921562158773502560e+00 6.619092893172857650e+00 -2.479206092481777368e+00 3.655856543959873584e+00 8.884416029475429966e+00 2.193177770490358824e+01 5.339009648559441601e+00
8.863073323976018436e-01 6.549648501401754697e-01 -6.291754782803897772e-01 4.863614884594490206e+00 6.323014634923834976e+00 -3.213694051343792601e+00 3.464655988916522045e+00 9.200765281874462076e+00 2.124448476202531566e+01 5.068514347784290663e+00
8.875078854533685613e-01 6.550791963941328122e-01 -6.170555884822370718e-01 5.392286019100807515e+00 6.476034469796585036e+00 -3.708801787512839176e+00 3.636559726148110183e+00 9.093305799125680267e+00 2.265218212750034965e+01 4.282882535042896954e+00
8.893984378350301423e-01 6.557409129629169220e-01 -5.985899330831863097e-01 5.670825145021163749e+00 6.873289506332504573e+00 -4.461986703516825692e+00 3.766777459183029197e+00 9.647535021027975333e+00 2.409187596318590963e+01 3.587352482784556873e+00
8.912335854463859786e-01 6.602821572377528536e-01 -5.554475821364526222e-01 4.464521964585284941e+00 6.864410284737448187e+00 -5.559242746883527708e+00 3.662599062366433955e+00 1.164996016017326852e+01 2.446263306854820740e+01 2.597777177586575004e+00
8.902802144297257136e-01 6.627998123568279443e-01 -5.449466853415578793e-01 1.844482295317380061e+00 5.281906415990742509e+00 -5.320140867099276250e+00 3.970269425561771204e+00 1.125859865361220358e+01 2.417172467529255186e+01 1.813508537921954433e+00
8.883923506201278908e-01 6.672725438669904197e-01 -5.286031838964266871e-01 8.241363668319741098e-01 3.373909739470168478e+00 -2.564537693552291220e+00 6.297126448923742181e+00 1.230791722605491678e+01 2.503450431955023703e+01 1.313742772359291600e+00
8.847222352557263525e-01 6.738992747824562590e-01 -5.073329557656777178e-01 2.084051463809151628e+00 2.739339475852149874e+00 8.175434581899937436e-01 3.280189217034399807e+00 1.260254855565588628e+01 2.445306426255157106e+01 1.785389140971092248e+00
8.829361059793969790e-01 6.771302151391649371e-01 -4.965713719015197869e-01 1.335213320321753772e+00 2.305505925571072368e+00 9.430774095460203732e-01 2.194409716549839295e+00 1.061744787166353632e+01 2.505623495364469022e+01 2.474785528114306299e+00
8.786934457253967601e-01 6.849850430994968153e-01 -4.685277881534487543e-01 9.520976306270750866e-01 2.291583432899900075e+00 1.044428899810748712e+00 1.642426287844560129e+00 1.282349754689575683e+01 2.573848112602749083e+01 1.687189213804609178e+00
8.753656189761067630e-01 6.910705646679040637e-01 -4.444323306337285562e-01 9.165873899146861348e-01 2.187232173948178371e+00 1.229450724688300411e+00 2.358822804362952219e+00 1.315598696180630434e+01 2.694240739603834811e+01 1.808635925597066985e+00
8.669695960886598662e-01 7.050269380281009024e-01 -3.909054170361546676e-01 -6.554451450489834352e-01 3.428358809193000400e+00 2.186074930110449843e-01 5.088181643967041090e+00 1.384499122335600241e+01 2.830161064481102784e+01 2.412078874474897994e+00
8.678713860121215484e-01 7.034198333042117612e-01 -3.965972916869737741e-01 -5.760477328539153952e+00 5.885505962937669366e+00 -3.321450919301422111e+00 4.607552046523776923e+00 1.427232389715518046e+01 2.855183416273924024e+01 2.120725306292113199e+00
8.635489248467821399e-01 7.118665128469787717e-01 -3.695173902384140119e-01 -8.908976691342209264e+00 6.196023807897127256e+00 -4.080873867609589034e+00 3.541291018947347879e+00 1.382598437064998365e+01 2.731040475390366851e+01 2.018190985662073000e+00
8.605231420450707436e-01 7.179096690857476037e-01 -3.505907736233487837e-01 -9.089341346026987623e+00 6.528269100871570529e+00 -1.935138072216370908e+00 3.579953490415367590e+00 1.383045892240916430e+01 2.755461112526720413e+01 1.955810512252647904e+00
8.569141261846243696e-01 7.251273341829973518e-01 -3.260653215425047824e-01 -9.657110373318579022e+00 7.054514942244959563e+00 -1.087874321479513462e+00 3.465334712499003267e+00 1.348937911295623238e+01 2.836685093737654029e+01 1.945663171432699512e+00
8.549959138009937121e-01 7.281623436299838881e-01 -3.162210648337218100e-01 -1.023441201980545401e+01 8.004043763797817235e+00 -1.326625700599226576e-01 4.331726879131659658e+00 1.409991135512503035e+01 2.859062887506231831e+01 1.450177682473750229e+00
8.515709096948702594e-01 7.330520557521418290e-01 -3.008520302548502445e-01 -1.067345792286136152e+01 8.457957255643856698e+00 3.091659106786774913e-01 4.839593708630210322e+00 1.453677679889946717e+01 2.862424920137394935e+01 1.556682121122683782e+00
8.473966369557909273e-01 7.381627614000880744e-01 -2.846648190461242289e-01 -1.090409576587665264e+01 8.550245431987663736e+00 3.891316301898566365e-01 4.871748936430632781e+00 1.533487315872361556e+01 2.851175545671370415e+01 1.681592313518172954e+00
8.409243114350717363e-01 7.446569162941969466e-01 -2.630887209353452993e-01 -1.102558637882508030e+01 7.775889961517087556e+00 -3.114558228047377142e-01 4.356985513512695363e+00 1.511808295735682428e+01 2.846763481837204424e+01 2.931297470681425654e+00
8.330639627941753833e-01 7.504517789908131675e-01 -2.421670924105576994e-01 -1.124846015545498013e+01 8.251698279423580473e+00 -3.500866826498993944e-01 4.380023345468294416e+00 1.661848301767918556e+01 2.900964299119819856e+01 3.362503360077117254e+00
8.293101309118284803e-01 7.534358369281042300e-01 -2.308292970726154580e-01 -1.205396916757864645e+01 8.153961970786431479e+00 -9.504145301818605063e-01 4.655548093981426661e+00 1.573358801155585063e+01 3.074585380752140651e+01 3.494098990615017275e+00
8.242100354071294488e-01 7.574959182232900989e-01 -2.134995175384791222e-01 -1.232913016033078257e+01 7.849562406852522045e+00 -1.361059573750335261e+00 4.541566942122657657e+00 1.557925614390715374e+01 3.052445540523123668e+01 4.329308823043569454e+00
8.212677214936013881e-01 7.594892549807774618e-01 -2.021668631611497069e-01 -1.245007926016652533e+01 7.812935744822666173e+00 -1.544833167170064137e+00 4.443971735560085179e+00 1.606780591121425417e+01 3.003393168481558106e+01 4.835483018717920523e+00
8.166356345891138124e-01 7.623433368074922223e-01 -1.738254230832479152e-01 -1.298637783397118461e+01 7.236686088688292884e+00 -1.945039498945718925e+00 4.578743650889889771e+00 1.407104794879669640e+01 2.998994221570724861e+01 4.560341394783097080e+00
8.159279939715546881e-01 7.625760005721609058e-01 -1.684883709797360685e-01 -1.335924029308529803e+01 6.692245132974832700e+00 -2.220283850185056806e+00 4.466340631241167536e+00 1.276220487750902599e+01 3.041428297925398994e+01 5.182379679704972375e+00
8.130347710861610677e-01 7.627621772998540717e-01 -1.486837110926974570e-01 -1.254817839460709905e+01 6.815077794484008855e+00 -1.784287795482288885e+00 4.214643201167804776e+00 1.374140104755228364e+01 2.844468945908127111e+01 5.439451691664149102e+00
8.116551023923955777e-01 7.625406035882565936e-01 -1.414892086947965866e-01 -1.217470610826181598e+01 6.867419071347593551e+00 -7.115176955170632311e-01 4.322793900232568376e+00 1.443167599461701123e+01 2.601419277508089678e+01 5.736424178381554384e+00
8.106447202136569663e-01 7.623911977286267350e-01 -1.390097113029372944e-01 -1.118098046476662510e+01 7.316135945382734818e+00 -2.564168692731079169e-01 4.417983979775129022e+00 1.509429200707731944e+01 2.353182938837101545e+01 4.963401435487901914e+00
7.958122530772002712e-01 7.657929547229869183e-01 -1.354037870214435113e-01 -1.181078043240288800e+01 7.725888490000212272e+00 -3.501926551878136173e-01 4.612463915751472854e+00 2.342929225874177845e+01 1.893923716336085050e+01 2.806180314649412644e+00
7.863072945203952724e-01 7.701888947861847967e-01 -1.348694797022841896e-01 -8.828522494304818835e+00 1.118697474378686962e+01 1.245186841916515519e+00 5.376888128965020108e+00 2.361843634746802323e+01 1.877297869298614685e+01 3.601103255858140617e+00
7.605090658605637710e-01 7.824518615912793296e-01 -1.309484534569491654e-01 -7.826308551295729998e+00 1.024368397313363310e+01 1.272452139689737471e+00 4.800471339923154446e+00 2.235044371882807823e+01 1.667939283432000153e+01 6.122801763427301758e+00
7.554056991084427963e-01 7.841314097218733403e-01 -1.301778017351377104e-01 -7.613684608832588019e+00 1.116396404389650421e+01 1.527372629175220098e+00 5.079850790219772705e+00 2.401924688865348401e+01 1.609958378249140409e+01 6.147893467398459322e+00
7.374620814220311793e-01 7.874652310570705582e-01 -1.257849522061932901e-01 -6.329097377093929389e+00 8.810091165588476159e+00 1.020684564761722868e+00 3.094749928807502659e+00 2.184497819211109615e+01 1.511301273223268637e+01 8.220356907486479514e+00
7.258509412489581036e-01 7.865941769570938824e-01 -1.233743754074444060e-01 -5.712760223611005550e+00 9.132773490321540066e+00 1.406114036730317540e+00 3.391904036816924428e+00 2.208482335091212434e+01 1.366372820105225117e+01 7.868678350340037042e+00
7.154347521470607596e-01 7.850326972471216580e-01 -1.202115901207794629e-01 -5.527914144058720503e+00 9.826061904055189089e+00 1.696633861689797351e+00 3.600092757391991416e+00 2.360079111014177755e+01 1.317734433035344033e+01 7.179069160863857491e+00
7.083347347105577452e-01 7.840661154971001467e-01 -1.171643988297706995e-01 -5.524500831298594150e+00 9.677366406066568061e+00 1.689283111212875443e+00 3.426366205892830141e+00 2.373772606487560921e+01 1.338646100926995430e+01 7.004774617659697000e+00
6.971373938351934640e-01 7.812357657200237337e-01 -1.144555347424194014e-01 -3.890827753399696221e+00 1.032180105222035849e+01 2.334140030644037189e+00 3.089536678711086282e+00 2.628942358863749718e+01 1.016171154212725547e+01 9.320756315068219777e+00
6.817532382462092588e-01 7.775798080754632302e-01 -1.159212201791491037e-01 -3.392572400404365585e+00 1.111183170730484093e+01 2.693512324409825354e+00 3.483219243625322203e+00 2.705203832153411980e+01 8.604459872557294275e+00 7.888501251451534912e+00
6.731776359994707803e-01 7.768196963720840342e-01 -1.172793084574538514e-01 -3.134111093864533348e+00 1.094916138924906157e+01 2.697948009726386154e+00 3.376470056029437394e+00 2.660063178045343690e+01 8.147549601479045833e+00 8.701511384832416596e+00
6.594953934333607215e-01 7.775747064994154023e-01 -1.184743205754751894e-01 -3.389427147665540208e+00 1.141773002248015523e+01 2.806335159040418858e+00 3.668095695354841368e+00 2.717944426433317062e+01 8.549251819271544761e+00 7.490678984851363964e+00
6.447036525374889582e-01 7.803637246386170290e-01 -1.193251275852190291e-01 -3.233886240860990302e+00 1.112580670760629076e+01 2.820013625934508106e+00 3.465804974725301246e+00 2.664085786332746153e+01 8.159670842433051519e+00 7.614494597452075020e+00
6.305552545824224531e-01 7.833708031736537070e-01 -1.193524645981034471e-01 -3.547910854775086609e+00 1.004937781073512681e+01 2.479811746428377539e+00 3.020161440445014112e+00 2.446997046857200431e+01 8.843615153935823869e+00 8.366401555747641439e+00
6.150823508936398287e-01 7.880022020849083431e-01 -1.173585503562571686e-01 -4.041594222394842895e+00 8.523930923493340472e+00 1.860728913659445150e+00 2.804852337664257345e+00 2.045364705908355063e+01 9.692017192927050218e+00 6.080421650509801879e+00
6.069339991778717192e-01 7.917185764461195374e-01 -1.135899047167200082e-01 -4.565540554768194426e+00 7.308026114296412246e+00 1.297736593043456343e+00 2.735616578950172073e+00 1.708698709332305654e+01 1.061347497934292861e+01 4.168929535285165855e+00
5.998456880883125120e-01 7.943668623189891198e-01 -1.093496761158672670e-01 -3.430496393690702472e+00 6.666521815234757398e+00 1.416475727464100665e+00 2.315521469793127451e+00 1.573457353015855809e+01 8.136827964669668845e+00 4.207813889774007166e+00
5.977853344123666979e-01 7.941545621433850899e-01 -1.073412065413559269e-01 -2.078435876543906602e+00 4.548693094893618394e+00 1.065763802365212287e+00 1.494157660340885929e+00 1.084675728997565614e+01 5.028014474012202584e+00 3.013197752404560781e+00
5.980450242158006358e-01 7.929660461293287499e-01 -1.075769512851190990e-01 -1.391822205189411799e+00 4.003868905114476462e+00 1.077658668659728702e+00 1.245497272516180587e+00 9.548229669587019686e+00 3.434547984618606886e+00 2.462812949116629735e+00
5.967235190297620617e-01 7.908316669204651372e-01 -1.079953130214608148e-01 -1.113873889529199523e+00 4.116763370442434677e+00 1.188510158514940684e+00 1.111397514874636228e+00 1.008184429198736076e+01 3.108180617953932412e+00 3.741940918294536900e+00
5.960377732748427526e-01 7.897588563756645641e-01 -1.080973179964015429e-01 -1.284006222976730394e+00 3.542825180704773036e+00 9.445000359136850321e-01 9.707986901226196563e-01 8.734544325282762145e+00 3.540457135601745797e+00 3.872751726615290213e+00
5.959518679486510706e-01 7.894154696124546788e-01 -1.080428981224604568e-01 -1.375209637817763175e+00 3.005991140578230247e+00 7.677178233404622354e-01 8.369427256157712103e-01 7.470508140955455900e+00 3.583338892012762678e+00 3.313369853626635830e+00
5.955784924551397186e-01 7.879322460278997964e-01 -1.080202294028141663e-01 -7.827415302546134601e-01 1.733344287435073738e+00 4.938860928328141497e-01 4.362206911506524842e-01 4.371400902812767164e+00 2.082221692257177015e+00 2.024018967716131545e+00
5.955746846651495119e-01 7.879301196093408954e-01 -1.080323229440262045e-01 -6.260691480066855608e-01 1.557798794829142741e+00 4.666725339997623845e-01 3.950933927805272416e-01 3.868474846542047096e+00 1.671570268996269704e+00 1.785705036189554340e+00
5.956150308285182993e-01 7.879457324463532419e-01 -1.080648581645985151e-01 -2.093040174301250833e-01 5.369804121939776298e-01 1.779161689336095642e-01 -4.324630677630370706e-02 1.630545505760459424e+00 8.476572077003120542e-01 1.841506915310483494e+00
5.956655720185191072e-01 7.879599915114441355e-01 -1.081426204690882631e-01 1.791104159725005474e-01 1.726698342958385424e-01 1.359821723314727226e-01 -2.007764999466399858e-01 7.592186545262497033e-01 -6.653451715343439155e-02 1.562293145626405977e+00
5.958848174601254488e-01 7.881372186547844771e-01 -1.081756833867124068e-01 3.144422224832153778e-02 1.570070957560714409e-01 7.991251904545482176e-02 -5.382166108760334106e-02 5.221060999970228433e-01 8.424782828002289059e-02 7.022088918841214999e-01
5.960041155601629725e-01 7.881593961601576215e-01 -1.082087344033484666e-01 1.706305459222171861e-01 -1.199650252158626085e-01 -4.782687844979414439e-03 -1.127156440068187576e-01 -2.038958913485308111e-01 -3.134227524069331250e-01 3.058610201210402724e-01
5.960375984081358602e-01 7.881635888873300688e-01 -1.082596340434632265e-01 1.488895281655363279e-01 -5.748238153016162373e-03 4.123168938789027738e-02 -7.409183837933043526e-02 5.116182541160679137e-02 -2.921263407700946391e-01 2.740127839296211398e-01
5.960431467421343221e-01 7.881583867841118751e-01 -1.082662850354018658e-01 2.111067123545457558e-01 -5.277729094347825833e-02 4.015526770580356286e-02 -1.114962437898208703e-01 -4.539410688735329158e-02 -4.557217944128093001e-01 2.857000761789629251e-01
5.960643131059266686e-01 7.881193203528011892e-01 -1.082596158530723662e-01 1.114783677462692912e-01 -5.807282339573045793e-02 6.445979010749570623e-03 -6.311585677655512372e-02 -9.944824751662960372e-02 -2.463253255521362928e-01 1.013681409824152418e-01
5.960673233908708735e-01 7.881245291257319430e-01 -1.082655975922922065e-01 2.281047791789141410e-01 5.076879808312635689e-02 8.242850224625794531e-02 -3.958156219879368359e-02 1.484431157682357116e-01 -4.807379617520797233e-01 -1.093272442949664996e-01
5.962886634623634219e-01 7.877465340046655440e-01 -1.082571409444720301e-01 1.161115331585362564e-01 -6.866733459954443841e-02 4.137110563085348580e-03 -1.383902577487932176e-02 -2.581634776127415543e-01 -2.369912777024822670e-01 -3.520069691296973668e-01
5.963397982266718245e-01 7.876606865918468481e-01 -1.082552302309464920e-01 3.684505198705704393e-02 2.462667122158922195e-02 3.858568512796374528e-02 1.914793170748074411e-02 -2.608261458705607438e-01 -2.459386569486172736e-01 -3.547719273707012899e-01
5.963660217533905961e-01 7.876182680301078154e-01 -1.082574597178044828e-01 -3.468703686836777100e-02 1.024957103624907634e-01 5.895126150663408671e-02 6.282977461140021314e-02 -3.179442754950292938e-01 -2.419762789878268927e-01 -3.185060609496914719e-01
5.963693099087128413e-01 7.876090705226602706e-01 -1.082543806474414172e-01 -2.900686116929898292e-02 1.066294433549586085e-01 4.472643303584270674e-02 1.042860965135934403e-01 -3.952402678987640972e-01 -2.833675797607566604e-01 -3.202763674624664048e-01
5.963789992257204631e-01 7.875912395410450406e-01 -1.082526809148533775e-01 -5.291410075202649527e-02 6.960815403471416751e-02 -1.496533466945334720e-02 1.209971716192340813e-01 -4.330473685836542797e-01 -2.299268111072108878e-01 -3.362013353665913584e-01
5.963847313993986266e-01 7.875840780857443768e-01 -1.082542977305030740e-01 -5.303628110113505628e-02 9.315424098553674870e-02 -1.887995635593892052e-02 1.342469835306566994e-01 -4.146988457026274943e-01 -2.408112418367378826e-01 -3.494142326414818589e-01
5.963923339456517203e-01 7.875741136955594079e-01 -1.082561505707460847e-01 -1.346512586139921898e-02 5.634885485332121607e-02 1.141809817653251583e-02 1.260123607922810918e-01 -4.438541411084775401e-01 -2.252049955531879588e-01 -3.440938650098031570e-01
5.963960127570779868e-01 7.875701209295614680e-01 -1.082550517071875773e-01 7.971674003970134759e-02 -5.956512725525649199e-02 5.526108794172082672e-02 5.581448828812756585e-02 -4.553050706522849267e-01 -2.300388256406928067e-01 -3.653006333771720016e-01
