-9.521749859340971067e-01 1.650911322385895386e-01 2.571142046204032972e-01
-8.583965926689801629e-01 2.771678628262676525e-01 4.316633705917194974e-01
-9.330998802913871293e-01 1.943020646390871686e-01 3.026075363853104050e-01
-8.069510371254358105e-01 -3.191124510530559677e-01 -4.969881963035887584e-01
-5.909057445716126011e-01 -4.358838082069473874e-01 -6.788488099534957243e-01
-9.839044111247007285e-01 9.654963310277848987e-02 1.503671444068638563e-01
-9.990424901955922143e-01 2.363847462813199393e-02 3.681474298491167751e-02
-9.972512986816464142e-01 -4.003289085239092326e-02 -6.234753345378019063e-02
-9.853866638368041775e-01 -9.203098252506815291e-02 -1.433297630921214205e-01
-9.917004333003660577e-01 -6.946667942520912131e-02 -1.081879431429464411e-01
-9.990130184811710778e-01 2.399933138363444241e-02 3.737674408342509663e-02
-9.862958737229089445e-01 8.914242967815805274e-02 1.388311085752697294e-01
-9.079277186918197629e-01 2.264551656321700246e-01 3.526830242435468610e-01
-8.744039495604352119e-01 2.621539510868838296e-01 4.082805884715162148e-01
-8.708394551475140410e-01 2.655950736904277854e-01 4.136398193957601110e-01
-8.188528728292361336e-01 3.101353932813033509e-01 4.830072571851877772e-01
-8.500862086398651707e-01 2.845467291157452450e-01 4.431552739501474769e-01
-9.111061329911587237e-01 2.226973881837104319e-01 3.468306326177819643e-01
-9.463000595558515027e-01 1.746741429300168735e-01 2.720388594966827167e-01
-9.801319928803395864e-01 1.071669929542756056e-01 1.669027026550262693e-01
-9.797306826627749654e-01 1.082329358657671547e-01 1.685628103794243882e-01
-9.946969652532722250e-01 5.556963200905560424e-02 8.654457414713349894e-02
-9.987625167159764894e-01 -2.687120175918544102e-02 -4.184941719051579745e-02
-9.993929989547575277e-01 -1.882264381155001817e-02 -2.931453087053578765e-02
-9.794640767458521191e-01 -1.089350782282688113e-01 -1.696563323185918959e-01
-9.753323652400306409e-01 -1.192671016676299933e-01 -1.857475054343684928e-01
-9.678572756565785307e-01 -1.358860771444111992e-01 -2.116300262177579217e-01
-9.751693583429076329e-01 -1.196555815893038527e-01 -1.863525270652567067e-01
-9.769950453418320135e-01 -1.152259512832322780e-01 -1.794537866092153766e-01
-9.883607836240358990e-01 -8.219516780687895208e-02 -1.280113892717391899e-01
-9.998400575085754083e-01 -9.663097931801084908e-03 -1.504938336308381946e-02
-9.903205653966346000e-01 7.499344963152751453e-02 1.167953777546592437e-01
-9.662581759831274653e-01 1.391686356889294540e-01 2.167423082516226340e-01
-9.618831292106279074e-01 1.477515369648687293e-01 2.301093849987208284e-01
-9.276885146439008967e-01 2.017246135519307482e-01 3.141674713988019119e-01
-9.645129074065250663e-01 1.426590981264722335e-01 2.221783814144694946e-01
-9.950379652130647568e-01 5.375790130529913002e-02 8.372297075410871370e-02
-9.973597228940112025e-01 3.923645119112826457e-02 6.110715217310819236e-02
-9.942947288280877816e-01 5.763278907931259493e-02 8.975775090552812197e-02
-9.816805594227642207e-01 1.029460646033821258e-01 1.603289962361298948e-01
-9.624291273839401528e-01 1.467099106694948751e-01 2.284871481601019605e-01
-7.597622015069562806e-01 3.513051231610327951e-01 5.471253125218341617e-01
-7.562264864769957518e-01 3.535251708075380916e-01 5.505828318756035289e-01
-8.196690816158574977e-01 3.095053255710314422e-01 4.820259848661547775e-01
-8.667796421354200254e-01 2.694440805872634903e-01 4.196342924691421339e-01
-9.282797985661862539e-01 2.009289880749630386e-01 3.129283581350401633e-01
-9.757543616071627790e-01 1.182551620358364697e-01 1.841715028349288352e-01
-9.978359010467289236e-01 -3.552673406104605441e-02 -5.532961005843354402e-02
-9.450397273198287706e-01 -1.766548228007540911e-01 -2.751235856274373281e-01
-8.704915277540552498e-01 -2.659278264091140542e-01 -4.141580510502421153e-01
-8.238984156147188820e-01 -3.062095813330431016e-01 -4.768931673314247832e-01
-9.088733792741215956e-01 -2.253450457453178846e-01 -3.509541149564703866e-01
-9.404525987196454828e-01 -1.836621849769159431e-01 -2.860369056100464102e-01
-9.914981546914215516e-01 -7.030454056650897732e-02 -1.094928345565950173e-01
-9.999925714435338175e-01 -2.082587353074127554e-03 -3.243437630946251898e-03
-9.994786984081474035e-01 -1.744374532334869513e-02 -2.716702371349608014e-02
-9.988855583909657110e-01 2.550113118889117333e-02 3.971565870101716189e-02
-9.877496665903194861e-01 8.431243263765018925e-02 1.313088338743224892e-01
-9.870461780563646315e-01 8.668416349848766245e-02 1.350025858377931764e-01
-9.721793031649338390e-01 1.265592875271287776e-01 1.971044120215711681e-01
-9.710631819820096933e-01 1.290364719777835900e-01 2.009623982204159498e-01
-9.518680110722935739e-01 1.656070985356696557e-01 2.579177745171374325e-01
-9.662857388463431674e-01 1.391127573902629089e-01 2.166552829576387507e-01
-9.463297307311195894e-01 1.746272104186147867e-01 2.719657664408876574e-01
-9.574137016868622396e-01 1.559958622590762456e-01 2.429491608964874372e-01
-9.850021280004057633e-01 9.322494390671545728e-02 1.451892477708386087e-01
-9.836887469920925220e-01 9.718903006708945469e-02 1.513629461782026453e-01
-9.525000507908183423e-01 1.645428140885916712e-01 2.562602496980281308e-01
-8.925556310925037984e-01 2.436424611190673439e-01 3.794506510007671363e-01
-9.212712170665476874e-01 2.101347744297369091e-01 3.272655209154876621e-01
-9.226216009606447166e-01 2.083980253974899721e-01 3.245606945568793034e-01
-9.170693285993234412e-01 2.154335416569061468e-01 3.355178619262292883e-01
-8.813045913973248657e-01 2.553191198360832415e-01 3.976359694848066728e-01
-7.372503034526843857e-01 3.650388862106954124e-01 5.685143811839589167e-01
-9.046518373575412886e-01 2.302506078056845429e-01 3.585940752030594147e-01
-9.985396889867427239e-01 2.918877641953785892e-02 4.545882586901311972e-02
-9.939583708845745047e-01 -5.930234883088228437e-02 -9.235793615939567880e-02
-9.946895010821246164e-01 -5.560862212620953232e-02 -8.660529765677421610e-02
-9.981765439099615778e-01 -3.261380003931955984e-02 -5.079298411158663512e-02
-9.969272583148782729e-01 4.232344099929508802e-02 6.591485394627816241e-02
-9.997567948074606026e-01 -1.191548798561350986e-02 -1.855727303182715809e-02
-9.999885694988107643e-01 -2.583349789924360273e-03 -4.023328918313817844e-03
-9.989566210010355496e-01 2.467513579190479256e-02 3.842924708922117877e-02
-6.920685392429182237e-01 -3.900073820588441653e-01 -6.074005094908795366e-01
-7.969278116871808537e-01 -3.263828727292692466e-01 -5.083112071836216606e-01
-7.215694318403171881e-01 3.740740219984208248e-01 5.825857714530683351e-01
-1.831118320561612167e-01 5.311669229814506288e-01 8.272434689324865698e-01
5.403454672119868407e-01 4.546337388568841287e-01 7.080500967844508553e-01
5.567163231907722443e-01 -4.488305711968473832e-01 -6.990121986432420442e-01
4.422833812538123910e-02 -5.397735921128691272e-01 -8.406475619213065187e-01
1.167835911710638289e-03 -5.403019374248720919e-01 -8.414704109915052133e-01
9.729911133805954071e-01 -1.247247742189309810e-01 -1.942473268244016560e-01
7.480635154054119385e-01 -3.585592723400558013e-01 -5.584229804890434856e-01
4.353491732739742659e-01 -4.864134630450904218e-01 -7.575440847225656249e-01
4.422266337173518247e-01 -4.845989436849621468e-01 -7.547181382545659067e-01
-1.105789541111706215e-01 -5.369888169938633604e-01 -8.363105316395402777e-01
-5.240259872092037918e-01 -4.601767029336339410e-01 -7.166827518550655807e-01
-7.035153256379192976e-01 -3.839820899437528801e-01 -5.980166730075341386e-01
-8.432854135998959499e-01 -2.903941241790792271e-01 -4.522620521908928271e-01
-8.859305174669988014e-01 -2.506019238928811621e-01 -3.902893720841529857e-01
-9.672666664138224180e-01 -1.371082399454166545e-01 -2.135334320048297152e-01
-9.997257438878843772e-01 1.265319489236148981e-02 1.970618346692773470e-02
-9.564667669755476664e-01 1.576825081627335756e-01 2.455759562556009135e-01
-9.515856990112140368e-01 1.660800501904880488e-01 2.586543530777398736e-01
-9.332167425501102231e-01 1.941381532792550990e-01 3.023522595673492908e-01
-9.462016180874621707e-01 1.748297523836679634e-01 2.722812068618282733e-01
-9.548545297460675485e-01 1.605096449458403018e-01 2.499789609202673346e-01
-9.632066386926341206e-01 1.452126866498408830e-01 2.261553599063539643e-01
-9.509465807870205456e-01 1.671452935923082028e-01 2.603133713803723048e-01
-9.469840194969951774e-01 1.735886850674614457e-01 2.703483590367515288e-01
-9.475453155937800798e-01 1.726922094794905438e-01 2.689521810310810390e-01
-9.602332405943777571e-01 1.508519041897875279e-01 2.349379208640762773e-01
-9.411815794218203468e-01 1.825688083852650412e-01 2.843340724602524405e-01
-9.359638222812156627e-01 1.902383805578488629e-01 2.962787234066327491e-01
-9.504714986675236732e-01 1.679322932930732426e-01 2.615390507936448672e-01
-9.840856716202761589e-01 9.600883259117133639e-02 1.495248975125895441e-01
-9.984123445005730346e-01 -3.043389296623052673e-02 -4.739797999692791503e-02
-9.698116580976894330e-01 -1.317555149495705236e-01 -2.051970567483455965e-01
-9.690421109431820446e-01 -1.333982071909261546e-01 -2.077553983342634580e-01
-8.526526666700042778e-01 -2.822961558254899472e-01 -4.396502137230020035e-01
-8.547147147309963611e-01 -2.804698582467405332e-01 -4.368059237663390881e-01
-9.224981960694651484e-01 -2.085574447012955857e-01 -3.248089754120852546e-01
-9.219303375846384929e-01 -2.092891878872913114e-01 -3.259485979024186464e-01
-9.025030229722954545e-01 -2.326992984073549819e-01 -3.624076848613907442e-01
-8.962531267134811186e-01 -2.396472691115940079e-01 -3.732285081068485999e-01
-9.197350704642703878e-01 -2.120900940997992867e-01 -3.303107508738124531e-01
-9.906764466272593994e-01 7.360848693173270563e-02 1.146384261476399297e-01
-9.984475803641180702e-01 3.009454386413932397e-02 4.686947508397636825e-02
-9.963377636479703314e-01 4.619840871069039179e-02 7.194975859279353902e-02
-9.972932531419435032e-01 3.972661478029736876e-02 6.187053673322472774e-02
-9.940814763443409641e-01 5.869687287913585155e-02 9.141496323505299282e-02
-9.951755593980855519e-01 5.300915250997402517e-02 8.255686359644333339e-02
-9.946205318006189344e-01 5.596759380679912355e-02 8.716436292505681804e-02
-9.893692200806403214e-01 7.857367782208850293e-02 1.223712527946661938e-01
-9.903903145054622215e-01 7.472407247676011999e-02 1.163758476929789565e-01
-9.855689890040749690e-01 9.145926153521188873e-02 1.424393604061719443e-01
-9.931670895395475762e-01 6.305383989449955817e-02 9.820053732084704778e-02
-9.995368923885732393e-01 1.644153991716902630e-02 2.560618127222095974e-02
-9.021843547663835894e-01 -2.330597550660375994e-01 -3.629690628460263691e-01
-8.809934645725230329e-01 -2.556323840453895158e-01 -3.981238495842381875e-01
-8.993479464042112292e-01 -2.362383533798830260e-01 -3.679194364135843220e-01
-9.499174584685463607e-01 -1.688449651512985705e-01 -2.629604529957201842e-01
-9.922748776713619101e-01 -6.702921494899041766e-02 -1.043918171391115257e-01
-9.778638060905038287e-01 -1.130541444664437539e-01 -1.760713978962907544e-01
-9.596358528926323128e-01 -1.519575907941178861e-01 -2.366599257227078312e-01
-9.680190384188529507e-01 -1.355492838949413359e-01 -2.111055018094219193e-01
-9.687939886087982844e-01 -1.339232837949291821e-01 -2.085731566933733683e-01
-9.469636945753587831e-01 -1.736210502911816334e-01 -2.703987648861835291e-01
-8.939297307744588084e-01 -2.421673488921771422e-01 -3.771532998238754097e-01
-8.899861773589331504e-01 -2.463711000394792072e-01 -3.837002543332105886e-01
-8.944538393308638646e-01 -2.416017384097613185e-01 -3.762724136894152194e-01
-8.921359726679134461e-01 -2.440907422370870161e-01 -3.801488074767878644e-01
-9.666918937945838675e-01 -1.382865542520359259e-01 -2.153685478080299143e-01
-9.629293999295727158e-01 -1.457484580844892741e-01 -2.269897744773247683e-01
-9.708182531873547072e-01 -1.295733691906896246e-01 -2.017985660871415288e-01
-9.741711621247953756e-01 -1.220061312079503968e-01 -1.900132911985214501e-01
-9.845922698020743713e-01 -9.448041695130525441e-02 -1.471445311885787588e-01
-9.999910782881344939e-01 -2.282311648221616550e-03 -3.554489791010207074e-03
-9.990750526616783977e-01 2.323324510835131015e-02 3.618363540054704564e-02
-9.904335175042073836e-01 7.455672103736998846e-02 1.161152132685406568e-01
-9.799011803857303748e-01 1.077814084484224333e-01 1.678595980917582109e-01
-9.805917404689528105e-01 1.059321040216213844e-01 1.649794770922197729e-01
-9.833052473248331538e-01 9.831541035506992376e-02 1.531171795396024382e-01
-9.883166649441783580e-01 8.234988804348833402e-02 1.282523517633950838e-01
-9.998378978306683429e-01 -9.728113557056976973e-03 -1.515063920008061227e-02
-9.693555023844420138e-01 -1.327318459636707138e-01 -2.067176022115253808e-01
-9.533728756205804844e-01 -1.630604789056193105e-01 -2.539516494335392061e-01
-9.185317196120424965e-01 -2.136070526491209709e-01 -3.326732738365073550e-01
-8.226503802489918415e-01 -3.071875690172933271e-01 -4.784162929054934787e-01
-7.495033163883532135e-01 -3.576804442683716445e-01 -5.570542868615591114e-01
-8.604368610921867555e-01 -2.753148601505204240e-01 -4.287774899107045790e-01
-9.676427151732832632e-01 -1.363314261714832221e-01 -2.123236162326874454e-01
-9.999312714222362564e-01 -6.334510130822490655e-03 -9.865415009647682601e-03
-9.761596337618279051e-01 1.172746901938101910e-01 1.826445084143504816e-01
-8.998057865160045132e-01 2.357288536819217850e-01 3.671259376482701731e-01
-8.924582506327120024e-01 2.437465756398867200e-01 3.796127997597399384e-01
-9.349810748391520487e-01 1.916439328771918915e-01 2.984677414461842093e-01
-9.847765590955777082e-01 9.391804525720066910e-02 1.462686891680529955e-01
-9.992634813619556411e-01 -2.073307450324308326e-02 -3.228985038719636713e-02
-8.603553238374114231e-01 -2.753892373538828764e-01 -4.288933255417595181e-01
-7.194815206593803136e-01 -3.752462107227882981e-01 -5.844113472271516008e-01
-5.781477196537292418e-01 -4.408500024945165019e-01 -6.865831992990927279e-01
-3.667983030302838787e-01 -5.026435008264729110e-01 -7.828208709347316274e-01
-3.584340167839274449e-01 -5.044019531819713409e-01 -7.855594982166224094e-01
-3.851356936653471119e-01 -4.986233619498578462e-01 -7.765598755941057751e-01
-5.007395226270030530e-01 -4.676846056151498510e-01 -7.283756174872156874e-01
-5.285375367248532630e-01 -4.586679936144946179e-01 -7.143330763071792378e-01
-6.140561463049385438e-01 -4.264402649213595020e-01 -6.641413626924080882e-01
-5.406322846466825593e-01 -4.545341864329144332e-01 -7.078950530703523869e-01
-7.342268096805687483e-01 -3.668135362265399491e-01 -5.712782348271940869e-01
-9.401043189750277751e-01 -1.841819708612026096e-01 -2.868464241614010479e-01
-9.984731709753457141e-01 2.984565989960773907e-02 4.648186127507214493e-02
-8.840600181414306480e-01 2.525229195344300126e-01 3.932811455353295571e-01
-9.589324317489312799e-01 1.532484331881285022e-01 2.386702936384520191e-01
-9.548562248092824500e-01 1.605067012021891559e-01 2.499743763111656747e-01
-9.436305955009917090e-01 1.788403074673536319e-01 2.785272763293142884e-01
-9.462835612437358046e-01 1.747002331165987132e-01 2.720794925548029597e-01
-9.598458049908125123e-01 1.515699944600606697e-01 2.360562801979992076e-01
-9.363227844590591431e-01 1.897220161116899839e-01 2.954745334294477943e-01
-9.414877569754058761e-01 1.821073700788510830e-01 2.836154248773916087e-01
-9.747202763541782389e-01 1.207190404533277223e-01 1.880087661149401901e-01
-9.678345452090594270e-01 1.359333310142487594e-01 2.117036197596628144e-01
-9.697428696800608483e-01 1.319032381680158295e-01 2.054271220298631850e-01
-9.934177772733907563e-01 6.189025489379037376e-02 9.638836105244999453e-02
-9.743043238436593922e-01 1.216953248769451490e-01 1.895292390177422681e-01
-9.420402403753771470e-01 1.812713716929654217e-01 2.823134345334142314e-01
-9.714967830190902598e-01 1.280801409426583770e-01 1.994730008789847575e-01
-9.857505857121235948e-01 9.088614383279654263e-02 1.415467824692938359e-01
-9.908163695681534433e-01 7.305662778841461036e-02 1.137789564549148980e-01
-9.791319629369866773e-01 1.098032000199460761e-01 1.710083519028913202e-01
-9.744908427386248517e-01 1.212585689515364995e-01 1.888490319657220029e-01
-9.740876065542217743e-01 1.222007289653186252e-01 1.903163592490472733e-01
-9.430767840374814082e-01 1.796910790018296233e-01 2.798522744890237224e-01
-9.951278300210855132e-01 5.327008625961277000e-02 8.296324383375387745e-02
-9.828982388265606884e-01 9.949641966271637050e-02 1.549564925582203601e-01
-9.753714367886906489e-01 1.191737880849232933e-01 1.856021781398458637e-01
-9.987735473027283817e-01 2.675124623613276548e-02 4.166259753229853424e-02
-9.996817770963226657e-01 1.362959598856666038e-02 2.122683807651918123e-02
-9.999826132775208043e-01 3.186095521585684265e-03 4.962049776805933440e-03
-9.999618692055003422e-01 -4.718300599234200379e-03 -7.348317800491196809e-03
-9.954859822634045674e-01 -5.127938314178069612e-02 -7.986290742054762137e-02
-9.535669189148311409e-01 -1.627289111219883400e-01 -2.534352632060656862e-01
-8.836227962717135842e-01 -2.529692591330326978e-01 -3.939762782740127700e-01
-8.646022155781616370e-01 -2.714786606280751302e-01 -4.228029631411308054e-01
-8.346175539258526843e-01 -2.976146454662965679e-01 -4.635073478196402585e-01
-7.620103160646806151e-01 -3.498807996994812708e-01 -5.449070601604066866e-01
-7.289627461328738178e-01 -3.698657636583588815e-01 -5.760317974069124602e-01
-7.465463930647991964e-01 -3.594811498267741490e-01 -5.598587196080443418e-01
-7.836712116809479989e-01 -3.356227420863446276e-01 -5.227014510951331072e-01
-8.399925958433827056e-01 -2.931668755403282201e-01 -4.565803565794493979e-01
-8.996840335059843596e-01 -2.358644772256957289e-01 -3.673371588029887280e-01
-9.288033102332331481e-01 -2.002214920071539173e-01 -3.118264982938712682e-01
-5.645551687240704108e-01 -4.459630035477176180e-01 -6.945462266355169056e-01
9.019771987540635416e-02 -5.380999679040961992e-01 -8.380410466503943612e-01
7.872775452412822395e-02 -5.386252903941480819e-01 -8.388591879543361163e-01
2.883283090864260378e-01 -5.173565373974100545e-01 -8.057350677434391706e-01
1.780302935330972947e-01 -5.316709803642990506e-01 -8.280284917942040135e-01
2.017042240964014299e-01 -5.291971912866978434e-01 -8.241757935755811282e-01
4.796686760718746334e-01 -4.740880916259872513e-01 -7.383484560652134876e-01
4.986488192514150208e-01 -4.683362562356029324e-01 -7.293905031972854891e-01
5.322580963948680965e-01 -4.574102820472693010e-01 -7.123743065969947441e-01
5.223590456581067576e-01 -4.607296328298370880e-01 -7.175438891466050517e-01
4.100085761196202716e-01 -4.927998278885364347e-01 -7.674902586622127654e-01
4.012070332589820487e-01 -4.949101042201033418e-01 -7.707768193221515851e-01
3.522321168199262775e-01 -5.056757765827551987e-01 -7.875433606208493975e-01
3.233478416759349994e-01 -5.112773616019663514e-01 -7.962673124000800851e-01
2.930888275741237448e-01 -5.165750464997047597e-01 -8.045179677826054254e-01
2.648511647940482439e-01 -5.210077341105416870e-01 -8.114214697087048789e-01
1.694695514140855952e-01 -5.324870618784339760e-01 -8.292994634482658833e-01
1.934372799181401648e-01 -5.300974234623971881e-01 -8.255778221199980837e-01
-3.983554209116297873e-01 -4.955820983198417351e-01 -7.718233881240066374e-01
-6.788457022044863676e-01 3.967336900962690205e-01 6.178761135867734122e-01
-7.469816125759717318e-01 3.592171225669015255e-01 5.594475215139991242e-01
-9.995299056765550860e-01 1.656507003898950031e-02 2.579856803817173055e-02
-9.926075226478604518e-01 -6.557566525294054871e-02 -1.021280476143136690e-01
-9.981346972010234353e-01 3.298556083962884272e-02 5.137196725371219463e-02
-9.974137082726076686e-01 3.883377315568564692e-02 6.048001829016098896e-02
-9.838929280674628686e-01 9.658378808840224761e-02 1.504203376453097651e-01
-9.829128239257342026e-01 9.945434901660928084e-02 1.548909714089919398e-01
-9.725453924096084668e-01 -1.257355090373186990e-01 -1.958214530381363894e-01
-8.920121892860648494e-01 -2.442227708801884556e-01 -3.803544299054297806e-01
-9.166211577393706955e-01 -2.159896249237928112e-01 -3.363839103016298959e-01
-9.471804796864793374e-01 -1.732754961119538917e-01 -2.698605961381674301e-01
-9.712203834063368735e-01 -1.286906260468158869e-01 -2.004237750959864117e-01
-9.842470544511104924e-01 -9.552467726122301772e-02 -1.487708702617951961e-01
-9.879587962401361612e-01 -8.359406857094318910e-02 -1.301900481277185051e-01
-9.980935017222190009e-01 3.334747328713826009e-02 5.193561249511213090e-02
-9.602173335729371484e-01 1.508814599618052699e-01 2.349839512517248041e-01
-9.802834252104783985e-01 1.067618848387510699e-01 1.662717841465879975e-01
-9.800042876579461160e-01 1.075073920044445214e-01 1.674328427652245488e-01
-9.994279021171795785e-01 1.827363161198401753e-02 2.845949503000191547e-02
-9.999833898867481752e-01 -3.114126944429255767e-03 -4.849965358810089631e-03
-9.992375698257240924e-01 2.109449151574645936e-02 3.285272403429083388e-02
-9.999493561159068511e-01 5.437632132020867731e-03 8.468610286241004537e-03
-9.996737639347833548e-01 1.380010467249335321e-02 2.149238961798735636e-02
-7.492916871341033236e-01 -3.578098602250506799e-01 -5.572558402721847770e-01
-4.550551557793496293e-01 -4.811193489641952259e-01 -7.492989905577751575e-01
-7.041531040909420058e-01 -3.836406643954430873e-01 -5.974849342212019687e-01
-9.994277044564285895e-01 1.827678722070691375e-02 2.846440959940295043e-02
-7.878624519487237299e-01 3.327458481143096281e-01 5.182209542000725255e-01
-8.653681643678957647e-01 2.707652865394362118e-01 4.216919488249158965e-01
-8.974809262415096578e-01 2.383020988253647110e-01 3.711335295120988254e-01
-9.097370918389166006e-01 2.243253084331102987e-01 3.493659681893194202e-01
-8.938914157915931469e-01 2.422086330801928589e-01 3.772175961371971309e-01
-9.428999546828407130e-01 1.799617743705967388e-01 2.802738575473698868e-01
-9.697586136385097921e-01 1.318694435238258744e-01 2.053744899899497545e-01
-9.998675329370065867e-01 8.794099794390077690e-03 1.369599895116919291e-02
-9.472042503889600562e-01 -1.732375590021894840e-01 -2.698015125903692746e-01
-2.901872320561630358e-01 -5.170530382091372834e-01 -8.052623957631966922e-01
3.116647273452305411e-01 -5.133910027844990065e-01 -7.995591135049050502e-01
8.918582524707950598e-02 -5.381492034440418237e-01 -8.381177264606332056e-01
4.563279466562361608e-03 -5.402966803410554908e-01 -8.414622235685601526e-01
1.931124163401038429e-01 -5.301319998922817689e-01 -8.256316717189913224e-01
4.529962421890758595e-01 -4.816862191294715156e-01 -7.501818385320526694e-01
6.526204196643962119e-01 -4.093789628232797906e-01 -6.375699590121879368e-01
6.685932087686651260e-01 -4.017841115835058541e-01 -6.257416790237591009e-01
6.799715412472905340e-01 -3.961704542214106728e-01 -6.169989256844662373e-01
6.888701843304069206e-01 -3.916568901212718057e-01 -6.099694660891847864e-01
6.342346089048288560e-01 -4.177296746223240764e-01 -6.505754220743863447e-01
5.522057456972183642e-01 -4.504542852032535349e-01 -7.015409833794493677e-01
5.305457143135819953e-01 -4.579906668891032817e-01 -7.132782024329396009e-01
5.299633999006228002e-01 -4.581874399662608233e-01 -7.135846583433088641e-01
5.617704069713341797e-01 -4.469884141468962180e-01 -6.961432090236205905e-01
6.023781884093899475e-01 -4.312751482947913551e-01 -6.716712474059964855e-01
6.130618603345795448e-01 -4.268576823529784958e-01 -6.647914518248171367e-01
2.492425344339211368e-01 -5.232509579935799016e-01 -8.149150839122789591e-01
3.550616283181208810e-01 -5.050977723027384458e-01 -7.866431722902675894e-01
-7.170285850663216110e-01 3.766143526959274679e-01 5.865421021045432726e-01
-8.108642957747099755e-01 3.162033992677238947e-01 4.924576165816914042e-01
-9.984812334419629343e-01 2.976681518846521421e-02 4.635906791289058637e-02
-7.393067614468268323e-01 -3.638227039720721145e-01 -5.666202895709387954e-01
-8.671912711771018190e-01 -2.690571484883658160e-01 -4.190316814294019476e-01
-7.699386079365152513e-01 -3.447766090709011855e-01 -5.369577542473449316e-01
-7.626168580584932188e-01 -3.494947993509643358e-01 -5.443059002359069698e-01
-8.021827038057448567e-01 -3.226029693115018415e-01 -5.024243564023412878e-01
-7.485480645038046221e-01 -3.582639417237690749e-01 -5.579630303059115448e-01
-6.048756823313100606e-01 -4.302534869273286211e-01 -6.700801041003284775e-01
-4.506646025925366006e-01 -4.823242750858653394e-01 -7.511755518073025550e-01
-3.151885390302985868e-01 -5.127625974640684925e-01 -7.985804302046524139e-01
-2.350243260430852077e-01 -5.251681620310709731e-01 -8.179009522900071438e-01
-2.277609682974733873e-01 -5.261015806564128816e-01 -8.193546656674514095e-01
-2.017969825989910648e-01 -5.291868677401824206e-01 -8.241597156044920824e-01
3.024197852678950707e-02 -5.400551752475574174e-01 -8.410861016704028748e-01
3.152032324828405452e-01 -5.127599607513481095e-01 -7.985763237678940030e-01
4.566931170626996050e-01 -4.806660611556021201e-01 -7.485930366231803301e-01
4.519054367518813287e-01 -4.819852343778071591e-01 -7.506475271896003720e-01
5.794287619963968128e-01 -4.403587463208202268e-01 -6.858181131393938923e-01
5.503647622189057342e-01 -4.511115380329376312e-01 -7.025645940134507272e-01
5.505379321779054758e-01 -4.510498485832833415e-01 -7.024685183880293726e-01
5.970127413707833064e-01 -4.334476663635274396e-01 -6.750547438281984114e-01
6.847351071197448347e-01 -3.937680180461065604e-01 -6.132573530270571949e-01
3.176663051773262469e-01 -5.123160363687664365e-01 -7.978849525052986724e-01
4.628828066866889912e-02 -5.397231682946574960e-01 -8.405690314773174299e-01
-7.749304333989440741e-01 -3.414962006981712150e-01 -5.318488209076326356e-01
-6.803897969635803733e-01 -3.959607666561388850e-01 -6.166723566505478704e-01
-5.234454938275353575e-01 -4.603695297882344217e-01 -7.169830618879413642e-01
-4.330039606237556238e-01 -4.870241858075531893e-01 -7.584952290704477518e-01
-4.601475115290823981e-01 -4.797033386869031246e-01 -7.470936852137296524e-01
-5.930957256646157694e-01 -4.350146502162082762e-01 -6.774951765847729845e-01
-6.638410766207057945e-01 -4.040778679337349022e-01 -6.293139928820821183e-01
-7.130950164117948464e-01 -3.787883321053459595e-01 -5.899278744300122668e-01
-7.599897454873787428e-01 -3.511614134683187505e-01 -5.469014979362936124e-01
-8.846486892689675585e-01 -2.519203733517183519e-01 -3.923427354559130831e-01
-9.453947890328411319e-01 -1.760993446628190684e-01 -2.742584796845404238e-01
-8.310286204738661642e-01 -3.005321665738506787e-01 -4.680511177293887881e-01
-3.562527854622197232e-01 -5.048528636304033812e-01 -7.862617496321379074e-01
-5.230008573113068548e-01 -4.605170289671126627e-01 -7.172127782485065994e-01
-7.181657582297070741e-01 -3.759812863008338835e-01 -5.855561596106050315e-01
-9.166097618669094560e-01 -2.160037425382245746e-01 -3.364058971833996381e-01
-9.997745424288110305e-01 -1.147254449583903942e-02 -1.786742941926679901e-02
-9.925684839957165106e-01 -6.574794121079685638e-02 -1.023963515218513920e-01
-9.987318235899129704e-01 2.720219314083388920e-02 4.236490572508928854e-02
-9.929894843755896483e-01 6.386520424220266945e-02 9.946416242346946268e-02
-9.769281018819154783e-01 1.153915271568929229e-01 1.797116557538709358e-01
-9.389573211889509219e-01 1.858821717632854753e-01 2.894943301797700541e-01
-9.476596259070872996e-01 1.725090021156079623e-01 2.686668524673567204e-01
-9.230862515189516282e-01 2.077964823378725678e-01 3.236238467491186488e-01
-9.302422859393875143e-01 1.982617128976437160e-01 3.087743231701027269e-01
-8.945274560349278925e-01 2.415221596272250359e-01 3.761484770787745235e-01
-8.158256901497222824e-01 3.124556805088450351e-01 4.866208904367793076e-01
-8.670237364989435980e-01 2.692147206940692650e-01 4.192770855997554058e-01
-8.758118705957737005e-01 2.607783323240949747e-01 4.061381891841686631e-01
-9.017302422235623505e-01 2.335722370490255217e-01 3.637672062450781896e-01
-9.690476566125179048e-01 1.333864462882003443e-01 2.077370818135093888e-01
-9.905672169304940988e-01 7.403637868036881675e-02 1.153048280622819138e-01
-9.921300899767029335e-01 6.765198629105742545e-02 1.053617260379403620e-01
-9.923966687462243419e-01 -6.650077098032476652e-02 -1.035688144202643185e-01
-9.462687215445284572e-01 -1.747236966807276248e-01 -2.721160348908252535e-01
-9.351642334393738265e-01 -1.913828687823074526e-01 -2.980611582081811317e-01
-9.076404495500581815e-01 -2.267910895711613417e-01 -3.532061947810284930e-01
-8.740965048597323372e-01 -2.624530895708487299e-01 -4.087464690571847026e-01
-8.427283350852564636e-01 -2.908658403359895561e-01 -4.529967065775095114e-01
-8.442542429699764206e-01 -2.895711751904532227e-01 -4.509803850790097823e-01
-9.843541894986893581e-01 -9.520186365482644075e-02 -1.482681178575694647e-01
-7.083858900973093453e-01 3.813590664448798795e-01 5.939315559484379392e-01
9.995260190572643477e-01 -1.663339079111049446e-02 -2.590497130527918968e-02
9.094811057112475172e-01 -2.246281207744781072e-01 -3.498375704688864718e-01
4.492861582279069066e-01 -4.826995448717092962e-01 -7.517599998706054887e-01
4.886064001638232984e-02 -5.396569718411271532e-01 -8.404659366092444017e-01
-1.571454339322177762e-01 -5.335893046578679133e-01 -8.310161048674014062e-01
-2.780953045522780998e-01 -5.189892639915015815e-01 -8.082778887533267342e-01
-4.064680328162204592e-01 -4.936553080868212318e-01 -7.688225901313109345e-01
-7.058222331558695606e-01 -3.827442100989450480e-01 -5.960887893750358435e-01
-7.621935560762659323e-01 -3.497642639324947678e-01 -5.447255664567033362e-01
-6.073086667948347506e-01 -4.292517974792705027e-01 -6.685200652162175405e-01
-4.349854838523374290e-01 -4.865084387682090949e-01 -7.576920006474051617e-01
-8.329737533085487811e-02 -5.384246121198801305e-01 -8.385466500598206530e-01
-1.892763861790785485e-01 -5.305357210121699474e-01 -8.262604301097113968e-01
-4.187440953460329074e-01 -4.906508362321428396e-01 -7.641434024563266147e-01
-6.562527435296725553e-01 -4.076803194818373610e-01 -6.349244787507919430e-01
-7.067186301605616894e-01 -3.822610282069293652e-01 -5.953362781639972567e-01
-8.459529782883080662e-01 -2.881202554625547640e-01 -4.487207114869264934e-01
-9.771214966968228000e-01 -1.149125084181120832e-01 -1.789656282698391943e-01
-9.859531362299794877e-01 -9.024247633859125428e-02 -1.405443297417092452e-01
-9.999575511488770774e-01 -4.978289865920843167e-03 -7.753227092756338756e-03
-9.989178840685382088e-01 -2.512876779927812956e-02 -3.913573708165512394e-02
-9.851189355106781953e-01 -9.286393584361755937e-02 -1.446270110247072083e-01
-9.350627986573698536e-01 -1.915274985694558063e-01 -2.982864057559011517e-01
-8.564153202569273482e-01 -2.789513354128253519e-01 -4.344409645747347448e-01
-5.441167471517542875e-01 -4.533187753449426372e-01 -7.060021624533138196e-01
-3.617694031136188815e-01 -5.037063400402209679e-01 -7.844761449362889216e-01
-3.805819879039045173e-01 -4.996430347405682038e-01 -7.781479218749784987e-01
-5.580032211506580353e-01 -4.483638077631257324e-01 -6.982852576659775989e-01
-5.164090880179919019e-01 -4.626835675744634946e-01 -7.205869622113577622e-01
-8.214781348601076783e-01 -3.081019946425235245e-01 -4.798404264378493544e-01
-9.941436611534688605e-01 -5.838861055065252409e-02 -9.093487310345295394e-02
-9.646373793762720306e-01 1.424131994166283055e-01 2.217954168642758961e-01
-9.346790020103347141e-01 1.920736041427275609e-01 2.991369147941916884e-01
-9.326918640298251795e-01 1.948731080892581180e-01 3.034968838657202683e-01
-9.545049550479030032e-01 1.611154757810466520e-01 2.509224865428518192e-01
-9.306152961926272837e-01 1.977500316723126428e-01 3.079774268772112467e-01
-9.325276268969195925e-01 1.951024257910594084e-01 3.038540250259057496e-01
-9.418554971835858547e-01 1.815514015956780358e-01 2.827495552670332701e-01
-9.439857395182562616e-01 1.782923304675347043e-01 2.776738527168631232e-01
-9.110203281569653200e-01 2.227998398219639686e-01 3.469901915906015710e-01
-9.515301475074380289e-01 1.661729395117891306e-01 2.587990196242722085e-01
-9.617346523526345559e-01 1.480334240019812175e-01 2.305483980477998907e-01
-9.955197351422484520e-01 5.108773858999976492e-02 7.956443871521595712e-02
-9.961076991261579305e-01 4.762467310975779244e-02 7.417103378530137681e-02
-9.904273920618015259e-01 -7.458047188535332772e-02 -1.161522030226569968e-01
-9.093802343727279691e-01 -2.247473085447612706e-01 -3.500231944230098313e-01
-6.994882576099973326e-01 -3.861238504935414761e-01 -6.013522674321359895e-01
-3.530079914256114004e-01 -5.055178090347424158e-01 -7.872973407413295099e-01
-2.175986522070795515e-01 -5.273557616788077107e-01 -8.213079368798447133e-01
3.034082882610321732e-02 -5.400535566698749790e-01 -8.410835808850171125e-01
6.021165799863530815e-02 -5.393219987378956581e-01 -8.399442469107200049e-01
-3.005675451508668106e-01 -5.153190142327260803e-01 -8.025618134275970261e-01
-3.625525362106210014e-01 -5.035419390888203894e-01 -7.842201056246371760e-01
-8.210084452002668343e-01 -3.084672567400570387e-01 -4.804092884500716920e-01
-9.517655693980283660e-01 -1.657788891869643177e-01 -2.581853226044872329e-01
-9.266115874832513422e-01 -2.031644195580970536e-01 -3.164098363948098513e-01
-9.686618204066418381e-01 -1.342020849208325761e-01 -2.090073637204978019e-01
-9.666821669088639934e-01 -1.383064025022447685e-01 -2.153994596262260863e-01
-9.604063741888829719e-01 -1.505298091977328445e-01 -2.344362876353776604e-01
-9.845398240117163580e-01 -9.463982898532703747e-02 -1.473928007217672198e-01
-9.971457802917265134e-01 -4.079297740408646678e-02 -6.353129812079713612e-02
-9.771067458900302150e-01 -1.149491182914405413e-01 -1.790226447693596123e-01
-9.732468471838399138e-01 -1.241409358173369976e-01 -1.933380523878090174e-01
-9.696152310464359880e-01 -1.321768772317946927e-01 -2.058532896215596875e-01
-4.907407098114941468e-01 -4.707684580156583642e-01 -7.331784330374632175e-01
-4.467174507851096599e-01 -4.833950148839303851e-01 -7.528431302399045677e-01
-4.755325680485832929e-01 -4.753029209821639234e-01 -7.402404406886605726e-01
-4.062414725480780198e-01 -4.937097476934471096e-01 -7.689073747951972182e-01
-2.949807034418961971e-01 -5.162605877056186676e-01 -8.040282272276100262e-01
-1.735337439575179719e-01 -5.321047981705907537e-01 -8.287041229968157285e-01
-1.300255803897491236e-01 -5.357154848698477689e-01 -8.343274343535472815e-01
1.389506967974027396e-01 -5.350609953657223805e-01 -8.333081273441167447e-01
3.327209429009868602e-01 -5.095187606157716154e-01 -7.935284536395946775e-01
5.584433029457800401e-01 -4.482038291552923881e-01 -6.980361057463584373e-01
5.666685647869107445e-01 -4.451798341243828894e-01 -6.933265125259018280e-01
5.666784265572606394e-01 -4.451761695146433384e-01 -6.933208052343856620e-01
5.604858865203110607e-01 -4.474589058264760166e-01 -6.968759563997841688e-01
5.033167100509285952e-01 -4.668763102895399641e-01 -7.271167721033084952e-01
4.976586787042430737e-01 -4.686436065268988482e-01 -7.298691729151247642e-01
3.907999314725191797e-01 -4.973351136424320473e-01 -7.745535477288472137e-01
1.655772833440662117e-01 -5.328444146428005235e-01 -8.298560074039170731e-01
-7.327565158101793930e-02 -5.388498252456295212e-01 -8.392088802664875447e-01
-2.689039766322320335e-01 -5.204013458366247846e-01 -8.104770759267665436e-01
-5.046123073194241915e-01 -4.664678669752428952e-01 -7.264806593305386251e-01
-8.463075936268632526e-01 -2.878160801831320392e-01 -4.482469865571044321e-01
-9.087514562242126059e-01 -2.254885442719011535e-01 -3.511776006702477249e-01
-9.980833054117989045e-01 3.343644333229915666e-02 5.207417513070859011e-02
-9.984849039367368340e-01 -2.973085110299403949e-02 -4.630305716836763397e-02
-9.967090656240623625e-01 -4.379795438736433510e-02 -6.821127248696426393e-02
-9.625523192313000242e-01 -1.464737854676071427e-01 -2.281194049466963025e-01
-8.988576439020323772e-01 -2.367824760615599433e-01 -3.687668572811879097e-01
-8.675652528104442762e-01 -2.687049623605563542e-01 -4.184831840334350961e-01
-8.729293153442783115e-01 -2.635847011906006232e-01 -4.105088497350955490e-01
-9.134465605157093826e-01 -2.198807223941974254e-01 -3.424439355594231515e-01
-9.903751909932930753e-01 -7.478256480291955999e-02 -1.164669440935727218e-01
-9.922077588084272648e-01 6.731863912260283023e-02 1.048425685827973491e-01
-9.989767732626887442e-01 2.443580410860318394e-02 3.805651007689259124e-02
-9.947469772891224249e-01 -5.530767065297653717e-02 -8.613659350761489197e-02
-9.784217735955363926e-01 -1.116359661370982664e-01 -1.738627160112299064e-01
-9.943542093406887439e-01 -5.733243053283347546e-02 -8.928997018507542349e-02
-9.999762313204643149e-01 -3.725218626340298395e-03 -5.801684264690703911e-03
-9.978553975929724817e-01 3.536651291937484287e-02 5.508008041474177219e-02
-9.955947535258834469e-01 5.065917394800880519e-02 7.889698883126529394e-02
-9.884071891681458499e-01 8.203210537112193279e-02 1.277574345746901596e-01
-9.805549562385749152e-01 1.060314577542938591e-01 1.651342113629571673e-01
-9.496433935293503437e-01 1.692944184542211072e-01 2.636604350415633347e-01
-9.287191299812989076e-01 2.003354523289336275e-01 3.120039809793150876e-01
-9.215703858533119686e-01 2.097514678403431532e-01 3.266685562722546621e-01
-9.325886220544198357e-01 1.950172968957107345e-01 3.037214446266983670e-01
-9.383671770778498900e-01 1.867501135290763614e-01 2.908460693903634486e-01
-9.514281303356295627e-01 1.663433762554873130e-01 2.590644591254727680e-01
-9.757654434308838942e-01 1.182284653860577323e-01 1.841299252663410047e-01
-9.998486429618154148e-01 9.400191371594241938e-03 1.463993065535523080e-02
-9.956148194675527030e-01 -5.054391985171270696e-02 -7.871749121139562377e-02
-9.927646093299783425e-01 -6.487775519083066600e-02 -1.010411170924693375e-01
-8.012584464521979033e-01 -3.232728085492537207e-01 -5.034675692054929597e-01
-7.484804114560545951e-01 -3.583052020793658365e-01 -5.580272895024400714e-01
-7.712655398877763524e-01 -3.439097250503801440e-01 -5.356076623774055356e-01
-7.325901014425508784e-01 -3.677676079891413208e-01 -5.727641135601445610e-01
-6.850698192637380002e-01 -3.935980265666353950e-01 -6.129926069838033120e-01
-6.429958565841790152e-01 -4.138011405788585284e-01 -6.444570928085233685e-01
-9.345431753441792999e-01 -1.922664471806216635e-01 -2.994372500310538698e-01
-9.836984598863574014e-01 -9.716032695163658028e-02 -1.513182437244746936e-01
-9.684240371053355334e-01 -1.347021266640760495e-01 -2.097861325940750810e-01
-9.881007118446083481e-01 -8.310296176892729980e-02 -1.294251946006283738e-01
-9.988932308824319817e-01 -2.541324573083907773e-02 -3.957878520976199077e-02
-9.978458088752879540e-01 -3.544540317220636061e-02 -5.520294470390155195e-02
-9.709521765388019476e-01 -1.292800949947598144e-01 -2.013418185889584711e-01
-9.990139387663106163e-01 2.398814552108283552e-02 3.735932313468030147e-02
-9.907621269026878341e-01 -7.327106463958783789e-02 -1.141129220633827490e-01
-9.667494732966673832e-01 -1.381689975923318658e-01 -2.151854641581222027e-01
-9.193643145776082548e-01 -2.125588393270592680e-01 -3.310407783116423031e-01
-8.918930441113747110e-01 -2.443497676945884378e-01 -3.805522157251828297e-01
-8.556178435087988809e-01 -2.796648294459987416e-01 -4.355521656934941421e-01
-9.036336695533699892e-01 -2.314148213537812193e-01 -3.604072303760130769e-01
-7.966253737427859694e-01 -3.265983372650753114e-01 -5.086467733160751070e-01
-7.307295447117023723e-01 -3.688465936532816514e-01 -5.744445341682685724e-01
-5.142553738857534862e-01 -4.633833074949467168e-01 -7.216767425687677928e-01
-4.119621869286563820e-01 -4.923239700241686112e-01 -7.667491539484085905e-01
-3.231446282952787352e-01 -5.113148664081936801e-01 -7.963257226750102280e-01
-2.592142089080390899e-01 -5.218346951539030165e-01 -8.127093852256245254e-01
-2.179909848614176582e-01 -5.273084583803693270e-01 -8.212342663574551116e-01
-2.583882750461443667e-01 -5.219542597410798956e-01 -8.128955960372890033e-01
-2.791690292355393788e-01 -5.188209540051632596e-01 -8.080157614804669430e-01
-4.614443135536588358e-01 -4.793395510751672917e-01 -7.465271195770785129e-01
-8.576482489777863538e-01 -2.778433259397055655e-01 -4.327153420623072178e-01
-9.254023799092897518e-01 -2.047670432389257222e-01 -3.189057748950472337e-01
-9.512221357992519666e-01 -1.666869377971925970e-01 -2.595995245244189231e-01
-8.220795389256573271e-01 -3.076333638122955016e-01 -4.791105771628408339e-01
-8.384456325909136476e-01 -2.944567864815210156e-01 -4.585892738433799409e-01
-4.604332858617788404e-01 -4.796232829837446809e-01 -7.469690058432280066e-01
-5.233403014579701695e-01 -4.604044408186278581e-01 -7.170374325963516648e-01
-3.231936164078610396e-01 -5.113058276321325035e-01 -7.963116456153509493e-01
-3.444492936869879562e-01 -5.072384648384065109e-01 -7.899771033814282362e-01
-2.346219583306897727e-01 -5.252206811650890206e-01 -8.179827459950191892e-01
-2.291103070493417937e-01 -5.259305163114617043e-01 -8.190882487352114660e-01
-1.301414964909480554e-01 -5.357072679532298709e-01 -8.343146372641336850e-01
5.555410686203191700e-02 -5.394679052063834357e-01 -8.401714827718198553e-01
1.278752599016915459e-01 -5.358665638910001805e-01 -8.345627259881234217e-01
2.614512604639815940e-01 -5.215087976009383786e-01 -8.122018298591913155e-01
3.354995997846259570e-01 -5.089865726135537338e-01 -7.926996199339718663e-01
3.977664170609929162e-01 -4.957201892657831510e-01 -7.720384520299208297e-01
3.503499612180797085e-01 -5.060573343252403600e-01 -7.881376015963975634e-01
2.015350552666993478e-01 -5.292160061717922082e-01 -8.242050960229656553e-01
1.512609792753524807e-01 -5.340855132311771447e-01 -8.317889039325131462e-01
2.647997336485616859e-01 -5.210153656509103337e-01 -8.114333551286261326e-01
3.134557700024681592e-01 -5.130725832056025615e-01 -7.990632043930502304e-01
3.530249736351457335e-01 -5.055143470284935159e-01 -7.872919489860545905e-01
5.513265356724985633e-01 -4.507685669221338509e-01 -7.020304481561514542e-01
5.830752353826182954e-01 -4.389514062364894831e-01 -6.836263108208405770e-01
5.484521360882114172e-01 -4.517910360057635355e-01 -7.036228494052170213e-01
4.844851412822691050e-01 -4.726561816725246001e-01 -7.361183884426806268e-01
5.158842534124404855e-01 -4.628544529774888949e-01 -7.208531004580602808e-01
5.384749508370630933e-01 -4.552811550236846028e-01 -7.090583877236924515e-01
5.193002892840696827e-01 -4.617379406390397789e-01 -7.191142355174872103e-01
4.910412920101567824e-01 -4.706769504876515686e-01 -7.330359185064814209e-01
3.174904917340379829e-01 -5.123478508789417463e-01 -7.979345006692017961e-01
-1.710326397725031589e-01 -5.323411476867755399e-01 -8.290722155590403153e-01
-2.312358650898975188e-01 -5.256588817994455320e-01 -8.186652030479146802e-01
-6.698381407705709945e-02 -5.390888205000488043e-01 -8.395810933218759153e-01
-2.149418362269571725e-01 -5.276737398295002768e-01 -8.218031585080047829e-01
-1.911353450752801553e-01 -5.303411257065141493e-01 -8.259573658775015703e-01
-2.687879475140908525e-01 -5.204188442406133541e-01 -8.105043280763073454e-01
-2.601560601302262965e-01 -5.216978507524557829e-01 -8.124962626977346725e-01
-2.582468942935934320e-01 -5.219746854415258097e-01 -8.129274071809449165e-01
-2.606913325403548698e-01 -5.216198421633854165e-01 -8.123747715185271057e-01
-2.524518043942816092e-01 -5.228016278276582662e-01 -8.142152936409522423e-01
-2.631817740277682116e-01 -5.212546309938100864e-01 -8.118059888219003595e-01
-4.264940403395979240e-01 -4.886982337806838328e-01 -7.611024043152442298e-01
-7.422448040681882686e-01 -3.620721528987428384e-01 -5.638939678069329053e-01
-9.002827006234872531e-01 -2.351966775049206260e-01 -3.662971223593312065e-01
-9.226680869241465910e-01 -2.083379358331691744e-01 -3.244671106052349763e-01
-9.313810922012288884e-01 -1.966947232864840744e-01 -3.063338814452287173e-01
-9.415744310356153335e-01 -1.819765043277605521e-01 -2.834116135457505070e-01
-8.602037613816291284e-01 -2.755274185552347710e-01 -4.291085300121469936e-01
-8.228999238435437125e-01 -3.069923888924828148e-01 -4.781123178714145605e-01
-8.344122014807845433e-01 -2.977826924458817914e-01 -4.637690654837512971e-01
-9.849558793811856727e-01 -9.336748345145039207e-02 -1.454112399588775861e-01
-9.982137752361972538e-01 -3.227942933745137077e-02 -5.027223259759882462e-02
-9.645245743417718565e-01 -1.426360690415769683e-01 -2.221425157397619032e-01
-9.806469849413675943e-01 -1.057827070854739510e-01 -1.647468051498239550e-01
-7.561547425333100536e-01 -3.535699671251452125e-01 -5.506525980066808712e-01
-6.572498541960782870e-01 -4.072111300955734703e-01 -6.341937595762984214e-01
-6.513171623699375301e-01 -4.099844208723099626e-01 -6.385129040547019574e-01
-6.345408647410930580e-01 -4.175938782827633422e-01 -6.503639318061745778e-01
-6.739978067462157885e-01 -3.991393302687538114e-01 -6.216226761741413531e-01
-6.627127701413402239e-01 -4.046181745549050079e-01 -6.301554705875745954e-01
-7.279605055566122918e-01 -3.704415617896246182e-01 -5.769285498643875743e-01
-6.845982252892496289e-01 -3.938374916583912699e-01 -6.133655517674891922e-01
-4.495743470062656399e-01 -4.826212070729462567e-01 -7.516379959776794406e-01
-5.995216301937444925e-01 -4.324355722369805366e-01 -6.734785006174363042e-01
-7.127443321323322367e-01 -3.789809619313362354e-01 -5.902278776090084111e-01
-9.982281087876556658e-01 -3.214977072037487199e-02 -5.007030126579582047e-02
-9.820772053874498031e-01 -1.018356801856299676e-01 -1.585996749665862793e-01
-9.999654107197888386e-01 4.493852624036953625e-03 6.998760790135853151e-03
-9.832692104456191018e-01 9.842056958990560989e-02 1.532809553442543438e-01
-9.742228471854648131e-01 1.218855947595481465e-01 1.898255668026773146e-01
-9.771306337550420551e-01 1.148898251203493009e-01 1.789303011266828169e-01
-9.815726685027328369e-01 1.032459553086671755e-01 1.607960483370930449e-01
-9.690103376759563458e-01 1.334655686393358132e-01 2.078603075743606365e-01
-9.745729966068145123e-01 1.210656695561682233e-01 1.885486089572941670e-01
-9.664456521979483128e-01 1.387880890068124706e-01 2.161496419093018595e-01
-9.875234891552943095e-01 8.508236047379719169e-02 1.325079254337646339e-01
-9.846554987680528059e-01 9.428785916973309034e-02 1.468446402121158512e-01
-9.963894980049070593e-01 4.587153296924545431e-02 7.144067978806488417e-02
-9.997237118559415547e-01 -1.269997727072648408e-02 -1.977904270437110673e-02
-9.983350558683794507e-01 -3.116526377813156473e-02 -4.853702254896972296e-02
-9.906407263451549872e-01 -7.374869442351160431e-02 -1.148567863783908766e-01
-9.673222612697071066e-01 -1.369936926469663696e-01 -2.133550351573848813e-01
-9.855869203305156478e-01 -9.140283500562396135e-02 -1.423514812931162554e-01
-9.882002555782239961e-01 -8.275670372923463192e-02 -1.288859296548871547e-01
-9.693195110726565700e-01 -1.328085548582362274e-01 -2.068370692364714103e-01
-9.643742336057145037e-01 -1.429325175890851785e-01 -2.226042069976139071e-01
-9.771861286251415368e-01 -1.147519548796927386e-01 -1.787155809488842617e-01
-7.579800576695076009e-01 -3.524271595648769684e-01 -5.488727806845251633e-01
-5.688170882068727119e-01 -4.443792248835683467e-01 -6.920796375098271502e-01
-5.447637924322958902e-01 -4.530918601600580353e-01 -7.056487629915330073e-01
-1.526430436652673750e-01 -5.339707126062137599e-01 -8.316101125524000270e-01
2.041770326856215123e-01 -5.289202872731152416e-01 -8.237445411258393912e-01
-4.297602745715605604e-02 -5.398031225883983542e-01 -8.406935529120086459e-01
-2.541204275992332562e-01 -5.225655775968962580e-01 -8.138476671881569313e-01
-4.121704430954623577e-01 -4.922730826442448526e-01 -7.666699015498279479e-01
-5.888598575372290256e-01 -4.366913187335122459e-01 -6.801064330853078266e-01
-9.105092754328030225e-01 -2.234088682176289808e-01 -3.479386971185443600e-01
-8.900100544412377079e-01 -2.463459188397391919e-01 -3.836610369382194019e-01
-9.849058780778515709e-01 -9.352133695586332951e-02 -1.456508525951155097e-01
-9.925254694641235664e-01 -6.593723354302501172e-02 -1.026911568622814602e-01
-9.588006684547878411e-01 1.534889190701143602e-01 2.390448282087271892e-01
-9.680833454182207198e-01 1.354151471011089403e-01 2.108965961305469261e-01
-7.740019321025776167e-01 -3.421103619145502983e-01 -5.328053203302048901e-01
-4.320455555616855015e-01 -4.872725977321882840e-01 -7.588821077207708043e-01
-4.587258333105731500e-01 -4.801006656589739685e-01 -7.477124853092466106e-01
-5.828312910397132063e-01 -4.390459722121010655e-01 -6.837735886017476394e-01
1.703812249040568549e-01 -5.324021248979747822e-01 -8.291671819387897990e-01
3.583662588248599512e-01 -5.044160078087049914e-01 -7.855813870008645505e-01
3.750256124344995001e-01 -5.008680447650928347e-01 -7.800557619499527418e-01
1.665377170547210905e-01 -5.327570300779334023e-01 -8.297199140075774970e-01
-9.971175939655471110e-01 -4.099361509188362979e-02 -6.384377280562933410e-02
-9.778022442844394035e-01 1.132094779047162214e-01 1.763133153929535013e-01
-9.319272820936493895e-01 1.959380376278683222e-01 3.051554133553649462e-01
-9.614449662994346557e-01 1.485817359791423986e-01 2.314023433565515764e-01
-9.227392937528369199e-01 2.082458516213236965e-01 3.243236979423880784e-01
-8.899016053393596914e-01 2.464602650830136632e-01 3.838391206607803530e-01
-8.968691328144589026e-01 2.389735529448650253e-01 3.721792573445600327e-01
-9.094342794355040338e-01 2.246834593715414108e-01 3.499237552274243601e-01
-9.945762141649197030e-01 5.619703534233660980e-02 8.752169694485957552e-02
-9.977827498951215013e-01 3.595988485818912839e-02 5.600420245584458723e-02
-9.988915059221424864e-01 -2.543303101433289082e-02 -3.960959896310974060e-02
-9.985599618843216119e-01 -2.898560743413058222e-02 -4.514240892172952102e-02
-3.948698148883729164e-01 -4.963957649050808607e-01 -7.730905987491516473e-01
-7.878058215710843915e-02 -5.386230355189415286e-01 -8.388556761942713713e-01
-4.255263554229708756e-02 -5.398129142987576623e-01 -8.407088025973596945e-01
4.329647197758015320e-01 -4.870343700597444259e-01 -7.585110901034800568e-01
4.831919758989470237e-01 -4.730424645132073058e-01 -7.367199883226613899e-01
3.851430162426260906e-01 -4.986217108109898266e-01 -7.765573040976780916e-01
1.533130426586604422e-01 -5.339146746554364054e-01 -8.315228386149855488e-01
-1.113430845290801080e-01 -5.369427208106555272e-01 -8.362387410877354377e-01
-4.999705103667588801e-01 -4.679247213481881329e-01 -7.287495755846608025e-01
-7.203682352395370803e-01 -3.747492569067809587e-01 -5.836373875153051394e-01
-8.209196844056814157e-01 -3.085362110412798176e-01 -4.805166784114442979e-01
-9.743958675981047035e-01 -1.214811710727200927e-01 -1.891957142287779281e-01
-9.977949881649457176e-01 -3.586061580302961349e-02 -5.584960006251998149e-02
-9.986477821756410966e-01 -2.808848284804825110e-02 -4.374522016138707170e-02
-9.948980001202127887e-01 5.450889655136385847e-02 8.489257655150901638e-02
-9.987687285672176563e-01 2.680371526180163472e-02 4.174431319818035918e-02
-9.957693886908224323e-01 -4.964706308745658186e-02 -7.732071955883411396e-02
-9.896070828435693523e-01 -7.769430978587467396e-02 -1.210017182222521553e-01
-9.652263705346421085e-01 -1.412433870892510768e-01 -2.199735421092220977e-01
-6.903477192005339491e-01 -3.908966860577409719e-01 -6.087855184083279525e-01
-6.753589692787678178e-01 -3.984670942492052337e-01 -6.205757306045052157e-01
-3.786279268115692598e-01 -5.000762418589465019e-01 -7.788226019875164052e-01
-2.618371365157929898e-01 -5.214522786004783805e-01 -8.121138067312849707e-01
2.417241880018757005e-01 -5.242796404057025184e-01 -8.165171618471355197e-01
4.156279539909380483e-01 -4.914237055848895697e-01 -7.653470751564434016e-01
6.884400449552122714e-01 -3.918776176428490077e-01 -6.103132288363332103e-01
8.126361433464667217e-01 -3.148727283719100489e-01 -4.903852194495774142e-01
8.657374144300522545e-01 -2.704204832450916585e-01 -4.211549495108171670e-01
9.802723448031498352e-03 -5.402763455051829977e-01 -8.414305539380927401e-01
-9.983316679729015153e-01 3.119692938714950167e-02 4.858633881306015367e-02
-9.891703652273278191e-01 7.930119218998615827e-02 1.235042892910274415e-01
-9.944892931117799151e-01 5.664431529383802399e-02 8.821829419641115388e-02
-9.975745178275488012e-01 3.760861664274137844e-02 5.857195007299032669e-02
-9.998749943547119434e-01 -8.542855476129053091e-03 -1.330470910913381620e-02
-9.991916458051330885e-01 -2.172025318403013674e-02 -3.382729009026876760e-02
-9.991007182771878270e-01 2.290878424205449251e-02 3.567831754102815389e-02
-9.921099509790328730e-01 6.773814886834968185e-02 1.054959163013915041e-01
-9.970307880194144712e-01 4.160540973144243732e-02 6.479658650318069479e-02
-9.082786158799797116e-01 -2.260440150410430171e-01 -3.520426951369292623e-01
-7.463360940786810394e-02 -5.387954151515776946e-01 -8.391241415657119118e-01
-5.615608393572343315e-01 -4.470652815214202769e-01 -6.962629228664783954e-01
-3.857792737921054704e-01 -4.984781028360280586e-01 -7.763336479281507385e-01
-3.055956363236909668e-01 -5.144549930018482709e-01 -8.012161800883620399e-01
-9.392528554839663091e-02 -5.379137638264762655e-01 -8.377510509815466744e-01
-6.283194572478105477e-03 -5.402916405913904541e-01 -8.414543746235015886e-01
-2.164800364151802659e-01 -5.274901414916890463e-01 -8.215172210384636964e-01
-4.735061346686937900e-01 -4.758931490376470119e-01 -7.411596664215780450e-01
-6.705690947802361856e-01 -4.008216875690656655e-01 -6.242427924292766050e-01
-7.489838935135499920e-01 -3.579979341268126336e-01 -5.575487480195948642e-01
-7.209127508778998550e-01 -3.744434557583737888e-01 -5.831611304445674104e-01
-6.965212734638784875e-01 -3.876864322681368713e-01 -6.037858443582958534e-01
-7.479493022098760990e-01 -3.586288215447326344e-01 -5.585312969576510245e-01
-9.194478768506825217e-01 -2.124532986372427712e-01 -3.308764084260567007e-01
-9.847776152084152246e-01 -9.391481244610018486e-02 -1.462636543630727315e-01
-9.983888785005268218e-01 3.065779879086465848e-02 4.774669265780833588e-02
-9.968909545714854659e-01 4.257234077067805628e-02 6.630249237289483066e-02
-9.867433776314034066e-01 8.768476664902617734e-02 1.365609329137559003e-01
-9.884969260112242972e-01 8.171583815191087175e-02 1.272648775644357189e-01
-9.949583955518134237e-01 5.418612905219060555e-02 8.438989595502906227e-02
-9.995893717770780729e-01 -1.548216275584603230e-02 -2.411203987031903737e-02
-9.902427758582302841e-01 -7.529272057682336039e-02 -1.172614646366277880e-01
-9.181079493812088765e-01 -2.141382339944130908e-01 -3.335005397668578953e-01
-8.330180179120353356e-01 -2.989200139807315915e-01 -4.655403388275426990e-01
-6.377570996345329757e-01 -4.161611237825841303e-01 -6.481325488800613321e-01
-5.168587363935745610e-02 -5.395801334688713480e-01 -8.403462679347433184e-01
2.711921812599246140e-01 -5.200545962958497137e-01 -8.099370455134430324e-01
4.108167507480158798e-01 -4.926033038572099620e-01 -7.671841906177446768e-01
3.963863201430323779e-01 -4.960428004116670953e-01 -7.725408891205801654e-01
-3.891542215329132359e-01 -4.977116895229837246e-01 -7.751400299141369965e-01
-3.630823477826058965e-01 -5.034304850895134908e-01 -7.840465263051727973e-01
-7.494608798471970035e-01 -3.577064018321668981e-01 -5.570947133719270639e-01
-8.871956219010802558e-01 -2.492919524283328525e-01 -3.882492124061879823e-01
-9.623354587481999234e-01 -1.468891737104992545e-01 -2.287663338049072959e-01
-9.990842319658344017e-01 -2.311772577544082483e-02 -3.600372469912527934e-02
-9.892486363356806089e-01 7.901565263774847081e-02 1.230595877866779569e-01
-9.712708399764374834e-01 1.285794115958477091e-01 2.002505688509552961e-01
-9.853308603616331984e-01 9.220523712538064576e-02 1.436011485527047826e-01
-9.967494802278393795e-01 4.352863185265728324e-02 6.779182749098787431e-02
-9.984020571211081885e-01 -3.053225496526612570e-02 -4.755116973403845232e-02
-7.614024532322580807e-01 -3.502669062349155760e-01 -5.455083854612318151e-01
1.525927265829158108e-01 -5.339749109246774150e-01 -8.316166510460059058e-01
1.626649271090737370e-01 -5.331062181589135696e-01 -8.302637422222535202e-01
3.010837528523890860e-01 -5.152310362720683434e-01 -8.024247958720692742e-01
3.579207405276794707e-01 -5.045083430846979411e-01 -7.857251906729542101e-01
1.718730442858819596e-01 -5.322621255252211192e-01 -8.289491458342164165e-01
-1.674236057577290215e-01 -5.326759670475222919e-01 -8.295936658178312273e-01
-7.138385053920295320e-01 -3.783792976622505355e-01 -5.892908410286854526e-01
-9.400830532832006314e-01 -1.842136548480791391e-01 -2.868957690473104005e-01
-9.985259540067217277e-01 -2.932562215521153370e-02 -4.567195047483737363e-02
-9.885461490042403154e-01 8.154182414085424380e-02 1.269938667994179593e-01
-9.846778944397444056e-01 9.421955793786239430e-02 1.467382673459969866e-01
-9.969473213703485825e-01 4.218525400931361080e-02 6.569964046063418717e-02
-9.949756168681201940e-01 -5.409373777988956550e-02 -8.424600507385672510e-02
-9.162690710867585908e-01 -2.164252962602842001e-01 -3.370624282064923483e-01
-6.251645295881761433e-01 -4.217021634243270922e-01 -6.567622068207309427e-01
9.332649543829684147e-01 -1.940704848921661341e-01 -3.022468722985820477e-01
6.344233884283630998e-01 4.176459812102138458e-01 6.504450773078631620e-01
-7.927008691242399818e-01 3.293741229664037262e-01 5.129698034093106429e-01
-9.629674542863220221e-01 -1.456750428010325227e-01 -2.268754369477615496e-01
-9.908805342875249833e-01 -7.280213548934208467e-02 -1.133826081824741566e-01
-9.951721111502971340e-01 5.302804733186817360e-02 8.258629053801724851e-02
-9.861156578512831894e-01 8.972257771474867472e-02 1.397346356088993713e-01
-9.747450445066032643e-01 1.206606445943229772e-01 1.879178199530383564e-01
-9.632830626498902760e-01 1.450646201635347188e-01 2.259247600168182435e-01
-9.661689228405403451e-01 1.393494142527095525e-01 2.170238541833057755e-01
-9.779690292966881637e-01 1.127881260680862752e-01 1.756570987877884849e-01
-9.954489393806679187e-01 5.148887949554814547e-02 8.018917866019206753e-02
-9.978100787176370501e-01 3.573782953665892437e-02 5.565837178279272462e-02
-9.775398880759681441e-01 1.138689733835123868e-01 1.773404187460056181e-01
-9.096114004262536579e-01 2.244740536172417367e-01 3.495976250880909464e-01
-8.609568892992297551e-01 2.748398576199146959e-01 4.280377173003085400e-01
-8.905551291096951427e-01 2.457701874091481054e-01 3.827643883608902176e-01
-9.495130589875960814e-01 1.695076973094268302e-01 2.639925971781663105e-01
-9.995157372688070474e-01 1.681278881482758253e-02 2.618436717320401369e-02
-9.840564147198546108e-01 -9.609633486862123597e-02 -1.496611742354149455e-01
-9.502183778824140337e-01 -1.683499397388297791e-01 -2.621894965944407407e-01
-8.736255274405674287e-01 -2.629104790127261282e-01 -4.094588109071402027e-01
-8.060306790888840389e-01 -3.197907557548518298e-01 -4.980445932858353353e-01
-4.128543157735818370e-01 -4.921057604288458509e-01 -7.664093126390590927e-01
-2.560152463890313923e-01 -5.222955124979679065e-01 -8.134270657169261343e-01
-1.303670521048021398e-02 -5.402563901935081292e-01 -8.413994753815424721e-01
1.630370579063016856e-01 -5.330730318130719736e-01 -8.302120575508866729e-01
3.473593303039654301e-01 -5.066588171497046211e-01 -7.890743555934655040e-01
-2.328658944452655644e-01 5.254487774311492609e-01 8.183379848817460278e-01
-4.984902293050299527e-01 4.683855389242286837e-01 7.294672564372430834e-01
-6.822807526566005976e-01 3.950097555990741971e-01 6.151912446840431814e-01
-7.971863930520453057e-01 3.261984749694545327e-01 5.080240246880771693e-01
-8.945239881943159999e-01 -2.415259090572181022e-01 -3.761543164700088537e-01
-9.395520856520849229e-01 -1.850027588469214390e-01 -2.881247257106634430e-01
-9.248666632937941889e-01 -2.054723957739291174e-01 -3.200042963816664421e-01
-7.795640516156457922e-01 -3.384034976192064614e-01 -5.270322212423889097e-01
-7.420925992699769491e-01 -3.621632186102282103e-01 -5.640357942494513832e-01
-7.641318235783094437e-01 -3.485274693300410842e-01 -5.427993729890304708e-01
-5.605722109599756697e-01 -4.474273363268356229e-01 -6.968267898171806030e-01
