-9.916038254789290018e-01 6.986811485006443057e-02 1.088131417745662050e-01
-9.899559600186234043e-01 7.638582436407399812e-02 1.189638729187414701e-01
-9.887818638605687660e-01 8.070319889313559703e-02 1.256877853605303241e-01
-9.923592222140461550e-01 6.666370207366545397e-02 1.038225645636195876e-01
-9.984044667670624040e-01 3.050924384950814625e-02 4.751533204460405002e-02
-9.997974882925557694e-01 1.087313794766356020e-02 1.693390903092957533e-02
-9.960070321034079077e-01 -4.823538660683410195e-02 -7.512216370319903247e-02
-9.995575940277698912e-01 -1.606994056173534011e-02 -2.502744956559175768e-02
-9.991502145790086553e-01 -2.226969007021449565e-02 -3.468298734102262526e-02
-9.996767714108318881e-01 -1.373635813351673299e-02 -2.139311026576514937e-02
-9.999872790352951624e-01 2.725275810754702183e-03 4.244365599484523598e-03
-9.994390138663987733e-01 -1.809534906743529015e-02 -2.818183641795060299e-02
-9.988038140694716072e-01 -2.641929660911184266e-02 -4.114561661897984252e-02
-9.925826364058335516e-01 -6.568554020226322065e-02 -1.022991677091348584e-01
-9.910932406250264615e-01 -7.195193531532961817e-02 -1.120584998639641700e-01
-9.999705157101325126e-01 -4.149004956939152458e-03 -6.461692369568516198e-03
-9.923613197584939538e-01 -6.665458628076567638e-02 -1.038083675573411302e-01
-9.999999783632876893e-01 -1.123951191031120949e-04 -1.750450267046945287e-04
-9.989284859407633332e-01 -2.500543340735126088e-02 -3.894365514695260350e-02
-9.991667530855284918e-01 -2.205201038914743339e-02 -3.434397132422836035e-02
-9.953382036522772092e-01 -5.211007863885232239e-02 -8.115663900452300961e-02
-9.986396120250985442e-01 -2.817315330509220783e-02 -4.387708658523738897e-02
-9.994893760331418076e-01 -1.726422029435121033e-02 -2.688743004656650101e-02
-9.945501876676494657e-01 -5.633133957506805678e-02 -8.773086339436937664e-02
-9.990112738371298429e-01 -2.402052282029642355e-02 -3.740974779057900518e-02
-9.988670006599098539e-01 -2.571245819435337421e-02 -4.004478101175217714e-02
-9.974557498286122925e-01 -3.851725339926377611e-02 -5.998706797650369543e-02
-9.942383712286168018e-01 -5.791592426208848343e-02 -9.019870782630486084e-02
-9.972031981673983303e-01 -4.038116043970254448e-02 -6.288993119932168030e-02
-9.993925266060048607e-01 -1.882996375208154452e-02 -2.932593100246360177e-02
-9.936340094642162057e-01 -6.086849056941277120e-02 -9.479705740088750776e-02
-9.986968442030434989e-01 -2.757455131848734683e-02 -4.294481922730521151e-02
-9.993909505775283586e-01 -1.885436672001969405e-02 -2.936393637323498132e-02
-9.991590280662462353e-01 -2.215395367769472032e-02 -3.450273858928862986e-02
-9.980478427471473069e-01 -3.374404657695988241e-02 -5.255323880007212178e-02
-9.970464908884265620e-01 -4.149541058273033961e-02 -6.462527297927099512e-02
-9.975408042428453026e-01 -3.786877017267373247e-02 -5.897711519010322145e-02
-9.979582152796865335e-01 -3.450920833259724790e-02 -5.374490762891226403e-02
-9.987539132008247389e-01 -2.696439199758468921e-02 -4.199455238766122006e-02
-9.988263496688447596e-01 -2.616939706744695823e-02 -4.075642114240323605e-02
-9.993078390234471087e-01 -2.009926659363537108e-02 -3.130275305282594761e-02
-9.992662171186827980e-01 -2.069454692374723265e-02 -3.222984723727728013e-02
-9.997588411659839025e-01 1.186525896853607605e-02 1.847904597262893869e-02
-9.992929774807335352e-01 -2.031382302769245765e-02 -3.163690490060086513e-02
-9.992368211666055045e-01 -2.110484176380994850e-02 -3.286884359057699878e-02
-9.990455227294765539e-01 -2.360103008094902727e-02 -3.675642655788272789e-02
-9.990525876441911368e-01 -2.351356354538091525e-02 -3.662020549974014799e-02
-9.989359604593029962e-01 -2.491811265717092799e-02 -3.880766113609909057e-02
-9.999938143134923241e-01 -1.900400343545497828e-03 -2.959698174974587960e-03
-9.999207616638630114e-01 -6.801596893144983350e-03 -1.059285954137277781e-02
-9.980054473341190002e-01 3.410812996259220131e-02 5.312026507727440894e-02
-9.997195053139984466e-01 -1.279627843427861948e-02 -1.992902288038045713e-02
-9.989593093045135985e-01 -2.464334367350094757e-02 -3.837973379843588606e-02
-9.954982067453791439e-01 -5.121005767634094485e-02 -7.975493940515643310e-02
-9.987733597840670052e-01 -2.675328997083269850e-02 -4.166578046050736783e-02
-9.981567797065619141e-01 -3.278990988205716245e-02 -5.106725894105392655e-02
-9.913160634413645811e-01 -7.105018949515537474e-02 -1.106541139579495514e-01
-9.952258707806811433e-01 -5.273269162807511790e-02 -8.212630128340907276e-02
-9.988489841707269834e-01 -2.591596955238932923e-02 -4.036173117281238731e-02
-9.999850903597480301e-01 -2.950419585842458010e-03 -4.595006253964161770e-03
-9.993495635362140694e-01 -1.948424703010425557e-02 -3.034491683376870294e-02
-9.994174748097784944e-01 -1.843936316744268847e-02 -2.871760663469232616e-02
-9.988139453727938877e-01 -2.630724397447574761e-02 -4.097110498022965563e-02
-9.996085533267136114e-01 -1.511630399488779822e-02 -2.354224860987001039e-02
-9.978395079084111385e-01 -3.549714789910205642e-02 -5.528353234127907079e-02
-9.979036793783662151e-01 -3.496656313723093407e-02 -5.445719553455680845e-02
-9.962715328839147899e-01 -4.661350783628697564e-02 -7.259623717749513760e-02
-9.998935565020460325e-01 -7.883150729089115696e-03 -1.227727984010230922e-02
-9.999559262880399757e-01 -5.072672775556445746e-03 -7.900219765298229294e-03
-9.981234252392282569e-01 -3.308498271859990764e-02 -5.152680765602143248e-02
-9.930765776969540104e-01 -6.346864477884925360e-02 -9.884655765195785038e-02
-9.999785304396094920e-01 -3.540471182018654819e-03 -5.513957167793924474e-03
-9.998123208272494677e-01 -1.046741592069606354e-02 -1.630203441206775142e-02
-9.998342198514198476e-01 -9.837847384012008214e-03 -1.532153950983632107e-02
-9.965480511930012719e-01 -4.485479515421671864e-02 -6.985720446099039083e-02
-9.998768743597973296e-01 -8.478376551552297899e-03 -1.320428913392053885e-02
-9.990900061540450849e-01 -2.304476175947001160e-02 -3.589008997703049125e-02
-9.989786313300669240e-01 -2.441361900549069222e-02 -3.802195882593293469e-02
-9.998680061722531320e-01 8.778378428456403912e-03 1.367151437442196138e-02
-9.976400450791514940e-01 -3.709772626412070201e-02 -5.777628545087461209e-02
-9.985667713882335761e-01 -2.891704341077546911e-02 -4.503562678212284787e-02
-9.983652868812730174e-01 -3.088126153678013436e-02 -4.809471526446968542e-02
-9.995816610622354492e-01 -1.562681742639190907e-02 -2.433732617163459136e-02
-9.980490275629672059e-01 -3.373381494783863482e-02 -5.253730398184289219e-02
-9.945155023714367104e-01 -5.650982412138314676e-02 -8.800883660553203425e-02
-9.975501297735457351e-01 -3.779698900819838947e-02 -5.886532265006458320e-02
-9.980520668393900729e-01 -3.370755462900964367e-02 -5.249640595844671381e-02
-9.988467143959030015e-01 -2.594149506493420229e-02 -4.040148480322554997e-02
-9.984990568449507720e-01 -2.959176825020387938e-02 -4.608644845906519766e-02
-9.990703117522765631e-01 -2.329268353809191283e-02 -3.627620527016641588e-02
-9.991709009834601751e-01 -2.199707734627915148e-02 -3.425841817892649743e-02
-9.989755589184188267e-01 -2.445029233527835563e-02 -3.807907415303305593e-02
-9.977880736917330573e-01 -3.591673547470328187e-02 -5.593700127268964178e-02
-9.947313258838826888e-01 -5.538978679542613109e-02 -8.626448182218475480e-02
-9.958986021787136211e-01 -4.888459327871876731e-02 -7.613324318888969877e-02
-9.976260475374647552e-01 -3.720745165973658730e-02 -5.794717262959761528e-02
-9.970147787404579631e-01 -4.171725492932010920e-02 -6.497077507832094145e-02
-9.974603510609345580e-01 -3.848245306865474835e-02 -5.993286967279264077e-02
-9.945277308783176951e-01 -5.644696345735586429e-02 -8.791093692179900720e-02
-9.958584821368838824e-01 -4.912261323930244838e-02 -7.650393731412478970e-02
-9.929305232157025207e-01 -6.413225883395556881e-02 -9.988007530756998209e-02
-9.910358516592902012e-01 -7.218232697122711761e-02 -1.124173136085549890e-01
-9.921696239129851325e-01 -6.748251945854809308e-02 -1.050977970839175463e-01
-9.961353536610226822e-01 -4.745551520855462863e-02 -7.390758596328116103e-02
-9.918787295380333546e-01 -6.871954178308109507e-02 -1.070243452077157958e-01
-9.895536982418370320e-01 -7.789255275896737885e-02 -1.213104633599053073e-01
-9.996658103149389518e-01 -1.396728683940003275e-02 -2.175276041615236203e-02
-9.964238989414402337e-01 -4.565287080932264874e-02 -7.110013365111136907e-02
-9.932806349897141951e-01 -6.252952959651737752e-02 -9.738397241265348003e-02
-9.929923102364078824e-01 -6.385237653645288447e-02 -9.944418445544513097e-02
-9.892048186806403631e-01 -7.917563277186491499e-02 -1.233087420833422210e-01
-9.876695872292086120e-01 -8.458585138340876663e-02 -1.317346583410323457e-01
-9.820583144230874417e-01 -1.018888488680055604e-01 -1.586824802832277337e-01
-9.852683459420683576e-01 -9.240004567983466088e-02 -1.439045449002403221e-01
-9.910351988407691826e-01 -7.218494344618452130e-02 -1.124213885268650348e-01
-9.929923480370116406e-01 -6.385220492676935145e-02 -9.944391718919838585e-02
-9.897554737911569145e-01 -7.714052921613037683e-02 -1.201392560851686220e-01
-9.623809668025484765e-01 -1.468021099131579799e-01 -2.286307399743902069e-01
-9.551858583781002165e-01 -1.599331112413770462e-01 -2.490810628754123734e-01
-9.879860103683818506e-01 -8.350012187129123020e-02 -1.300437348119747039e-01
-9.879817847176596279e-01 -8.351471646614415378e-02 -1.300664645467368430e-01
-9.814781386898508986e-01 -1.035079667303151207e-01 -1.612041069491153833e-01
-9.766607920601858561e-01 -1.160502156020678383e-01 -1.807375022265272912e-01
-9.891215840107263624e-01 -7.947861986818878510e-02 -1.237806165276277848e-01
-9.863075032040966583e-01 -8.910485884528739076e-02 -1.387725954699352837e-01
-9.770095215355060203e-01 -1.151901135241160806e-01 -1.793979726063335001e-01
-9.462759841953711781e-01 -1.747122138907744593e-01 -2.720981515050516220e-01
-9.332068557667158037e-01 -1.941520266652979054e-01 -3.023738660859394689e-01
-9.024801339486633323e-01 -2.327252118320524976e-01 -3.624480426291869506e-01
-9.094886561303079375e-01 -2.246191962582062551e-01 -3.498236713583058877e-01
-9.217267905826275198e-01 -2.095507473431786061e-01 -3.263559526194740323e-01
-9.428055035883221580e-01 -1.801061753136060650e-01 -2.804987486914601313e-01
-9.619745103686531129e-01 -1.475777582013962086e-01 -2.298387406101077557e-01
-9.377717052159042499e-01 -1.876212721198197153e-01 -2.922028185089866059e-01
-9.738363453010961956e-01 -1.227839487368437565e-01 -1.912246702263919740e-01
-9.768037744979886083e-01 -1.156983759569157749e-01 -1.801895444453276152e-01
-9.491603510779292874e-01 -1.700833795597030129e-01 -2.648891691616931388e-01
-9.322678507994548447e-01 -1.954645091488201591e-01 -3.044179364442513025e-01
-8.855967311667792830e-01 -2.509460974220387719e-01 -3.908253905970848208e-01
-7.892435966737396669e-01 -3.317889713982349886e-01 -5.167307070109155021e-01
-7.725910061156834319e-01 -3.430401156514849004e-01 -5.342533259821334868e-01
-6.686575510953158830e-01 -4.017528524167929271e-01 -6.256929957560540823e-01
-6.327453973957587463e-01 -4.183884421047883162e-01 -6.516013916403275985e-01
-6.125418849715794645e-01 -4.270755448994621450e-01 -6.651307526376236678e-01
-6.442096107168919783e-01 -4.132496729223661402e-01 -6.435982328204047365e-01
-7.333171053950595653e-01 -3.673443907181028756e-01 -5.721049917130219820e-01
-6.880748806336078882e-01 -3.920647973409731035e-01 -6.106047439440902558e-01
-6.836526102315748643e-01 -3.943167200531307315e-01 -6.141119057713303464e-01
-8.264704172426720064e-01 -3.041794732647496446e-01 -4.737314613439803646e-01
-7.584576354007978027e-01 -3.521270859260540731e-01 -5.484054436814570499e-01
-6.881853280871746970e-01 -3.920082029483005770e-01 -6.105166033997698749e-01
-6.343463976377221591e-01 -4.176801192985623024e-01 -6.504982442303619550e-01
-6.459958160382565096e-01 -4.124348753474174623e-01 -6.423292607831495582e-01
-6.180710140147338549e-01 -4.247436745721370754e-01 -6.614990797769542130e-01
-5.849753782458423368e-01 -4.382127528715063502e-01 -6.824759263643735974e-01
-4.573480601768964426e-01 -4.804842369584927386e-01 -7.483098622140729184e-01
-3.611539735061249368e-01 -5.038352484688635169e-01 -7.846769079188299356e-01
-4.403058318207290212e-01 -4.851092674995456933e-01 -7.555129205054736952e-01
-2.994674568182975061e-01 -5.155059501949627032e-01 -8.028529489392000063e-01
-3.105370253810827985e-01 -5.135904539631055421e-01 -7.998697403111584281e-01
-2.941523805640934852e-01 -5.163985402523556534e-01 -8.042430755895340067e-01
-3.216815901021513602e-01 -5.115841062028650965e-01 -7.967450388110158821e-01
-3.195836404557509947e-01 -5.119678103733524832e-01 -7.973426226501153513e-01
-2.919816217106989686e-01 -5.167580544011195487e-01 -8.048029857019417532e-01
-2.763376344415081065e-01 -5.192632680746155360e-01 -8.087046248289554429e-01
-2.672435284692195046e-01 -5.206509838357883391e-01 -8.108658640750313618e-01
-2.741421562145456292e-01 -5.196028812737127911e-01 -8.092335410486243275e-01
-3.073541946422178039e-01 -5.141490735376708088e-01 -8.007397387517297682e-01
-2.614885945044252979e-01 -5.215033332193650395e-01 -8.121933195891185564e-01
-2.510876499126241668e-01 -5.229933728681318561e-01 -8.145139188481498316e-01
-3.028958895701754916e-01 -5.149208763851705895e-01 -8.019417504683367115e-01
-2.670125106522354685e-01 -5.206855839425026389e-01 -8.109197505485020718e-01
-3.121363336009981837e-01 -5.133073546150849209e-01 -7.994288391997063092e-01
-3.117853666800882717e-01 -5.133696184831083587e-01 -7.995258094287329698e-01
-3.651395603005836432e-01 -5.029959403376512705e-01 -7.833697629519142946e-01
-4.686623153748618043e-01 -4.772908471861069257e-01 -7.433364523147253378e-01
-7.760670145555689237e-01 -3.407418918321319379e-01 -5.306740544528874004e-01
-7.520298198091702746e-01 -3.561289642545255596e-01 -5.546379999033476116e-01
-7.691649593455639478e-01 -3.452803419409078978e-01 -5.377422717102559035e-01
-7.526138755975982919e-01 -3.557685979813385857e-01 -5.540767626857810990e-01
-7.691209371118160609e-01 -3.453089680897026281e-01 -5.377868542955159814e-01
-7.594985436033162562e-01 -3.514715140100353463e-01 -5.473844509153826809e-01
-7.699636000474313624e-01 -3.447603156530357760e-01 -5.369323787525002167e-01
-7.527123354554249302e-01 -3.557077840636317378e-01 -5.539820506205778150e-01
-7.392529254455528775e-01 -3.638546374665315719e-01 -5.666700230418851847e-01
-7.602331673545457136e-01 -3.510075629839290445e-01 -5.466618900034631023e-01
-7.898647406644770941e-01 -3.313571853558907598e-01 -5.160582400931704727e-01
-8.166758190429223019e-01 -3.118066802653240988e-01 -4.856101324442169132e-01
-8.026058943467682116e-01 -3.222955465307672518e-01 -5.019455737888902647e-01
-8.067164066122017863e-01 -3.192855843613577882e-01 -4.972578354553330304e-01
-7.963516499423456407e-01 -3.267931521972322062e-01 -5.089501795962945163e-01
-7.955536448798438132e-01 -3.273600660032068843e-01 -5.098330955369330120e-01
-8.257544222043945448e-01 -3.047466105812685622e-01 -4.746147253816669354e-01
-8.444305071298892074e-01 -2.894210984216723515e-01 -4.507466543600192610e-01
-8.265889009348441618e-01 -3.040854732612486289e-01 -4.735850650124102668e-01
-8.407535518484728909e-01 -2.925294009888399493e-01 -4.555875487886906772e-01
-8.555366353033958537e-01 -2.797373462444985859e-01 -4.356651039156450578e-01
-8.705720321370962189e-01 -2.658508820389432481e-01 -4.140382172937693284e-01
-8.728742412985710519e-01 -2.636379392166978697e-01 -4.105917630481847880e-01
-8.847612135727084270e-01 -2.518049869543891872e-01 -3.921630317893926021e-01
-8.651849081200440050e-01 -2.709361925487864808e-01 -4.219581191640680018e-01
-8.487185278172921787e-01 -2.857360843248865079e-01 -4.450075849402227446e-01
-8.559024638939474183e-01 -2.794104679345301712e-01 -4.351560211106780818e-01
-8.719095458921641839e-01 -2.645681942525648922e-01 -4.120405494269431812e-01
-9.024814165853730641e-01 -2.327237598100832250e-01 -3.624457812389556555e-01
-9.098407758149508195e-01 -2.242025174321588543e-01 -3.491747325359195187e-01
-9.159567226959208774e-01 -2.168109230086877059e-01 -3.376630062832894907e-01
-9.206690023970146575e-01 -2.109038668794486482e-01 -3.284633114376424579e-01
-9.078295310642182647e-01 -2.265700512908692399e-01 -3.528619480558571331e-01
-9.424628280387133961e-01 -1.806289823946062301e-01 -2.813129724779140362e-01
-9.671566815945303874e-01 -1.373345511652258322e-01 -2.138858908467365649e-01
-9.496079020032364149e-01 -1.693525261408681537e-01 -2.637509324016092949e-01
-9.208601548595523045e-01 -2.106601033930518840e-01 -3.280836723009393219e-01
-9.327499978151135851e-01 -1.947918638465189201e-01 -3.033703534544944791e-01
-9.569701041448908096e-01 -1.567884490374704398e-01 -2.441835416676179094e-01
-9.658430985660594326e-01 -1.400072354889592141e-01 -2.180483500580830403e-01
-9.724876660777387327e-01 -1.258657842292988938e-01 -1.960243446284572477e-01
-9.786378771470259919e-01 -1.110816147884093191e-01 -1.729993649386088461e-01
-9.888686774317679840e-01 -8.039207883845111979e-02 -1.252032445840696451e-01
-9.946699810774106698e-01 -5.571045716258102992e-02 -8.676389632905971705e-02
-9.943045579781536469e-01 -5.758326414675538768e-02 -8.968062039300049582e-02
-9.999365632429815243e-01 -6.085768356338173458e-03 -9.478022648621438687e-03
-9.999804198666764066e-01 3.381096103707608574e-03 5.265745189714820737e-03
-9.998502268536293425e-01 -9.350881071486015148e-03 -1.456313441306162672e-02
-9.997575380910141973e-01 1.189726821010944624e-02 1.852889741271564888e-02
-9.997842879589006193e-01 1.122187924347464380e-02 1.747704141893191565e-02
-9.998510969499255774e-01 9.323681901642028730e-03 1.452077421584240143e-02
-9.994421481742682412e-01 -1.804474178342638582e-02 -2.810302024291132586e-02
-9.999813446580990695e-01 3.300284652476965369e-03 5.139888811327645267e-03
-9.995886469758543669e-01 1.549581773137021813e-02 2.413330623468037950e-02
-9.961740621409809204e-01 4.721771658072938110e-02 7.353723654339379412e-02
-9.999739913168416150e-01 3.896800542119259383e-03 6.068907265735944655e-03
-9.998541146794172052e-01 9.228726509562190650e-03 1.437288995471962781e-02
-9.998874770527885758e-01 -8.105133094974367389e-03 -1.262299689146917370e-02
-9.932547632330120946e-01 -6.264938694899263583e-02 -9.757063917925513918e-02
-9.901195872529033881e-01 -7.576418427940981304e-02 -1.179957258489303384e-01
-9.822557132955525017e-01 -1.013318410301166650e-01 -1.578149919738062457e-01
-9.875497417835648051e-01 -8.499336102601842691e-02 -1.323693170063039992e-01
-9.772066930748465330e-01 -1.147008209373553411e-01 -1.786359445520959432e-01
-9.704633076668867098e-01 -1.303472660981822018e-01 -2.030038391089570016e-01
-9.840865384594030818e-01 -9.600623877062895717e-02 -1.495208578764405105e-01
-9.951235883274717198e-01 -5.329321293591075814e-02 -8.299926149806595432e-02
-9.875595040100094701e-01 -8.496024156455428411e-02 -1.323177365011833084e-01
-9.838586979920654896e-01 -9.668552741743667578e-02 -1.505787872622491863e-01
-9.834476478151306100e-01 -9.789872846433841924e-02 -1.524682359442534052e-01
-9.708339158113771239e-01 -1.295391065151699217e-01 -2.017452051316198092e-01
-9.376830450872865041e-01 -1.877505865166602672e-01 -2.924042137495351801e-01
-9.186721170995618690e-01 -2.134307235345165588e-01 -3.323986575113409003e-01
-9.092207715194495776e-01 -2.249355712288191311e-01 -3.503163961814258487e-01
-9.194555331768983208e-01 -2.124436254542800273e-01 -3.308613433361884404e-01
-9.213181299507783306e-01 -2.100747222923978474e-01 -3.271719952529137942e-01
-8.831328820056744133e-01 -2.534681946347683845e-01 -3.947533242785204455e-01
-8.927710585540679089e-01 -2.434119377630672154e-01 -3.790916321454191329e-01
-9.129990527529920907e-01 -2.204226346376124135e-01 -3.432879138734027391e-01
-9.136444171978966855e-01 -2.196406155315047959e-01 -3.420699912767230511e-01
-9.037523164339075210e-01 -2.312795248157368533e-01 -3.601965185025436389e-01
-9.100159803622711596e-01 -2.239948411366073089e-01 -3.488512958689998777e-01
-9.472505806112220261e-01 -1.731635911590196641e-01 -2.696863145000405471e-01
-9.807017931882632267e-01 -1.056342727003683618e-01 -1.645156322918561176e-01
-9.761468235364985091e-01 -1.173058135545927694e-01 -1.826929801768504835e-01
-9.786318345795033125e-01 -1.110971545114015774e-01 -1.730235666232360359e-01
-9.806992054421082017e-01 -1.056412858393822596e-01 -1.645265546087304187e-01
-9.770265651840008836e-01 -1.151479047086185203e-01 -1.793322362710290385e-01
-9.775041519799817502e-01 -1.139584956785162778e-01 -1.774798414597735241e-01
-9.789819625925578750e-01 -1.101929523937042882e-01 -1.716153552604849364e-01
-9.732785043141127801e-01 -1.240684610165088825e-01 -1.932251795731564914e-01
-9.696648843770430126e-01 -1.320704992155363189e-01 -2.056876156773054243e-01
-9.618603111259604876e-01 -1.477948954659343839e-01 -2.301769118632099598e-01
-9.440837707095929288e-01 -1.781407378987584778e-01 -2.774377612792507386e-01
-9.627966615060543631e-01 -1.460042282836709615e-01 -2.273881129612668750e-01
-9.810204237314276154e-01 -1.047670109928234283e-01 -1.631649522092282478e-01
-9.936368034448974651e-01 -6.085517440726157662e-02 -9.477631870709048167e-02
-9.417209112969433527e-01 -1.817550979409037204e-01 -2.830667935285717252e-01
-9.255961013941881310e-01 -2.045112796304753844e-01 -3.185074466755610234e-01
-7.731396533557002293e-01 -3.426790764522848476e-01 -5.336910407443961057e-01
-7.802134883854909830e-01 -3.379662887343173328e-01 -5.263513087477748043e-01
-7.414528425834153724e-01 -3.625455375565720395e-01 -5.646312207297692343e-01
-7.660205365505236008e-01 -3.473150207276735624e-01 -5.409110961699562514e-01
-7.449417387082113429e-01 -3.604516218055470733e-01 -5.613701401643463873e-01
-7.881142028006375977e-01 -3.325717615107455782e-01 -5.179498303789229485e-01
-6.949746297942632767e-01 -3.884958675071875089e-01 -6.050464650522011656e-01
-6.114513361706271910e-01 -4.275315096666718606e-01 -6.658408756882466806e-01
-5.916422085992535385e-01 -4.355920731842438109e-01 -6.783944595755847518e-01
-5.567301186801185686e-01 -4.488255757990878281e-01 -6.990044187721836666e-01
-4.446299352902129964e-01 -4.839565358968067610e-01 -7.537176474029142481e-01
-4.639519859963509574e-01 -4.786323882536778207e-01 -7.454257787363020027e-01
-5.155919653104956701e-01 -4.629495189201383587e-01 -7.210011568914941327e-01
-5.968189423615739564e-01 -4.335255708741386216e-01 -6.751760729148097440e-01
-5.462737719869062980e-01 -4.525608256648774863e-01 -7.048217257666806734e-01
-5.024598456869373564e-01 -4.671456684489188049e-01 -7.275362725814239484e-01
-5.079288607455142435e-01 -4.654158770184128602e-01 -7.248422820455120430e-01
-4.957782441513265970e-01 -4.692250802932473874e-01 -7.307747646505201589e-01
-4.741433572593470314e-01 -4.757078992886566993e-01 -7.408711570315101858e-01
-4.658390909909133626e-01 -4.780970035438441568e-01 -7.445919664535449733e-01
-4.432579182680636554e-01 -4.843238098586111207e-01 -7.542896427080929556e-01
-4.395541201503209150e-01 -4.853082339558430491e-01 -7.558227924014584431e-01
-4.575452867369201315e-01 -4.804294187111485259e-01 -7.482244878522070763e-01
-4.645220701089704529e-01 -4.784709436530905635e-01 -7.451743436682436439e-01
-4.628851089635331317e-01 -4.789338433240315496e-01 -7.458952671915073385e-01
-4.475790725258743663e-01 -4.831622892478342202e-01 -7.524806815365231438e-01
-4.382019758381318630e-01 -4.856650655123858074e-01 -7.563785246240187776e-01
-4.428511261686946532e-01 -4.844324321117651766e-01 -7.544588118442245861e-01
-4.727141028692472546e-01 -4.761229565371916661e-01 -7.415175703965525278e-01
-5.799749789873906991e-01 -4.401487844324561971e-01 -6.854911168725725812e-01
-5.712958722705844261e-01 -4.434499786836963442e-01 -6.906324223000404050e-01
-5.435078850291052976e-01 -4.535319501278733956e-01 -7.063341625069518015e-01
-5.589295902963146156e-01 -4.480268406977666595e-01 -6.977604625554331141e-01
-5.493299483918455683e-01 -4.514795966057119636e-01 -7.031378112778149392e-01
-5.421633636698426351e-01 -4.540014949391433241e-01 -7.070654352230951734e-01
-5.436545691387049128e-01 -4.534806240771955821e-01 -7.062542269191501854e-01
-5.322871650433587121e-01 -4.574004071773624114e-01 -7.123589273983216286e-01
-5.261772268029768496e-01 -4.594595369360768844e-01 -7.155658319906103015e-01
-5.309787367410315762e-01 -4.578441468972099804e-01 -7.130500110657486124e-01
-5.140545831648084540e-01 -4.634483414949496227e-01 -7.217780270227374118e-01
-5.200796195131714983e-01 -4.614818083116498659e-01 -7.187153330522763062e-01
-5.330063530173950737e-01 -4.571558530953619970e-01 -7.119780569819182947e-01
-5.430459396390608928e-01 -4.536934604630368240e-01 -7.065856999505469860e-01
-5.479684520038742290e-01 -4.519623381066716350e-01 -7.038896366204210331e-01
-5.447603059944929882e-01 -4.530930838617548417e-01 -7.056506687940083955e-01
-5.390398885123323103e-01 -4.550859545435531617e-01 -7.087543809880791912e-01
-5.385614823486629676e-01 -4.552512748643851581e-01 -7.090118521327853918e-01
-5.426864470911936245e-01 -4.538190153792882042e-01 -7.067812401469852901e-01
-5.534031472253436723e-01 -4.500251035022173607e-01 -7.008725724829751869e-01
-5.414099323678518427e-01 -4.542638943344488589e-01 -7.074740980682888702e-01
-5.272436835346050454e-01 -4.591025023215334344e-01 -7.150097835239512811e-01
-5.180381081592986270e-01 -4.621516503382770424e-01 -7.197585501988439383e-01
-5.514132786586971591e-01 -4.507375918470331033e-01 -7.019822073349177849e-01
-5.569427386242035150e-01 -4.487485626387200388e-01 -6.988844778813266823e-01
-5.042121434909252464e-01 -4.665941708141655431e-01 -7.266773659049302614e-01
-5.766437620832819411e-01 -4.414246598774584363e-01 -6.874781751463165946e-01
-5.672423171869351854e-01 -4.449664728061086816e-01 -6.929942219606791687e-01
-5.647919358451740646e-01 -4.458754777110742196e-01 -6.944099132214216485e-01
-5.854633419886978718e-01 -4.380224746133253855e-01 -6.821795855352486004e-01
-6.403396353152722709e-01 -4.150018192717360166e-01 -6.463270390796392872e-01
-5.932098015838123128e-01 -4.349692400635369882e-01 -6.774244544622249897e-01
-6.022371444045021560e-01 -4.313326476905641749e-01 -6.717607974091360790e-01
-7.088131415414409275e-01 -3.811272437353379061e-01 -5.935705134698467944e-01
-7.613256257691431994e-01 -3.503156538270669751e-01 -5.455843053378067742e-01
-7.793292136371785528e-01 -3.385613649363798383e-01 -5.272780850216252091e-01
-6.853459560961533414e-01 -3.934576660798974612e-01 -6.127740084775213925e-01
-6.114514791199133770e-01 -4.275314499838313576e-01 -6.658407827377298416e-01
-6.987235108652644078e-01 -3.865278496586643242e-01 -6.019814588526524179e-01
-4.372781733632085110e-01 -4.859080751884499172e-01 -7.567569897706868387e-01
-3.127414067874289549e-01 -5.131998283374814562e-01 -7.992613769443631666e-01
-4.686889577989821198e-01 -4.772832098812606061e-01 -7.433245579171620099e-01
-4.985474657107296093e-01 -4.683677548056859874e-01 -7.294395593136485667e-01
-4.167130216949337940e-01 -4.911553786687975487e-01 -7.649291807445888214e-01
-5.238986903584453847e-01 -4.602190132994840033e-01 -7.167486463456733681e-01
-6.165238019827296023e-01 -4.253996020137815748e-01 -6.625206262413844138e-01
-7.493955716029293557e-01 -3.577463429980535237e-01 -5.571569180522106812e-01
-6.744238350131219750e-01 -3.989291956588579269e-01 -6.212954109094721566e-01
-7.731043492740239387e-01 -3.427023275934271140e-01 -5.337272522512181983e-01
-8.355489145429181308e-01 -2.968507662724405582e-01 -4.623176764624258306e-01
-8.699040173094536588e-01 -2.664884687038169275e-01 -4.150311996907805612e-01
-9.018670557170375135e-01 -2.334179837843470828e-01 -3.635269710191147974e-01
-8.478138897135004681e-01 -2.865190108606947006e-01 -4.462269207749276489e-01
-8.345287466986281988e-01 -2.976873361960027387e-01 -4.636205569235954949e-01
-8.718027082240508152e-01 -2.646709534965753230e-01 -4.122005874673447257e-01
-9.015990347409746919e-01 -2.337200521021278177e-01 -3.639974145505999736e-01
-9.306821155392863698e-01 -1.976582098466944659e-01 -3.078344228567015950e-01
-9.459764153296570388e-01 -1.751851567827351630e-01 -2.728347164183118068e-01
-9.721954157730364754e-01 -1.265231500821855093e-01 -1.970481312856672274e-01
-9.862592551126104778e-01 -8.926062556472477705e-02 -1.390151877620312004e-01
-9.937622554203230374e-01 -6.025419654055351459e-02 -9.384035113513272686e-02
-9.928301340612166737e-01 -6.458437772905839536e-02 -1.005842087672655649e-01
-9.905767752475526100e-01 -7.399903599963693346e-02 -1.152466702828507522e-01
-9.874017246794107860e-01 -8.549391395112816705e-02 -1.331488819984684990e-01
-9.838945819579507646e-01 -9.657886955733309409e-02 -1.504126774870287453e-01
-9.831719474678228821e-01 -9.870381430169640480e-02 -1.537220828463649602e-01
-9.827347944917743661e-01 -9.996662063356599737e-02 -1.556887871823618152e-01
-9.837013598943219472e-01 -9.715175527746376660e-02 -1.513048941329047103e-01
-9.840957155862756212e-01 -9.597877384907957388e-02 -1.494780837954624297e-01
-9.866318754236873545e-01 -8.805028433392256271e-02 -1.371301929797114905e-01
-9.949503293536062776e-01 -5.422934901596442731e-02 -8.445720706046970505e-02
-9.946449173678186817e-01 -5.584093823567520126e-02 -8.696710856021783176e-02
-9.914305387113783175e-01 -7.058235798887363410e-02 -1.099255095562294282e-01
-9.903817289991025952e-01 -7.475728386459164210e-02 -1.164275713649342986e-01
-9.946578385134189348e-01 -5.577370959141835643e-02 -8.686240615033415102e-02
-9.880538662996203314e-01 -8.326540144198103788e-02 -1.296781794022326961e-01
-9.942496579911528354e-01 -5.785933288573141126e-02 -9.011057197961751253e-02
-9.988122966349445297e-01 -2.632551165366435464e-02 -4.099955520490950606e-02
-9.997939562472510922e-01 1.096753862053060323e-02 1.708092936806532985e-02
-9.993213352919728676e-01 1.990241391066339960e-02 3.099617316374635514e-02
-9.994335129111509008e-01 1.818382790874040200e-02 2.831963404886769092e-02
-9.954871888852534489e-01 5.127254455430548669e-02 7.985225695158799930e-02
-9.977886374661952829e-01 3.591216303210875010e-02 5.592988011527235542e-02
-9.946194414030327113e-01 5.597325042834202374e-02 8.717317259114318317e-02
-9.972439671411005291e-01 4.008617107574714150e-02 6.243051248520650048e-02
-9.923137749389144835e-01 6.686090309046727187e-02 1.041296869504965417e-01
-9.958324868100045801e-01 4.927621668030100072e-02 7.674316049966951880e-02
-9.784151021560677508e-01 1.116530340527010501e-01 1.738892977148334407e-01
-9.998225676884577862e-01 1.017768273696361032e-02 1.585080171363397253e-02
-9.988261995306504382e-01 2.617106987966376710e-02 4.075902639307159292e-02
-9.919202463204369602e-01 6.854438031053110281e-02 1.067515473773045231e-01
-9.935958920489795787e-01 6.104986501676916422e-02 9.507953136625535429e-02
-9.983055295090323966e-01 3.144016170598112891e-02 4.896515070529425251e-02
-9.960808323100599493e-01 4.778843477200036410e-02 7.442607746308028960e-02
-9.973228550045818430e-01 3.950907877992157480e-02 6.153174448584894374e-02
-9.979835989126639717e-01 3.429424466471892724e-02 5.341012155203842676e-02
-9.968048841274912419e-01 4.315667155567592950e-02 6.721253365120417878e-02
-9.841118688188722485e-01 9.593041140639486930e-02 1.494027637536420872e-01
-9.677072544085300043e-01 1.361976298556559217e-01 2.121152408168876513e-01
-9.587894138508684660e-01 1.535094412540860820e-01 2.390767896165715833e-01
-9.609496298568562800e-01 1.495142606197896185e-01 2.328546644353265693e-01
-9.605260886564528366e-01 1.503066566249487146e-01 2.340887480947470289e-01
-9.591286153213967047e-01 1.528896092523995554e-01 2.381114584691566560e-01
-9.533966239585327518e-01 1.630199392234293054e-01 2.538885126193414776e-01
-9.366715116086288262e-01 1.892188348836940370e-01 2.946908750980655189e-01
-9.348134408184720634e-01 1.918825130612463181e-01 2.988393080677801406e-01
-9.277199875174988453e-01 2.016823558198843347e-01 3.141016588804864118e-01
-9.322029693049840304e-01 1.955548224773353272e-01 3.045585911197200568e-01
-9.345095625035384490e-01 1.923141356145977587e-01 2.995115203665049131e-01
-9.180891474622736581e-01 2.141617653550906553e-01 3.335371876897487708e-01
-9.317789421745503731e-01 1.961438788364561203e-01 3.054759920436719289e-01
-9.249909395958865188e-01 2.053090193159379240e-01 3.197498526239642147e-01
-9.249909395958865188e-01 2.053090193159379240e-01 3.197498526239642147e-01
-9.185735909290643209e-01 2.135544833512492968e-01 3.325914020059223541e-01
-9.288116163689212890e-01 2.002102433710812590e-01 3.118089795811598841e-01
-9.382672785833504614e-01 1.868965843523663906e-01 2.910741841819919351e-01
-9.288226050713492832e-01 2.001953607264854440e-01 3.117858012355030350e-01
-9.307995623386420281e-01 1.974966973188613528e-01 3.075828819982257545e-01
-9.127393384870503557e-01 2.207364056452791046e-01 3.437765832645156006e-01
-9.074144568049151705e-01 2.270549348766138509e-01 3.536171094978541318e-01
-8.886359996050687826e-01 2.477897653332266914e-01 3.859096946203927070e-01
-8.867507241897185644e-01 2.497536250097245891e-01 3.889682248507087547e-01
-8.623744779998749888e-01 2.735393536111615509e-01 4.260123023111317409e-01
-9.092747620522056984e-01 2.248718510660999981e-01 3.502171579077907881e-01
-8.903433294390763475e-01 2.459941013289536071e-01 3.831131136292530437e-01
-9.042726180683424708e-01 2.306850621799786394e-01 3.592706978015951513e-01
-9.560633861692048319e-01 1.583950387571134155e-01 2.466856569073410110e-01
-9.234734597701632630e-01 2.072936314616872222e-01 3.228407029101981185e-01
-9.221114284923868087e-01 2.090561609667043463e-01 3.255856799762439913e-01
-8.989506928317423373e-01 2.366793321822197593e-01 3.686062202067526550e-01
-9.081616255977701391e-01 2.261811947181963656e-01 3.522563398257935185e-01
-9.430627504243276338e-01 1.797125788042149286e-01 2.798857584473371518e-01
-9.078172485990311236e-01 2.265844175693384754e-01 3.528843222089196319e-01
-9.201157472039905860e-01 2.116075282701538052e-01 3.295591991230680806e-01
-9.046759364121738090e-01 2.302229647411420665e-01 3.585510236808077678e-01
-9.674250653378011489e-01 1.367816057016913445e-01 2.130247293105151096e-01
-9.486074117889347068e-01 1.709815465637782583e-01 2.662879813918700989e-01
-9.567349525996898807e-01 1.572068313951503205e-01 2.448351335833278686e-01
-9.457062029049104757e-01 1.756105327813508032e-01 2.734972002844386352e-01
-9.834454318492653613e-01 9.790522670812766559e-02 1.524783563593274383e-01
-9.864648289651113400e-01 8.859498421040645777e-02 1.379785127749660889e-01
-9.701382886495873992e-01 1.310516590499161971e-01 2.041008661331799867e-01
-9.559423948514115255e-01 1.586080750135379636e-01 2.470174412187281787e-01
-9.495372735684841636e-01 1.694680951936346214e-01 2.639309205371188072e-01
-9.607488915770022730e-01 1.498903842012388465e-01 2.334404422065004814e-01
-9.637324954472878957e-01 1.441905576734681116e-01 2.245634883429574180e-01
-9.835311972365717859e-01 9.765339644220197290e-02 1.520861539578728938e-01
-9.777389658556716601e-01 1.133689107576141275e-01 1.765616173496204755e-01
-9.747750199600966337e-01 1.205899316771190943e-01 1.878076911095521440e-01
-9.721852877050793929e-01 1.265458666425616496e-01 1.970835102322746057e-01
-9.716764588440747197e-01 1.276816309838111063e-01 1.988523583907240988e-01
-9.842248487405214075e-01 9.559144554471282751e-02 1.488748557022641916e-01
-9.834097179837892888e-01 9.800989494762478438e-02 1.526413674840463031e-01
-9.826610639478819964e-01 1.001779827901919107e-01 1.560179642377907405e-01
-9.886993256423455279e-01 8.099786366572686580e-02 1.261466985535476537e-01
-9.880158729931819428e-01 8.339690745344738310e-02 1.298829878803288984e-01
-9.859259828692436001e-01 9.032903853706224229e-02 1.406791423782710881e-01
-9.816394569044554208e-01 1.030604188452578784e-01 1.605070924157742662e-01
-9.694023232040113180e-01 1.326319852906961694e-01 2.065620784280455535e-01
-9.754568998382956435e-01 1.189694106706396803e-01 1.852838791760955672e-01
-9.571023886563889693e-01 1.565525512886729309e-01 2.438161526914119914e-01
-9.627070971981724901e-01 1.461765346675320543e-01 2.276564642544994799e-01
-9.769184774055268417e-01 1.154153115754850967e-01 1.797486977911127992e-01
-9.620191865311280566e-01 1.474927173906492306e-01 2.297062973945395159e-01
-9.734041826897683602e-01 1.237802950923870410e-01 1.927763877369468581e-01
-9.619441324893942546e-01 1.476355520827403456e-01 2.299287492473509331e-01
-9.521515388291637016e-01 1.651306051016270537e-01 2.571756799622121892e-01
-9.594324860926999321e-01 1.523320090606081478e-01 2.372430476231916219e-01
-9.842732753979763771e-01 9.544577385665903302e-02 1.486479854900256969e-01
-9.680629455839907527e-01 1.354577140923178269e-01 2.109628902914710002e-01
-9.898542060582892210e-01 7.676981049045744632e-02 1.195618958781313607e-01
-9.886010587844210606e-01 8.134725660421086857e-02 1.266908458148824912e-01
-9.862120279372305065e-01 8.941282613344254948e-02 1.392522261034491171e-01
-9.870741851857001148e-01 8.659101421592003966e-02 1.348575144255763081e-01
-9.883118066843438188e-01 8.236690733757688621e-02 1.282788577434767763e-01
-9.795718747683938021e-01 1.086517471290716491e-01 1.692150702760672754e-01
-9.679047204541911809e-01 1.357873885470055886e-01 2.114763278338231134e-01
-9.707473333323686226e-01 1.297283893163369006e-01 2.020399956283015497e-01
-9.672337800576769062e-01 1.371759506691523911e-01 2.136388852090176926e-01
-9.595726881341066772e-01 1.520739905183905727e-01 2.368412075524377880e-01
-9.562035445932748345e-01 1.581478613424376622e-01 2.463007008923647767e-01
-9.567466507510028473e-01 1.571860467569936026e-01 2.448027634273084452e-01
-9.678077270628646644e-01 1.359890601776260199e-01 2.117904127891950816e-01
-9.761020730422738101e-01 1.174144701374194993e-01 1.828622027782794701e-01
-9.653532106930019507e-01 1.409901020247909531e-01 2.195790739932922120e-01
-9.620506722398397548e-01 1.474327526898255303e-01 2.296129079062700362e-01
-9.557888544384710583e-01 1.588779723145134493e-01 2.474377813601309206e-01
-9.633962318523349166e-01 1.448450624968008194e-01 2.255828192106396346e-01
-9.503908389615768337e-01 1.680655056492646460e-01 2.617465167461968667e-01
-9.516886157141222213e-01 1.659078083362247047e-01 2.583861022834013088e-01
-9.624793611515929381e-01 1.466136757924622891e-01 2.283372712192301424e-01
-9.711756313755796066e-01 1.287891815754789726e-01 2.005772662376337501e-01
-9.762757181071470836e-01 1.169922588193581386e-01 1.822046476100939727e-01
-9.722859275911222010e-01 1.263199463824886126e-01 1.967316602740808162e-01
-9.679256584005225816e-01 1.357438117519717546e-01 2.114084609966216666e-01
-9.627072490994804665e-01 1.461762426209453347e-01 2.276560094188894157e-01
-9.670625137687225426e-01 1.375280000814715353e-01 2.141871696832237659e-01
-9.851283092440503708e-01 9.283490245145999131e-02 1.445817941954881114e-01
-9.736614588010968907e-01 1.231881717358454531e-01 1.918542102475203626e-01
-9.768324465440066939e-01 1.156276870185738992e-01 1.800794529467063254e-01
-9.621250708687486553e-01 1.472909552998579730e-01 2.293920715557987156e-01
-9.504280821478380270e-01 1.680040117410794287e-01 2.616507456585699387e-01
-9.414312468963110803e-01 1.821926353187240111e-01 2.837482176206142515e-01
-9.575560310350628157e-01 1.557406259957848926e-01 2.425516539684254291e-01
-9.700224732594869836e-01 1.313016884181614219e-01 2.044902638026757091e-01
-9.546813141302129546e-01 1.608101494727470215e-01 2.504469689917656616e-01
-9.719618452571794354e-01 1.270459394448974211e-01 1.978623274775221652e-01
-9.738297588438229457e-01 1.227991977404687962e-01 1.912484191424309032e-01
-9.675181269724828503e-01 1.365893141411527179e-01 2.127252529487463073e-01
-9.557206491977043861e-01 1.589977044014031782e-01 2.476242530371420003e-01
-9.604695312534969887e-01 1.504121266186629891e-01 2.342530078776769442e-01
