-9.846221488982733749e-01 9.438947351141946385e-02 1.470028951727939404e-01
-9.793789543293655031e-01 1.091582682658892578e-01 1.700039302072479941e-01
-9.742289228981814153e-01 1.218714171368243115e-01 1.898034864635299579e-01
-9.661488053931106545e-01 1.393901266311737830e-01 2.170872599560150218e-01
-9.469919757398879145e-01 1.735760137845503981e-01 2.703286246828645600e-01
-9.035448717685423681e-01 2.315160167424401838e-01 3.605648328560099869e-01
-8.181256580519287169e-01 3.106951589252446300e-01 4.838790405230584124e-01
-7.547563387679487867e-01 3.544411414377165448e-01 5.520093716106003745e-01
-8.046687920863093701e-01 3.207904220728456934e-01 4.996014813315561853e-01
-8.637173458401677939e-01 2.722996832478993268e-01 4.240816301113614628e-01
-8.475185045749881185e-01 2.867740110413815602e-01 4.466240600261178750e-01
-8.087521757304866332e-01 3.177785695829088985e-01 4.949107989982076128e-01
-7.711595069410593917e-01 3.439791315700485019e-01 5.357157566272784388e-01
-7.500248732371540550e-01 3.573611444827988204e-01 5.565570069090274297e-01
-7.039156695370318850e-01 3.837678432244760462e-01 5.976830035119504725e-01
-6.703349579799484648e-01 4.009360011661803336e-01 6.244208253084559956e-01
-6.442125780089698051e-01 4.132483225599873911e-01 6.435961297556049843e-01
-5.709143352143440930e-01 4.435933992871243237e-01 6.908557866556936933e-01
-5.608148458628438027e-01 4.473385649348443627e-01 6.966885365655650642e-01
-5.881735395270629718e-01 4.369612474355836773e-01 6.805268221310201149e-01
-5.380972158218889634e-01 4.554115113746921573e-01 7.092614057117093695e-01
-5.862707566724054686e-01 4.377070981068653110e-01 6.816884157279130552e-01
-7.009127900513373310e-01 3.853689903198008193e-01 6.001766423665179095e-01
-8.209724126759979645e-01 3.084952515579085786e-01 4.804528877956439903e-01
-8.227322201449053241e-01 3.071235782651792756e-01 4.783166332138445442e-01
-8.505356024216550459e-01 2.841544236698032577e-01 4.425442944182133576e-01
-8.789714305349620727e-01 2.576563554502928066e-01 4.012759982847151630e-01
-8.314840461842658570e-01 3.001642061251018068e-01 4.674780532841398273e-01
-7.516060900913026366e-01 3.563900053141748070e-01 5.550445472660973101e-01
-7.748928982516662956e-01 3.415210641990651941e-01 5.318875435159868825e-01
-7.474092513196921583e-01 3.589573550017310377e-01 5.590429575013878827e-01
-6.880360535036289527e-01 3.920846886568952194e-01 6.106357228331608100e-01
-5.709019629749058078e-01 4.435980476588379240e-01 6.908630260657074862e-01
-4.249703692889196249e-01 4.890855703648975261e-01 7.617056453035399022e-01
-2.783944897847221434e-01 5.189424363566678133e-01 8.082049590331094047e-01
-2.420362741890409730e-01 5.242376061868079251e-01 8.164516974299290686e-01
-2.833336510716837342e-01 5.181614728144617876e-01 8.069886803798037578e-01
-2.720295557635394323e-01 5.199269098204931661e-01 8.097381856103886832e-01
-3.221913168446438602e-01 5.114904570344300794e-01 7.965991888726876580e-01
-2.817463378430862808e-01 5.184140797345576646e-01 8.073820923484624767e-01
-3.481714395169062670e-01 5.064960643059107648e-01 7.888208830573313346e-01
-4.100748200441692304e-01 4.927837368430637022e-01 7.674651983436958647e-01
-4.530690662610440400e-01 4.816662240607936796e-01 7.501506980576390093e-01
-5.268361794638739548e-01 4.592390470305280359e-01 7.152224393085002685e-01
-4.963661177770458122e-01 4.690436101162211990e-01 7.304921415950250685e-01
-6.004587995804080425e-01 4.320558157268357680e-01 6.728870648950490141e-01
-6.250987855584926312e-01 4.217306133395267165e-01 6.568065149384285650e-01
-6.297553777483999582e-01 4.197033270774025993e-01 6.536492036537097094e-01
-6.133180124362355157e-01 4.267502492454571805e-01 6.646241346732797428e-01
-5.905116548880475769e-01 4.360396893885323810e-01 6.790915805098244329e-01
-6.189796671775618098e-01 4.243572186386748712e-01 6.608972103209413973e-01
-6.418453422815383336e-01 4.143222393774819157e-01 6.452686561028077028e-01
-4.272946614785528285e-01 4.884940265670085768e-01 7.607843704232359894e-01
-4.917074201856843074e-01 4.704738950180984980e-01 7.327196783496660037e-01
-9.174515581036020162e-01 2.149579252171417154e-01 3.347771332089672369e-01
-7.540028096283353243e-01 3.549090197753596021e-01 5.527380489478445069e-01
-8.119864554429349068e-01 3.153616382717226996e-01 4.911466515042058889e-01
-8.049528627807333026e-01 3.205823022755064367e-01 4.992773539515264480e-01
-7.852479665320054592e-01 3.345451490570474640e-01 5.210231993872713741e-01
-7.642817318720105391e-01 3.484314998874669667e-01 5.426499094378347543e-01
-7.218792587467723898e-01 3.738994767973736755e-01 5.823139334086561147e-01
-6.732814981842585311e-01 3.994920948937711880e-01 6.221720745261284380e-01
-4.737892756961007423e-01 4.758108755376724286e-01 7.410315330371831655e-01
-4.796240842373210023e-01 4.741012616047430850e-01 7.383689670918613945e-01
-5.092603936831507916e-01 4.649909107597843816e-01 7.241804363116064458e-01
-5.698385843890195757e-01 4.439970115169392662e-01 6.914843754601727177e-01
-5.630001759218080659e-01 4.465365015494652257e-01 6.954393968535127479e-01
-6.872546620577392185e-01 3.924845464192837641e-01 6.112584644010680135e-01
-7.946544052569355365e-01 3.279970448473704669e-01 5.108251313092750934e-01
-8.315806254704163347e-01 3.000860911340723081e-01 4.673563963936991361e-01
-8.235091180113524034e-01 3.065151374755076819e-01 4.773690428280148446e-01
-8.758619437821364428e-01 2.607292334543639400e-01 4.060617222251777236e-01
-9.128085513272119478e-01 2.206528392254186732e-01 3.436464362767031600e-01
-9.043254213425768739e-01 2.306246278135270222e-01 3.591765768524487479e-01
-9.873853691119519604e-01 8.554903968084047461e-02 1.332347352357496906e-01
-9.880556896798500244e-01 8.325908483582369901e-02 1.296683418710096458e-01
-9.828859621725684059e-01 9.953181734297700256e-02 1.550116211788931386e-01
-9.814544260480916327e-01 1.035735839090822785e-01 1.613062996501974100e-01
-9.976071922239164724e-01 3.735474475184968890e-02 5.817656802904286328e-02
-9.001168041900811101e-01 -2.353819655345502082e-01 -3.665856913679624296e-01
-4.532258758912033336e-01 -4.816231556192734353e-01 -7.500836229341264483e-01
-6.375080235744837731e-01 -4.162725164206396156e-01 -6.483060326350386093e-01
-8.093135414755580070e-01 -3.173610791940256193e-01 -4.942605962415916321e-01
-8.321892526857349592e-01 -2.995931452374685500e-01 -4.665886786464914504e-01
-9.195774534461955696e-01 -2.122895182569051464e-01 -3.306213355965719747e-01
-9.830665210366913431e-01 -9.900988557655771016e-02 -1.541987606141289602e-01
-9.998514365014626870e-01 -9.313045981312436522e-03 -1.450420975136228197e-02
-9.998639958095985047e-01 8.910728197063382677e-03 1.387763692640676082e-02
-9.991753107638614573e-01 2.193852493937345841e-02 3.416722820811444322e-02
-9.936810970184614122e-01 -6.064367481130421289e-02 -9.444692760258509290e-02
-9.964155333473424525e-01 -4.570614186963403713e-02 -7.118309841194089826e-02
-9.965709250871739311e-01 -4.470619197464514166e-02 -6.962576872121732652e-02
-9.946166585554160333e-01 5.598768430149419356e-02 8.719565201668705301e-02
-9.999953307070368336e-01 1.651113291986122840e-03 2.571456595219572157e-03
-9.999857834899581466e-01 -2.881023318221466456e-03 -4.486927970709010498e-03
-9.927599858266746846e-01 6.489840543370190007e-02 1.010732779402330195e-01
-9.962909094019073430e-01 4.649245252915605586e-02 7.240770470705897022e-02
-9.981721965391783247e-01 3.265261927208781140e-02 5.085344148456508173e-02
-9.915206642005027771e-01 7.021180642620256096e-02 1.093484096901425479e-01
-9.922258994230123141e-01 6.724053950715001837e-02 1.047209356383985573e-01
-9.913379004642947079e-01 7.096118932218958841e-02 1.105155044010770055e-01
-9.664007068757097807e-01 1.388794225710035246e-01 2.162918855076932378e-01
-9.484879641684530460e-01 1.711748838434518638e-01 2.665890863646975251e-01
-9.088871471155761661e-01 2.253288345970460571e-01 3.509288675889262743e-01
-9.306895521886505707e-01 1.976479875043034573e-01 3.078185025016977328e-01
-9.386503400223907834e-01 1.863342303426713531e-01 2.901983697033021503e-01
-9.565191462584194948e-01 1.575897271227442997e-01 2.454314583472201328e-01
-9.519705176022217330e-01 1.654350020283628375e-01 2.576497500872717006e-01
-9.494524808592965659e-01 1.696067258354571339e-01 2.641468249695670956e-01
-9.187327528229272122e-01 2.133545160411133845e-01 3.322799713724381987e-01
-9.410073184756134745e-01 1.828308491036124417e-01 2.847421766991807823e-01
-9.200672235332358895e-01 2.116691117173856163e-01 3.296551096594977914e-01
-9.229879843588953969e-01 2.079238707489868832e-01 3.238222424446196013e-01
-9.234668017739300350e-01 2.073022900085186304e-01 3.228541877979175800e-01
-9.058016587337308634e-01 2.289271486204560446e-01 3.565329096447190649e-01
-9.208696169556475075e-01 2.106480283951689958e-01 3.280648666059613472e-01
-9.239569179149011990e-01 2.066637701236389013e-01 3.218597519968601772e-01
-9.138749304693943865e-01 2.193604814464761021e-01 3.416337082887602183e-01
-9.108074127771513817e-01 2.230538175610598528e-01 3.473857384833598516e-01
-9.070605164416949417e-01 2.274674116292600690e-01 3.542595039786659017e-01
-9.103439320167227011e-01 2.236054820273052079e-01 3.482449049845079969e-01
-9.123831679919969240e-01 2.211658406015799549e-01 3.444453885826954109e-01
-9.069106514377412998e-01 2.276417884023119453e-01 3.545310797120173607e-01
-9.100785783378935179e-01 2.239205850834231071e-01 3.487356489181683838e-01
-9.065111406619145162e-01 2.281058509739740947e-01 3.552538143458471298e-01
-9.404450869763620879e-01 1.836734133422253668e-01 2.860543927529144992e-01
-9.530066511838518606e-01 1.636842449699913438e-01 2.549231075205698471e-01
-9.552477978588816976e-01 1.598250794730088353e-01 2.489128133648475794e-01
-9.572239245126915597e-01 1.563354786490367687e-01 2.434780820856313754e-01
-9.537152295215111097e-01 1.624749863591462840e-01 2.530397988189342362e-01
-9.492061135869348520e-01 1.700088090922319273e-01 2.647730325396225326e-01
-9.532292924495711084e-01 1.633053472177210808e-01 2.543330092343297211e-01
-9.415340725241733155e-01 1.820374532583340366e-01 2.835065358810350822e-01
-9.376332106603869621e-01 1.878232276018960423e-01 2.925173455368086928e-01
-9.296739709953875108e-01 1.990383845192937595e-01 3.099839175531807767e-01
-8.968206460170499161e-01 2.390266678460329641e-01 3.722619789019332437e-01
-8.892499810658581749e-01 2.471459163111361101e-01 3.849069591798773282e-01
-8.943638359138361693e-01 2.416989865424268857e-01 3.764238686824367686e-01
-9.404304101229775670e-01 1.836953496949458586e-01 2.860885565980921807e-01
-9.769934518286426117e-01 1.152298955254408147e-01 1.794599294024988578e-01
-9.965896474162161400e-01 4.458418880093775738e-02 6.943576003605303471e-02
-9.953999272117606267e-01 5.176475333242614579e-02 8.061882670477606150e-02
-9.960964844716984068e-01 4.769309885000352217e-02 7.427760056172531822e-02
-9.927500748091866445e-01 6.494264918496762962e-02 1.011421835002219716e-01
-9.890065171620470164e-01 7.989554718029016900e-02 1.244299423441140723e-01
-9.888683494283122544e-01 8.039325664555532769e-02 1.252050789099519168e-01
-9.821222574024520702e-01 1.017087648228347241e-01 1.584020160001915756e-01
-9.659877286096330007e-01 1.397156450637646319e-01 2.175942248774495880e-01
-9.531597863848919605e-01 1.634237385985647661e-01 2.545173928853882717e-01
-9.274934829899057487e-01 2.019862479449140991e-01 3.145749428234695388e-01
-9.283821149400808270e-01 2.007909406741908709e-01 3.127133620467090203e-01
-9.268269107038495935e-01 2.028774922891784238e-01 3.159629736497817643e-01
-9.265337436419381900e-01 2.032680336921494912e-01 3.165712058475664836e-01
-9.313618053024489418e-01 1.967213818549672921e-01 3.063753997057127587e-01
-9.507295515166669375e-01 1.675053220912087748e-01 2.608740825456559720e-01
-9.569840672902335532e-01 1.567635674069244589e-01 2.441447908240035602e-01
-9.554113360047342685e-01 1.595394590652314815e-01 2.484679859354560483e-01
-9.502259357186547684e-01 1.683374860109762283e-01 2.621701010624808426e-01
-9.462981827148272407e-01 1.746771111580030234e-01 2.720434822378768880e-01
-9.394378859634560097e-01 1.851719806213266983e-01 2.883882730093020319e-01
-9.344862242144880149e-01 1.923472389991763010e-01 2.995630758333597821e-01
-9.349099338165725026e-01 1.917452237266266124e-01 2.986254925975306840e-01
-9.440018372659747525e-01 1.782674473070390286e-01 2.776350994904933089e-01
-9.504363543398113290e-01 1.679903497687083025e-01 2.616294683972651414e-01
-9.381482613541345383e-01 1.870709169638269942e-01 2.913456911377398928e-01
-9.318021903380707682e-01 1.961116353837421278e-01 3.054257758413456147e-01
-9.082070992364351669e-01 2.261278855314178826e-01 3.521733156865096692e-01
-9.261636879682166867e-01 2.037597573975870879e-01 3.173370201448109107e-01
-9.288286323154724133e-01 2.001871971313991805e-01 3.117730871894547340e-01
-9.325612960110987171e-01 1.950554402201772342e-01 3.037808493348664873e-01
-9.309157500135394336e-01 1.973367661835829234e-01 3.073338040127303050e-01
-9.105986506215739684e-01 2.233025030838107494e-01 3.477730432375019665e-01
-8.961372933242576222e-01 2.397736912122210018e-01 3.734253988629321896e-01
-9.073119979278344571e-01 2.271744324798873615e-01 3.538032159882700811e-01
-8.803425678065646132e-01 2.562861572486045958e-01 3.991420410210976821e-01
-8.202583493510516854e-01 3.090492540982578418e-01 4.813156956314623147e-01
-8.142701701874264231e-01 3.136379679528600861e-01 4.884621940348509161e-01
-7.931482662616958779e-01 3.290595534189813542e-01 5.124798903662138860e-01
-7.967155981660275499e-01 3.265340825149685711e-01 5.085467024719132478e-01
-7.611261449423267766e-01 3.504421712651876186e-01 5.457813445732393465e-01
-7.094038289513170392e-01 3.808062792707783695e-01 5.930706409334022267e-01
-7.581008900006845908e-01 3.523512796951234760e-01 5.487546047892252199e-01
-7.990212547669499621e-01 3.248852790957723058e-01 5.059788432904195332e-01
-8.148981576180931441e-01 3.131614689961067510e-01 4.877200908788131839e-01
-8.086330339513490006e-01 3.178670681256748343e-01 4.950486273123320125e-01
-7.796575568021090197e-01 3.383406060100385138e-01 5.269342733644547527e-01
-7.690046432422955602e-01 3.453845707129557518e-01 5.379045984049745099e-01
-7.201354345166166571e-01 3.748798517094322214e-01 5.838407768697538858e-01
-7.140593232952975322e-01 3.782576461493010189e-01 5.891013800227019592e-01
-7.659490395036561150e-01 3.473610495165430634e-01 5.409827817612981038e-01
-7.771540271773379471e-01 3.400178767515041334e-01 5.295464677735509662e-01
-7.924227673230531677e-01 3.295694185309609447e-01 5.132739582301429904e-01
-8.028266917666417868e-01 3.221349694300197908e-01 5.016954897717835760e-01
-8.142803243087133325e-01 3.136302719730695299e-01 4.884502082564763370e-01
-8.312009550973535887e-01 3.003930058143792214e-01 4.678343876876190910e-01
-8.334367856447479905e-01 2.985790541947066501e-01 4.650093254229908379e-01
-8.473904683634190249e-01 2.868844441855418204e-01 4.467960494578909203e-01
-8.420846809774614750e-01 2.914095279978499708e-01 4.538434499418905199e-01
-8.902471178683672992e-01 2.460957310174088086e-01 3.832713924911074765e-01
-9.111484280344208653e-01 2.226468666754599091e-01 3.467519500305712987e-01
-9.477295962209907332e-01 1.723967523531243773e-01 2.684920338201740586e-01
-9.535117949470167664e-01 1.628231786771307810e-01 2.535820762246288052e-01
-9.962074374557191581e-01 4.701170816014546561e-02 7.321639743783243948e-02
-9.862406693861173190e-01 8.932055421427534392e-02 1.391085211037693670e-01
-9.948339278278380826e-01 5.484921654553188974e-02 8.542259353928083332e-02
-9.990545904392691412e-01 2.348870875623302462e-02 3.658149645912655429e-02
-9.989696809786513532e-01 -2.452030022634974285e-02 -3.818810498337443099e-02
-9.853833316658888730e-01 -9.204139726011389966e-02 -1.433459830809319380e-01
-9.725732602893363277e-01 -1.256725664712446677e-01 -1.957234257995230653e-01
-9.582113849782524229e-01 -1.545594613388943384e-01 -2.407120990076947464e-01
-9.512341339016451291e-01 -1.666669485993698685e-01 -2.595683931933201460e-01
-9.612212785997172881e-01 -1.490036345652571703e-01 -2.320594114735876901e-01
-9.643497247113140824e-01 -1.429807826745220778e-01 -2.226793754145044990e-01
-9.441349133328534871e-01 -1.780615949597791625e-01 -2.773145034547324084e-01
-8.687421344838081039e-01 -2.675926489010614362e-01 -4.167508584593802023e-01
-8.511253467378000481e-01 -2.836384583705115481e-01 -4.417407260754425691e-01
-9.988995280162619173e-01 -2.534088622447285347e-02 -3.946609195559501460e-02
-7.945307748072075738e-01 3.280844658531124058e-01 5.109612814589147289e-01
-8.862457408699434547e-01 2.502763370652199004e-01 3.897823006437074467e-01
-9.572326738926942857e-01 -1.563198388694951868e-01 -2.434537245721614396e-01
-7.939767283543646137e-01 -3.284757880679217146e-01 -5.115707296990877895e-01
-8.158304549650454707e-01 -3.124520486207437719e-01 -4.866152341061953379e-01
-8.075742379408975546e-01 -3.186518909969788815e-01 -4.962709165145867685e-01
-9.830118152602067561e-01 -9.916832080451745690e-02 -1.544455088620109162e-01
-9.970000744577980356e-01 4.181971794641580614e-02 6.513035177263722109e-02
-9.448807920258299742e-01 1.769028374197894604e-01 2.755098455109503686e-01
-8.203496839449166966e-01 3.089784748710183160e-01 4.812054635162145155e-01
-8.889233222658893263e-01 2.474887295280154276e-01 3.854408591319589683e-01
-9.202559489506354495e-01 2.114294732362504703e-01 3.292818948378533617e-01
-9.858422499746301026e-01 9.059543490229603202e-02 1.410940301353061643e-01
-9.971252081020073321e-01 4.093951315736851782e-02 6.375951403489672764e-02
-9.724070842722090102e-01 1.260474009546999064e-01 1.963071959195233085e-01
-9.661306213783645847e-01 1.394269152964469349e-01 2.171445549074911829e-01
-9.552021407329349678e-01 1.599047201160972431e-01 2.490368463175899882e-01
-9.609757385503032712e-01 1.494652653840873313e-01 2.327783588767725342e-01
-9.796210605050525988e-01 1.085222135765418899e-01 1.690133337207554154e-01
-9.999693544067214113e-01 4.229923452978678021e-03 6.587715460367928738e-03
-9.929150631638891111e-01 -6.420209608418692149e-02 -9.998884038054894896e-02
-9.926018331910138048e-01 -6.560080117581243431e-02 -1.021671944947606520e-01
-9.996915049544627951e-01 -1.341968799298984792e-02 -2.089992574274102816e-02
-9.996917722041486210e-01 1.341387488273809540e-02 2.089087235993068031e-02
-9.999817220654044769e-01 -3.266731150138438722e-03 -5.087632327596396976e-03
-9.977200793804436030e-01 -3.646397428524728035e-02 -5.678927522346182560e-02
-9.966461927599484794e-01 -4.421365591995964767e-02 -6.885868926497909492e-02
-9.995086759508868823e-01 -1.693489384308262749e-02 -2.637453448742762413e-02
-9.981676741395419938e-01 -3.269295230669021224e-02 -5.091625646421363977e-02
-9.986477006845336790e-01 -2.808932863574759367e-02 -4.374653739768344374e-02
-9.960592206198620735e-01 -4.791975545670347503e-02 -7.463059731184387702e-02
-9.911484397779647404e-01 -7.172962397013381286e-02 -1.117122704576778286e-01
-9.939603132556759091e-01 -5.929284415351563503e-02 -9.234313350144449095e-02
-9.932475739249181368e-01 -6.268265196317554522e-02 -9.762244636930435260e-02
-9.974160300085516129e-01 -3.881636109829573328e-02 -6.045290061747981419e-02
-9.984322270505978647e-01 -3.024287794225000159e-02 -4.710049172305549869e-02
-9.972161738281833943e-01 -4.028750894440483871e-02 -6.274407763711956076e-02
-9.969292294583461667e-01 -4.230988459955432879e-02 -6.589374110460338718e-02
-9.976990370503969752e-01 -3.663166542919931573e-02 -5.705043870640894021e-02
-9.993401685702697490e-01 -1.962441258544371514e-02 -3.056321175238492158e-02
-9.998293943793513661e-01 -9.979986694497802735e-03 -1.554290836996401887e-02
-9.994700612906106674e-01 -1.758762089371555468e-02 -2.739109663817455853e-02
-9.983125074475173166e-01 -3.137541339732168727e-02 -4.886431118922970190e-02
-9.942224765727247782e-01 -5.799552470452367520e-02 -9.032267817023938161e-02
-9.962540518172472437e-01 -4.672245012337484377e-02 -7.276590473694737049e-02
-9.947501675582803848e-01 -5.529091757136010005e-02 -8.611050212889367894e-02
-9.944194454387325077e-01 -5.700116739859599491e-02 -8.877405842092056520e-02
-9.980584317891455504e-01 -3.365249277679911027e-02 -5.241065220448022643e-02
-9.987107159723918048e-01 -2.742749172241795361e-02 -4.271578747640210338e-02
-9.989197030442580338e-01 2.510765032094706972e-02 3.910284855777709789e-02
-9.981605919270990501e-01 3.275601488899119312e-02 5.101447061702586716e-02
-9.995469703086907742e-01 1.626170054434198514e-02 2.532609804378303450e-02
-9.996586798854565359e-01 1.411548154859378068e-02 2.198356000100369287e-02
-9.991089273058239018e-01 2.280403075284199305e-02 3.551517364774405688e-02
-9.728075118102348373e-01 -1.251421614271271965e-01 -1.948973688866185994e-01
-9.606892968297150448e-01 -1.500018503053770214e-01 -2.336140403781224451e-01
-9.516270622282837488e-01 -1.660108482426092547e-01 -2.585465774295523378e-01
-9.436479581617844836e-01 -1.788135612111529660e-01 -2.784856215033017501e-01
-9.361097864995188145e-01 -1.900286052599791387e-01 -2.959520177372886862e-01
-9.187631290893264469e-01 -2.133163267634755333e-01 -3.322204950964460224e-01
-9.210908996487543465e-01 -2.103654067292790308e-01 -3.276247094403494931e-01
-9.231809721526276213e-01 -2.076736046486279963e-01 -3.234324760867014481e-01
-9.350620584448762207e-01 -1.915285535351259893e-01 -2.982880487675851899e-01
-9.471177949289308895e-01 -1.733754941572990260e-01 -2.700163338664383073e-01
-9.426481126618478923e-01 -1.803465124700084354e-01 -2.808730516353627471e-01
-9.426044452085029501e-01 -1.804131291674894999e-01 -2.809768009946107536e-01
-9.114519025801954832e-01 -2.222839600808130811e-01 -3.461867564967401889e-01
-9.145223957639720958e-01 -2.185713411708118947e-01 -3.404046951276044619e-01
-9.323890675887207546e-01 -1.952956498126200702e-01 -3.041549536096732065e-01
-9.358229882125650434e-01 -1.904405329708351302e-01 -2.965935571361751899e-01
-9.433215292873404767e-01 -1.793156578700250969e-01 -2.792675907183526651e-01
-9.387071943197834445e-01 -1.862506009854321409e-01 -2.900681246963299209e-01
-8.936883445449989027e-01 -2.424272943667666602e-01 -3.775581409139902034e-01
-8.252569554567925625e-01 -3.051397429910480685e-01 -4.752269928334696969e-01
-7.992714300931516025e-01 -3.247055847051201205e-01 -5.056989858583407216e-01
-8.111434874913733273e-01 -3.159942885937599977e-01 -4.921319460027521742e-01
-7.926686061993504229e-01 -3.293967888918811759e-01 -5.130051034967356705e-01
-7.182946740445271816e-01 -3.759093879697849028e-01 -5.854441845944394762e-01
-6.884586091822849641e-01 -3.918680967580501218e-01 -6.102984009368018770e-01
-8.121160744485190763e-01 -3.152641877838517903e-01 -4.909948813616244467e-01
-7.901061384267530352e-01 -3.311891348910592781e-01 -5.157965170011100664e-01
-8.644962093240302625e-01 -2.715771933195627041e-01 -4.229564187159846056e-01
-9.432050420895898846e-01 -1.794944506992453837e-01 -2.795460440516932543e-01
-9.410564453352900927e-01 -1.827570187065986895e-01 -2.846271926685572384e-01
-9.519732902047007839e-01 -1.654303444079373298e-01 -2.576424962732424273e-01
-9.665908515029356662e-01 -1.384925882286730525e-01 -2.156894267147859701e-01
-9.700237450164386210e-01 -1.312989456186194615e-01 -2.044859921454818541e-01
-9.682063971160917992e-01 -1.351580798366631697e-01 -2.104962375871431701e-01
-9.923263653290032016e-01 -6.680633111979045191e-02 -1.040446961418148158e-01
-9.910408686267594414e-01 -7.216221590860946722e-02 -1.123859924842832425e-01
-9.948890392667195659e-01 -5.455662113535942465e-02 -8.496690318727966040e-02
-9.970064070537416612e-01 -4.177562187304491303e-02 -6.506167620734243373e-02
-9.961519449358742229e-01 -4.735373703693318559e-02 -7.374907585259667109e-02
-9.976181963639388917e-01 -3.726885417448562443e-02 -5.804280138038100945e-02
-9.965858818356908566e-01 -4.460875401961812703e-02 -6.947401809738368295e-02
-9.911878314949514879e-01 -7.157054631745916884e-02 -1.114645216925823634e-01
-9.914754497687974233e-01 -7.039795388586382596e-02 -1.096383171817438967e-01
-9.915744238763214424e-01 -6.998982289211498620e-02 -1.090026908194083877e-01
-9.927186641327487848e-01 -6.508266789206736125e-02 -1.013602497162552768e-01
-9.944200237883827898e-01 -5.699822188301279652e-02 -8.876947105219820666e-02
-9.947963375366285499e-01 -5.504788799511128178e-02 -8.573200598952415707e-02
-9.903800562379444505e-01 -7.476375287018256766e-02 -1.164376462442124338e-01
-9.655439196748637487e-01 -1.406083567649043797e-01 -2.189845409766944528e-01
-9.550217792892319313e-01 -1.602189039963956563e-01 -2.495261587197287467e-01
-9.276660848314819408e-01 -2.017547231467000379e-01 -3.142143643142818465e-01
-8.929768277639403840e-01 -2.431914933940552137e-01 -3.787483103822631425e-01
-9.088345964945833133e-01 -2.253907035138030812e-01 -3.510252227177996787e-01
-9.397082617120594561e-01 -1.847710519797454987e-01 -2.877638636458680343e-01
-9.395200135545449527e-01 -1.850503011756217397e-01 -2.881987685006294209e-01
-9.348707670914104817e-01 -1.918009633340590214e-01 -2.987123018927151374e-01
-9.566082940967510773e-01 -1.574316793814759807e-01 -2.451853135741045575e-01
-9.644960973464788978e-01 -1.426922720775171127e-01 -2.222300467820841618e-01
-9.903649013114850241e-01 -7.482233495592990891e-02 -1.165288824370817322e-01
-9.966530653595992995e-01 4.416840753777626777e-02 6.878821908503855720e-02
-9.999984794483690598e-01 -9.422198283607052241e-04 -1.467420439011978342e-03
-9.971594945121909914e-01 -4.069499617372235312e-02 -6.337870139575686734e-02
-9.980069252013421544e-01 -3.409550399200384635e-02 -5.310060129314884275e-02
-9.944200388554957915e-01 -5.699814514464900811e-02 -8.876935153927766053e-02
-9.984934984245030787e-01 -2.964646976460649092e-02 -4.617164102014614802e-02
-9.999189177298525300e-01 -6.880277661733510616e-03 -1.071539757815433667e-02
-9.992613835136526790e-01 -2.076256993549418714e-02 -3.233578680122628501e-02
-9.997089511041615806e-01 -1.303476465501643769e-02 -2.030044316278128980e-02
-9.996384287243877953e-01 -1.452812336168097899e-02 -2.262621154822129846e-02
-9.907233036364174739e-01 -7.342415246068134671e-02 -1.143513422185043760e-01
-9.871100363447222747e-01 -8.647162607382689881e-02 -1.346715784108482583e-01
-9.738929145273297339e-01 -1.226528970220635284e-01 -1.910205692734639749e-01
-9.787502943624382112e-01 -1.107920954489339388e-01 -1.725484652828729315e-01
-9.926244602532743322e-01 -6.550077724633639187e-02 -1.020114164543443336e-01
-9.996503484625262059e-01 1.428668843456583001e-02 2.225019892773067581e-02
-9.948492284129275554e-01 5.476814167338435457e-02 8.529632690712284082e-02
-9.966915639810628447e-01 -4.391406927944052629e-02 -6.839211071683121146e-02
-9.342011709527057173e-01 -1.927510375333179038e-01 -3.001919547896362839e-01
-9.171298614400607008e-01 -2.153583025343596968e-01 -3.354006839355792025e-01
-9.353535568783737375e-01 -1.911125889830999625e-01 -2.976402223610772335e-01
-8.633882746914665063e-01 -2.726041658420091940e-01 -4.245558336554510759e-01
-9.708351580067459130e-01 -1.295363887468990172e-01 -2.017409724583208441e-01
-9.944372654104283171e-01 -5.691034006857635663e-02 -8.863260323553819042e-02
-9.728581653273414842e-01 -1.250271562419789373e-01 -1.947182589228933502e-01
-6.524273745587957363e-01 -4.094687792345500510e-01 -6.377098397849010336e-01
-7.303718237998053642e-01 -3.690533699865373163e-01 -5.747665692269567916e-01
-9.532618037900387753e-01 -1.632499374176451246e-01 -2.542467135836698477e-01
-9.790938993776503452e-01 1.099022387386163341e-01 1.711625955683882816e-01
-9.553401673801646954e-01 1.596638243230689147e-01 2.486616733486907427e-01
-9.964464739792453507e-01 4.550880235674985980e-02 7.087576033019543642e-02
-7.123620459182110620e-01 3.791907312641669137e-01 5.905545739883546474e-01
-7.565326533252710872e-01 3.533338911608091548e-01 5.502849314762185973e-01
-8.141217099910794674e-01 3.137504559280873684e-01 4.886373836764006939e-01
-9.036261252983393000e-01 2.314234210152367743e-01 3.604206235551933868e-01
-9.705790087645853603e-01 1.300955368004830803e-01 2.026117939561984382e-01
-9.638122089217570077e-01 1.440349333585729807e-01 2.243211178327955690e-01
-9.896575994922510722e-01 7.750624010269645259e-02 1.207088170448969988e-01
-8.511598564010015577e-01 -2.836082258246055421e-01 -4.416936416749125405e-01
-5.595445942479887469e-01 -4.478026837826052931e-01 -6.974113588442258926e-01
-6.340974400843546466e-01 -4.177904608359715999e-01 -6.506700909930736021e-01
-7.397099137556334414e-01 -3.635834060546179747e-01 -5.662476051458019688e-01
-7.445432509369231955e-01 -3.606918937530882441e-01 -5.617443415514647986e-01
-7.606175160694061965e-01 -3.507644043827130576e-01 -5.462831929196131364e-01
-7.772843849213977307e-01 -3.399308790428510196e-01 -5.294109768700673291e-01
-7.808122394903174168e-01 -3.375623772070408535e-01 -5.257222538151172797e-01
-7.636938732006336439e-01 -3.488075807807469175e-01 -5.432356207261239689e-01
-7.448033941400837854e-01 -3.605350706794139271e-01 -5.615001040851204106e-01
-7.433161246210687745e-01 -3.614299921973771479e-01 -5.628938617701561009e-01
-7.496676017437451378e-01 -3.575799226478376114e-01 -5.568977337132446914e-01
-7.007649227198514685e-01 -3.854474855118562027e-01 -6.002988913849733876e-01
-7.760130083701589632e-01 -3.407777966598680708e-01 -5.307299729089559603e-01
-7.781577593140629467e-01 -3.393470570516810558e-01 -5.285017279911958799e-01
-7.387415867758208021e-01 -3.641576889178121390e-01 -5.671419977130773837e-01
-7.225941741645603988e-01 -3.734961219061759263e-01 -5.816857453853274684e-01
-7.512822467949569205e-01 -3.565892828543132387e-01 -5.553549036464592303e-01
-7.189884325489181993e-01 -3.755220099763678099e-01 -5.848408791151302744e-01
-7.587266692111483968e-01 -3.519578495201513002e-01 -5.481418735956112842e-01
-7.840538530309915100e-01 -3.353617526319210285e-01 -5.222949841027602069e-01
-7.873039395836254339e-01 -3.331315383153706788e-01 -5.188216310985287461e-01
-7.839386672689798718e-01 -3.354403525351811743e-01 -5.224173961992547577e-01
-7.665135508473009951e-01 -3.469973418056277459e-01 -5.404163405628020778e-01
-7.563197617691020946e-01 -3.534669156515071187e-01 -5.504921048455998500e-01
-7.683445619804860627e-01 -3.458131599596180328e-01 -5.385720866084303671e-01
-7.567151253013179035e-01 -3.532198045470515413e-01 -5.501072521026727502e-01
-7.790115628510099199e-01 -3.387747096100711119e-01 -5.276103496644460877e-01
-7.976401777622478262e-01 -3.258744781278697378e-01 -5.075194295042292358e-01
-8.058966257641140274e-01 -3.198893686766789424e-01 -4.981981738120396797e-01
-8.173652310595425075e-01 -3.112788822348798168e-01 -4.847881357145454317e-01
-8.286663907528585282e-01 -3.024303306899370214e-01 -4.710073331864443325e-01
-8.154255697675112380e-01 -3.127604384359166656e-01 -4.870955227865505499e-01
-7.998259255124964273e-01 -3.243067494329106015e-01 -5.050778367245367662e-01
-7.969998750868758641e-01 -3.263314998594321059e-01 -5.082311986792996672e-01
-7.941071501624408224e-01 -3.283837378559029130e-01 -5.114273699878335577e-01
-8.039299673271227409e-01 -3.213307355897591644e-01 -5.004429697765327978e-01
-7.956294513713363381e-01 -3.273062786492058618e-01 -5.097493266963231129e-01
-7.758630602040164082e-01 -3.408774534862277217e-01 -5.308851792201431108e-01
-7.323744155415470303e-01 -3.678929928225366242e-01 -5.729593888682289471e-01
-7.457745639392568959e-01 -3.599485282869314129e-01 -5.605866184322304546e-01
-6.877474736134404631e-01 -3.922324626805864800e-01 -6.108658672391610311e-01
-7.526416691629002065e-01 -3.557514330920219514e-01 -5.540500299545665364e-01
-7.886180493622432230e-01 -3.322229085899480738e-01 -5.174065241453046360e-01
-7.848197443527896722e-01 -3.348383640477721190e-01 -5.214798546788105282e-01
-8.224476703416920831e-01 -3.073459834714175609e-01 -4.786630088000435879e-01
-8.530388352108119188e-01 -2.819553725485695606e-01 -4.391194752150928693e-01
-9.346324973370331302e-01 -1.921396551688604459e-01 -2.992397831725124857e-01
-9.866651542414082154e-01 -8.794135572572261972e-02 -1.369605467238650121e-01
-9.919432932629203004e-01 -6.844694739890083701e-02 -1.065998046080959272e-01
-9.925769630911058794e-01 -6.571056228545608946e-02 -1.023381372947863854e-01
-9.912973526569759386e-01 -7.112635804948749807e-02 -1.107727394528422032e-01
-9.921247798609345026e-01 -6.767471588031964691e-02 -1.053971252758355848e-01
-9.943620632186338515e-01 -5.729265179889496407e-02 -8.922801847756259286e-02
-9.999910528251791941e-01 -2.285566221710198104e-03 -3.559558488901781465e-03
-9.909542723793404173e-01 7.250854942397055858e-02 1.129253749764135006e-01
-9.873673170907985019e-01 8.560984096492756101e-02 1.333294276252558752e-01
-9.750858917887325061e-01 1.198539875487315415e-01 1.866615260390869502e-01
-9.786704528048081331e-01 1.109978005554418667e-01 1.728688320047493399e-01
-9.666371781073332947e-01 1.383981650228389981e-01 2.155423712846333550e-01
-9.727152090018823527e-01 1.253514416669027631e-01 1.952233035486627133e-01
-9.762212690133946769e-01 1.171248215894211547e-01 1.824111018921917571e-01
-9.718044170764527090e-01 1.273970223765891474e-01 1.984091067473333636e-01
-9.654947609336431702e-01 1.407068649089602552e-01 2.191379583211884863e-01
-9.343656843243944854e-01 1.925181108442815259e-01 2.998291929648526644e-01
-9.240169944083981290e-01 2.065853437519750146e-01 3.217376101598141691e-01
-9.574270005589445853e-01 1.559720329638316083e-01 2.429120489680003381e-01
-9.128393021577474453e-01 2.206156989997044848e-01 3.435885938022805175e-01
-9.490555474696660276e-01 1.702540215097825549e-01 2.651549282528972151e-01
-9.489626966985507117e-01 1.704050432915023838e-01 2.653901307423388034e-01
-9.742287559977502731e-01 1.218718066207394035e-01 1.898040930487879530e-01
-9.810477711568204029e-01 1.046922276859579282e-01 1.630484841094407000e-01
-9.889724750239963225e-01 8.001846804799560287e-02 1.246213802529998055e-01
-9.937048138040742717e-01 6.053012067324319012e-02 9.427007751080232478e-02
-9.924354250500228014e-01 6.633171307919334680e-02 1.033055223391283195e-01
-9.870220611444138203e-01 8.676429200793051022e-02 1.351273785973645669e-01
-9.893440753949629407e-01 7.866604984232236641e-02 1.225151136925203971e-01
-9.897368272429174496e-01 7.721033908641850019e-02 1.202479785164124737e-01
-9.892674182449363585e-01 7.894697764821362318e-02 1.229526328274857944e-01
-9.933071320617730127e-01 6.240653346019033737e-02 9.719241727983503332e-02
-9.842305203404090319e-01 9.557439671766580769e-02 1.488483037273248544e-01
-9.786801862563581089e-01 1.109727444367833299e-01 1.728298094120006567e-01
-9.936677955855413025e-01 6.070726689226489670e-02 9.454596640070014879e-02
-9.903628031360292017e-01 -7.483044186759482685e-02 -1.165415082039317762e-01
-9.537265338083179556e-01 -1.624556142242900014e-01 -2.530096285064660222e-01
-9.719953781699227635e-01 -1.269710244241535335e-01 -1.977456542455229560e-01
-9.998260739379268847e-01 -1.007662893476164896e-02 -1.569341974147888882e-02
-9.981449340566133088e-01 -3.289500754480868816e-02 -5.123093885286633675e-02
-9.921624156050863341e-01 -6.751345092502596124e-02 -1.051459699887450500e-01
-9.999367710877042903e-01 6.075790761178644604e-03 9.462483464846509207e-03
-8.100598690139457769e-01 -3.168047302230301288e-01 -4.933941340565594080e-01
-9.372859732795588705e-01 -1.883284930651948352e-01 -2.933042498723515412e-01
-9.994709790055457121e-01 -1.757238975307970699e-02 -2.736737554209298443e-02
-9.950714283300019503e-01 -5.357677692023146698e-02 -8.344088623768096402e-02
-9.620179982216842118e-01 -1.474949800165163971e-01 -2.297098212255430649e-01
-8.788802062088915124e-01 -2.577471833197797491e-01 -4.014174543102681514e-01
-8.652389720233167880e-01 -2.708857871656216165e-01 -4.218796174309627500e-01
-9.965452236733525204e-01 -4.487313008486295413e-02 -6.988575942360983340e-02
-9.951242222018517047e-01 5.328975755304282691e-02 8.299388005809581192e-02
-8.582793918997124738e-01 2.772737971212950181e-01 4.318283534811009905e-01
2.269113996824835833e-01 5.262087392078310666e-01 8.195215552231930323e-01
-9.745977141518379350e-01 -1.210075687614593221e-01 -1.884581223308059716e-01
-8.899968314088930743e-01 -2.463598644885597599e-01 -3.836827559994178127e-01
-9.981824452000069847e-01 -3.256103098292281034e-02 -5.071080117553158212e-02
-9.991167873776963804e-01 2.270327645869338676e-02 3.535825813174486854e-02
-9.991574209888161029e-01 -2.217510250166423308e-02 -3.453567593110611761e-02
-9.959649819953896310e-01 -4.848819507678382712e-02 -7.551588956715692136e-02
-9.934554236379532499e-01 -6.171359627313566937e-02 -9.611323155201545454e-02
-9.851983155432970651e-01 -9.261777442668220339e-02 -1.442436373324600951e-01
-9.821929897498596906e-01 -1.015091738664624377e-01 -1.580911715029661158e-01
-9.903870490006043692e-01 -7.473670623028086379e-02 -1.163955235983035463e-01
-9.928087100868792092e-01 -6.468044900820595078e-02 -1.007338309195274506e-01
-9.938576559343430539e-01 -5.979308566750562992e-02 -9.312221349952558291e-02
-9.957659431077460210e-01 -4.966723339930231851e-02 -7.735213295831139257e-02
-9.934027778203713410e-01 -6.196049886471041712e-02 -9.649775955537127914e-02
-9.348043027816885786e-01 -1.918955087489095934e-01 -2.988595476521341276e-01
-8.797438311553784640e-01 -2.568856455156848240e-01 -4.000756886790883815e-01
-8.918231992779617201e-01 -2.444241767255349029e-01 -3.806681009247629976e-01
-9.034123289775539689e-01 -2.316669639302118000e-01 -3.607999191722603971e-01
-8.963898323030407012e-01 -2.394979599194312359e-01 -3.729959728176123757e-01
-8.987471874524023407e-01 -2.369048438719653371e-01 -3.689574338543623599e-01
-7.766192426755029743e-01 -3.403743941502995196e-01 -5.301017107244088145e-01
-8.598955275251858321e-01 -2.758081502754333170e-01 -4.295457437617398733e-01
-8.782996244619420967e-01 -2.583242731092030842e-01 -4.023162184061354063e-01
-9.144945529017298735e-01 -2.186053465995823342e-01 -3.404576554450517434e-01
-9.839780758082091738e-01 -9.633022874776553390e-02 -1.500254423695437656e-01
-9.951058001263038966e-01 5.339008808054328953e-02 8.315013559664373444e-02
-9.982479365897327650e-01 3.196954222349786962e-02 4.978961201255662633e-02
-9.410426025085821822e-01 1.827778258335460426e-01 2.846595978487929113e-01
-9.400943227927466284e-01 1.841968650506084770e-01 2.868696204870341826e-01
-9.514634947113573826e-01 1.662843160042521418e-01 2.589724782339790643e-01
-9.736676814544734659e-01 1.231738130425013983e-01 1.918318479075903915e-01
-9.880373776984777701e-01 8.332249945463975072e-02 1.297671042882098114e-01
-9.989323958205492682e-01 2.495979458634712406e-02 3.887257689457661314e-02
-9.999243948418858885e-01 6.643842415730212905e-03 1.034717149964811851e-02
-9.930718602909015535e-01 6.349018874615962316e-02 9.888011039306673911e-02
-9.836042076680798774e-01 9.743848793442645706e-02 1.517514537877692471e-01
-9.892357730813929884e-01 7.906265123133020267e-02 1.231327837593700486e-01
-9.752783186000468785e-01 -1.193960535132485845e-01 -1.859483360348433700e-01
-9.938423725838992917e-01 -5.986719843448324446e-02 -9.323763729531206468e-02
