-9.870933935798804626e-01 8.652706926164099865e-02 1.347579260598293915e-01
-9.686050813948100524e-01 1.343215833776735257e-01 2.091934715402662404e-01
-9.368392738758563043e-01 1.889762251201253795e-01 2.943130327782070288e-01
-9.774120393686673847e-01 1.141889078142294123e-01 1.778386870997873959e-01
-9.447940173987829926e-01 1.770380828798823469e-01 2.757204778352235208e-01
-9.199083298067309844e-01 2.118706224981278807e-01 3.299689441060270623e-01
-8.958792840501587085e-01 2.400549880044330342e-01 3.738634926600438724e-01
-8.919038683566401504e-01 2.443382335604378230e-01 3.805342523755594897e-01
-9.389629446388140233e-01 1.858738790705846411e-01 2.894814150760996463e-01
-9.849973398744747977e-01 9.323971146835011159e-02 1.452122468854027404e-01
-9.980370302460191967e-01 3.383727581305089743e-02 5.269843473252393967e-02
-9.978228327153700894e-01 3.563372360205374623e-02 5.549623639605620606e-02
-9.931418437006285238e-01 6.316981625851478266e-02 9.838115980604175692e-02
-9.790465051393658635e-01 1.100254252502699953e-01 1.713544471932109958e-01
-9.696924156710486908e-01 1.320114764798470119e-01 2.055956932128126524e-01
-9.396968386694297681e-01 1.847880106573399350e-01 2.877902752213535864e-01
-6.622259594439046104e-01 4.048507850740797331e-01 6.305177400069733595e-01
-5.378534277894182480e-01 4.554955742602682656e-01 7.093923258990623149e-01
-8.280869338270273605e-01 3.028933136558316086e-01 4.717283864339122945e-01
-8.856438443612866251e-01 2.508975545674093088e-01 3.907497895803080379e-01
-9.238939880904012414e-01 -2.067458839850906116e-01 -3.219876367589863397e-01
-9.530403787994708997e-01 -1.636269083497365884e-01 -2.548338110252794664e-01
-9.998670129178809374e-01 8.811343013829540938e-03 1.372285367432213299e-02
-8.932953985652166695e-01 2.428497074720691873e-01 3.782160103471838286e-01
-8.398350906643661240e-01 2.932985770586301055e-01 4.567854695414015342e-01
-9.924903809751599582e-01 -6.609123849656790839e-02 -1.029310053665643127e-01
-9.891748710414520751e-01 -7.928478311052188088e-02 -1.234787336639152910e-01
-9.999817352579987162e-01 3.265552022274494006e-03 5.085795944752733236e-03
-9.966115936337501813e-01 4.444074796857674231e-02 6.921236417570307553e-02
-9.961243602655999174e-01 4.752283253110990008e-02 7.401242648143181724e-02
-9.966416911462480099e-01 4.424326875970319151e-02 6.890480853034466890e-02
-9.774779521287816353e-01 -1.140240820482890521e-01 -1.775819861786896992e-01
-9.792428943854415424e-01 -1.095140312444652930e-01 -1.705579982182285625e-01
-9.999584559322790556e-01 -4.924949900528690326e-03 -7.670155018621773076e-03
-9.855405107925524488e-01 9.154880355265990199e-02 1.425788138358266566e-01
-9.966410421130192931e-01 -4.424753663116429842e-02 -6.891145534632601988e-02
-7.609066122586625180e-01 -3.505813151932559157e-01 -5.459980484016517810e-01
-7.088872164148952715e-01 -3.810870228212980826e-01 -5.935078731076285363e-01
-9.030982396874120965e-01 -2.320241861538737405e-01 -3.613562598228099443e-01
-2.629229988540748297e-01 -5.212927527315942555e-01 -8.118653599108026642e-01
-8.851911967733643305e-01 -2.513634436185165910e-01 -3.914753687873347432e-01
-8.948129061940995888e-01 -2.412132811087165096e-01 -3.756674272880694554e-01
-9.964643757790871970e-01 -4.539423000178981205e-02 -7.069732445954876598e-02
-9.199401551431743984e-01 2.118302793934986050e-01 3.299061134432408338e-01
-8.914945935902743868e-01 2.447738743987648569e-01 3.812127227823451925e-01
-9.986454736017852385e-01 -2.811243341809366997e-02 -4.378252096418568801e-02
-8.889696444652576135e-01 -2.474401530944030925e-01 -3.853652058190148999e-01
-8.834426462363873522e-01 -2.531528729244881815e-01 -3.942622398111786941e-01
-8.835438383397357098e-01 -2.530497562030542547e-01 -3.941016450326764176e-01
-8.689487553019387134e-01 -2.673967305655157167e-01 -4.164457337301997186e-01
-8.864284645580222666e-01 -2.500873589001252895e-01 -3.894879845895980464e-01
-9.971203968669326567e-01 4.097370754734405013e-02 6.381276864198448528e-02
-5.034834096573843620e-01 4.668238363043887840e-01 7.270350487134906725e-01
-9.643768678003827866e-01 1.429273290566132892e-01 2.225961263370625776e-01
-9.998800596503469862e-01 -8.367995758005159976e-03 -1.303238123339668826e-02
-8.726178641644217748e-01 2.638855838889859196e-01 4.109774467737758452e-01
-9.542315071933658022e-01 1.615876377209797821e-01 2.516578351953916992e-01
-9.620174158595419245e-01 1.474960888618442878e-01 2.297115481498221423e-01
-9.763290634311235783e-01 1.168622302942704250e-01 1.820021401806968808e-01
-9.878606517902146500e-01 8.393198110044255977e-02 1.307163157114185070e-01
-9.992472167768097213e-01 2.096066402920181843e-02 3.264430007297505071e-02
-9.999897736511779156e-01 2.443492496654693733e-03 3.805514089426312134e-03
-9.965519840679260000e-01 -4.482928003865372518e-02 -6.981746702291712070e-02
-9.622702194525536434e-01 -1.470138892460941538e-01 -2.289605667434272684e-01
-7.873024996467301584e-01 -3.331325317578612832e-01 -5.188231782935376346e-01
-9.729463518910949071e-01 -1.248266678332714125e-01 -1.944060167264684835e-01
-9.999771775638539584e-01 3.650314984718341146e-03 5.685028754623885038e-03
-9.679355763737790275e-01 1.357231649024792930e-01 2.113763054337323422e-01
-8.127787170394445981e-01 3.147652833427446173e-01 4.902178837311793602e-01
-9.434706233718359591e-01 1.790865249604786658e-01 2.789107373550523961e-01
-9.558808563950678128e-01 1.587163092189458891e-01 2.471860060063023889e-01
-8.864883267175476256e-01 2.500254081693588093e-01 3.893915020429541962e-01
-8.319340413553274471e-01 2.997999913330565147e-01 4.669108223535748947e-01
-8.499471927400636950e-01 2.846679338245134971e-01 4.433440390998478198e-01
-8.381700800393426798e-01 2.946857104467053290e-01 4.589458017951165703e-01
-7.242286781063066448e-01 3.725707907310739642e-01 5.802446274653595415e-01
-9.010235982783096897e-01 2.343669701074283795e-01 3.650049296492735018e-01
-9.584914201728289562e-01 1.540517353918902654e-01 2.399213626958228152e-01
-9.982869597877794821e-01 3.161182194206592355e-02 4.923249568298879164e-02
-9.915730328075013089e-01 -6.999557589413843428e-02 -1.090116505891996351e-01
-9.934251722952421870e-01 6.185559350133534862e-02 9.633437913209323689e-02
-9.695877602081379720e-01 1.322356920461738861e-01 2.059448882677979986e-01
-9.671168509423629933e-01 1.374164107857336892e-01 2.140133796520528320e-01
-9.485607609548614150e-01 1.710570842583410966e-01 2.664056243808848867e-01
-8.913610914953814524e-01 2.449157661001810926e-01 3.814337060141952396e-01
-8.408539439405033900e-01 2.924451527548068142e-01 4.554563399382189348e-01
-8.755873424042988074e-01 2.609983436350036268e-01 4.064808364992892331e-01
-9.168060023239017475e-01 2.157604792918726144e-01 3.360270371244064025e-01
-9.394787953814519588e-01 1.851113809501815088e-01 2.882938946133489777e-01
-9.463306321554900702e-01 1.746257843662096521e-01 2.719635454958561627e-01
-9.405360706677190485e-01 1.835373609367568770e-01 2.858425036856800383e-01
-9.533518142479746604e-01 1.630964225187454542e-01 2.540076282942739239e-01
-9.557234926205023795e-01 1.589927148366971632e-01 2.476164822505262375e-01
-9.863837013876494142e-01 8.885828483424587643e-02 1.383885792004400650e-01
-9.981835817513685649e-01 3.255085813426829983e-02 5.069495790245529682e-02
-9.953107611755792616e-01 5.226287171286910643e-02 8.139460011827051589e-02
-9.889597893004565821e-01 8.006422487680737998e-02 1.246926422916469906e-01
-9.983498681045868128e-01 -3.102643759868590340e-02 -4.832081358471671667e-02
-9.663261618053071711e-01 -1.390307642644711683e-01 -2.165275862301620780e-01
-9.696954904184316160e-01 -1.320048829659275780e-01 -2.055854244233019101e-01
-8.856209745053735816e-01 -2.509211199094740219e-01 -3.907864904260737737e-01
-8.541758155174035139e-01 -2.809487183515255726e-01 -4.375517041925602868e-01
-8.326340265812681718e-01 -2.992321670813440915e-01 -4.660264884777116090e-01
-8.600911797437011952e-01 -2.756299999169327664e-01 -4.292682910172611055e-01
-8.341963253492215014e-01 -2.979592045872199169e-01 -4.640439668561666675e-01
-8.729835313614746628e-01 -2.635322788018613638e-01 -4.104272067019281711e-01
-9.047371008615471277e-01 -2.301527872260359098e-01 -3.584417286766843902e-01
-8.632603086167381923e-01 -2.727224470508983756e-01 -4.247400457238565963e-01
-9.509799519843311622e-01 -1.670898582102785801e-01 -2.602270358881801915e-01
-9.958499715577692202e-01 4.917295455783054353e-02 7.658233927246976824e-02
-9.374803985699776687e-01 1.880457749549048208e-01 2.928639425034860744e-01
-8.835551397039138610e-01 2.530382365511982257e-01 3.940837042378904642e-01
-8.061644130310381406e-01 3.196923311180697169e-01 4.978913059962145615e-01
-6.835751281914064226e-01 3.943559320328003381e-01 6.141729748113667897e-01
-3.983165611872462319e-01 4.955912163977953533e-01 7.718375886890456172e-01
-3.872367349711881013e-01 4.981480930431673171e-01 7.758196881275376544e-01
-4.059537603116452065e-01 4.937788289662281560e-01 7.690149625030554548e-01
-4.326561442028034610e-01 4.871144156862683428e-01 7.586357537805532569e-01
-4.479338011440690548e-01 4.830663134318431973e-01 7.523312080593186346e-01
-5.084580341692043204e-01 4.652471680172119983e-01 7.245795333438229680e-01
-6.668591168247148815e-01 4.026245336016773813e-01 6.270505587668294689e-01
-7.903575461509231292e-01 3.310139706036058227e-01 5.155237147867464120e-01
-8.276825443299553609e-01 3.032158083411567451e-01 4.722306421479978145e-01
-8.729776135544344839e-01 2.635380014953868644e-01 4.104361192690306193e-01
-8.773999798574476650e-01 2.592152190174235593e-01 4.037037844458477021e-01
-8.622847206260368935e-01 2.736219444158043412e-01 4.261409298682679037e-01
-8.540307098242898576e-01 2.810774667751914091e-01 4.377522179821146664e-01
-8.315529046563370219e-01 3.001085152150533286e-01 4.673913198306371974e-01
-9.381351987889429145e-01 1.870900393505164627e-01 2.913754724904839555e-01
-9.990518283184226522e-01 2.352297993804137316e-02 3.663487066240792706e-02
-9.998163284693852848e-01 1.035506426705731266e-02 1.612705707881300840e-02
-9.999999099653041901e-01 2.292750304178397993e-04 3.570747034432313212e-04
-9.970043711183417257e-01 4.178980390654494365e-02 6.508376341586670499e-02
-9.987970802807214499e-01 2.649350979182495819e-02 4.126119680300847914e-02
-9.724249572362593241e-01 1.260071424356750125e-01 1.962444969910107917e-01
-9.776420253995709020e-01 1.136127027355227637e-01 1.769413008592242709e-01
-9.899478837388371311e-01 7.641637353971050817e-02 1.190114504408596036e-01
-9.959958712355053700e-01 4.830261663067431099e-02 7.522686826165651819e-02
-9.907825311579253613e-01 7.319047584566944209e-02 1.139874124532136157e-01
-9.879538533136005274e-01 8.361112058915562417e-02 1.302166050726034918e-01
-9.878189752075413610e-01 8.407505315018402869e-02 1.309391372268680631e-01
-9.821836003754960132e-01 1.015356920049629852e-01 1.581324710567103553e-01
-9.921838604118118354e-01 6.742138707198633285e-02 1.050025890328596806e-01
-9.748746946671519309e-01 1.203544818699536362e-01 1.874409997611041490e-01
-9.991080654416201190e-01 2.281505143785251752e-02 3.553233734771044094e-02
-9.994243406940379604e-01 -1.833040553737906239e-02 -2.854791517997113878e-02
-9.875937048861556100e-01 -8.484410663645687578e-02 -1.321368670670621803e-01
-9.843700504784828054e-01 -9.515397613578666092e-02 -1.481935374655023729e-01
-9.195062621745750953e-01 -2.123795200770752234e-01 -3.307615051265377915e-01
-9.203735734105662480e-01 -2.112799544599927581e-01 -3.290490331407286417e-01
-8.943142461422401990e-01 -2.417525470881108918e-01 -3.765072842900218375e-01
-8.375752335848358765e-01 -2.951790365449367681e-01 -4.597141116712761821e-01
-8.373428045398407793e-01 -2.953714788484259057e-01 -4.600138228012804475e-01
-7.812637408131473116e-01 -3.372572737682522082e-01 -5.252470833627290725e-01
-7.677648075933755090e-01 -3.461888524087485819e-01 -5.391571929308008881e-01
-7.460998225217767565e-01 -3.597517020347350547e-01 -5.602800797066449512e-01
-7.511640150844323127e-01 -3.566619878090300788e-01 -5.554681349045559324e-01
-7.373391571916348974e-01 -3.649864920947202274e-01 -5.684327821830126304e-01
-6.888400624421145979e-01 -3.916723558141885775e-01 -6.099935524788007157e-01
-6.387770996994086570e-01 -4.157041899875839053e-01 -6.474209166580722208e-01
-6.540654001732235656e-01 -4.087051972363389130e-01 -6.365206312824794876e-01
-6.790073607257525179e-01 -3.966529219431138009e-01 -6.177503246411433224e-01
-6.528737049182512520e-01 -4.092610487879200787e-01 -6.373863187826734888e-01
-6.506607250404872200e-01 -4.102885878756088456e-01 -6.389866160952247798e-01
-7.207359251455933702e-01 -3.745428141810241973e-01 -5.833158720195126268e-01
-7.709864764255113245e-01 -3.440923424790584551e-01 -5.358920721714857116e-01
-8.419148024635955130e-01 -2.915527842450068019e-01 -4.540665583278176709e-01
-8.908427964690021073e-01 -2.454656538733758775e-01 -3.822901054798620302e-01
-9.045597566374461440e-01 -2.303561925969050128e-01 -3.587585137725122775e-01
-9.246958341630590050e-01 -2.056967240885897719e-01 -3.203536670317777557e-01
-9.848860906247217661e-01 -9.358215073892386937e-02 -1.457455644506194803e-01
-9.822363699145153504e-01 -1.013865631777018939e-01 -1.579002166691651499e-01
-9.988448082589644894e-01 -2.596291173440735955e-02 -4.043483928969942437e-02
-9.990625014811558291e-01 -2.339027363399238599e-02 -3.642819283937162589e-02
-9.970343692455932993e-01 -4.158034888381018090e-02 -6.475755654549181228e-02
-9.937424520266665562e-01 -6.034946758491579327e-02 -9.398872699555847754e-02
-9.971399773658963239e-01 -4.083436520879586695e-02 -6.359575580755806590e-02
-9.976360648930858721e-01 -3.712895971342184548e-02 -5.782492866608383159e-02
-9.986934863355906300e-01 -2.761003121729935922e-02 -4.300007589578500738e-02
-9.977776019890784998e-01 -3.600155924806933139e-02 -5.606910647256430069e-02
-9.910256972490197880e-01 -7.222301458559801657e-02 -1.124806808134740099e-01
-9.816812000745297473e-01 -1.029442811571757155e-01 -1.603262186832315195e-01
-9.789574900269955027e-01 -1.102564041378965021e-01 -1.717141754970327172e-01
-9.533363359310490504e-01 -1.631228324610679570e-01 -2.540487593424546331e-01
-9.199393413497662930e-01 -2.118313111045843911e-01 -3.299077202380554796e-01
-9.151803706963497209e-01 -2.177658861979608895e-01 -3.391502733310245987e-01
-8.334116053248284972e-01 -2.985995718028190415e-01 -4.650412797043564361e-01
-7.934303700334077725e-01 -3.288609573211014880e-01 -5.121705952692894304e-01
-7.920337157996460986e-01 -3.298423190770372049e-01 -5.136989756486647352e-01
-6.748625034997454142e-01 -3.987125717868060248e-01 -6.209580392177938002e-01
-5.863740016120471132e-01 -4.376667228471546323e-01 -6.816255349865546487e-01
-6.086045839573627214e-01 -4.287156519814687705e-01 -6.676850680764020440e-01
-7.422631337627884074e-01 -3.620611832466463786e-01 -5.638768835860210604e-01
-8.430873452882079455e-01 -2.905619655087529063e-01 -4.525234495742429530e-01
-9.414372939466596479e-01 -1.821835133771836090e-01 -2.837340110383954062e-01
-8.892432876401363817e-01 -2.471529467867233376e-01 -3.849179084968649134e-01
-9.576875345172435328e-01 -1.555043973877581476e-01 -2.421837497095000735e-01
-9.733751619279633616e-01 -1.238468991738660013e-01 -1.928801174479357061e-01
-9.820966034631356534e-01 -1.017810542688079856e-01 -1.585146001417613304e-01
-9.786119440891809518e-01 -1.111482910329314594e-01 -1.731032070368786480e-01
-9.857805736152982501e-01 -9.079114402004080653e-02 -1.413988290270672687e-01
-9.995210312833627819e-01 -1.672065875572272334e-02 -2.604088310748119486e-02
-9.999432328545637683e-01 5.756972877057260976e-03 8.965954029357733196e-03
-9.895249403957718792e-01 7.799913138054503925e-02 1.214764497284334249e-01
-9.877825699090007072e-01 8.419982548730300942e-02 1.311334586285204107e-01
-9.805950008189356915e-01 1.059232931823271273e-01 1.649657550230421987e-01
-9.825723645804502748e-01 1.004316454455593532e-01 1.564130204167164528e-01
-9.791001168421998857e-01 1.098860676932219560e-01 1.711374106573753384e-01
-9.744505420994837852e-01 1.213530778514076702e-01 1.889962208564300306e-01
-9.739470887144970890e-01 1.225272552606750109e-01 1.908248938237382120e-01
-9.811250297653290042e-01 1.044806585139984867e-01 1.627189846467322065e-01
-9.657717621441104239e-01 1.401508182798414104e-01 2.182719670057304551e-01
-9.770239685116138828e-01 1.151543364478525427e-01 1.793422531113950946e-01
-9.789204303932168560e-01 1.103524187864636935e-01 1.718637094523912945e-01
-9.512340896573621141e-01 1.666670223165374054e-01 2.595685080010063372e-01
-9.858506174214969331e-01 9.056885010909772327e-02 1.410526267730207450e-01
-9.905218161462870929e-01 7.421349014420294821e-02 1.155806628241821260e-01
-9.750358562915922844e-01 1.199727600681761708e-01 1.868465032783467317e-01
-9.817249415777231647e-01 1.028224376592194872e-01 1.601364586783155519e-01
-9.755023573349156374e-01 1.188605525610206409e-01 1.851143427152835141e-01
-9.703348173285559763e-01 1.306262172097464591e-01 2.034382797249082442e-01
-9.837756729445502613e-01 9.693183788522687083e-02 1.509623930874490205e-01
-9.966882798598265536e-01 4.393582340597768088e-02 6.842599076154327886e-02
-9.822328375383916343e-01 1.013965529138098065e-01 1.579157747613468832e-01
-9.727680554570374838e-01 1.252316669343993827e-01 1.950367654550434759e-01
-9.899394874670403022e-01 7.644811990394555223e-02 1.190608924737489860e-01
-9.783504841879927527e-01 1.118182089694315928e-01 1.741465424060688327e-01
-9.906964610054327380e-01 7.352980840054486322e-02 1.145158915954034712e-01
-9.935917430072312984e-01 6.106957451284385913e-02 9.511022708769115153e-02
-9.987031778760463441e-01 2.750750357032799576e-02 4.284039854640112055e-02
-9.995467518827997333e-01 1.626561943035434443e-02 2.533220134713072558e-02
-9.968153619768463924e-01 4.308596393752701231e-02 6.710241306050709897e-02
-9.999889045663474807e-01 2.545204922829777568e-03 3.963921807644779638e-03
-9.993896267316697557e-01 -1.887484052224799522e-02 -2.939582243097839387e-02
-9.999969332864530047e-01 1.338098524150535713e-03 2.083964977861368483e-03
-9.963639205530020471e-01 -4.603343246848514564e-02 -7.169282331879854586e-02
-9.959224222995958220e-01 -4.874272131768338928e-02 -7.591229070086127906e-02
-9.633602571415039728e-01 1.449148952901334331e-01 2.256915773424100768e-01
-8.481305761380211194e-01 2.862452705290640664e-01 4.458005954678966321e-01
-8.576172568028469501e-01 2.778712517164269591e-01 4.327588338826900971e-01
-8.677583017013066335e-01 2.685229240205233014e-01 4.181996761164842868e-01
-8.722441050919391703e-01 2.642460664561709360e-01 4.115388651085132299e-01
-8.844546179102289463e-01 2.521192224510401814e-01 3.926524245792376022e-01
-8.889845595593908190e-01 2.474245096001056188e-01 3.853408425201554355e-01
-9.063745103892926203e-01 2.282642942313841961e-01 3.555005750988571855e-01
-9.054048177566351718e-01 2.293849707414968853e-01 3.572459253525459011e-01
-9.140539110353576024e-01 2.191426773327311561e-01 3.412944984795522330e-01
-9.831064680166530234e-01 9.889402786738943352e-02 1.540183229229094564e-01
-9.261007532699101485e-01 -2.038432464266058397e-01 -3.174670466035287020e-01
-7.923073062252836696e-01 -3.296504463851784861e-01 -5.134001516362136641e-01
-8.040255574669924465e-01 -3.212609082177308450e-01 -5.003342200879434820e-01
-8.216746888072786748e-01 -3.079489504899546870e-01 -4.796020742924254621e-01
-8.188814087525860819e-01 -3.101133973129808763e-01 -4.829730004942112132e-01
-8.099184787057369661e-01 -3.169102438431850577e-01 -4.935584617836449861e-01
-7.287578239488813336e-01 -3.699836310240299797e-01 -5.762153649526933208e-01
-7.126087376364970138e-01 -3.790553919493385160e-01 -5.903437954939914079e-01
-6.817514939998950974e-01 -3.952764303259972412e-01 -6.156065659637233178e-01
-6.790101648118076483e-01 -3.966515206452243536e-01 -6.177481422489857765e-01
-7.432292197693471936e-01 -3.614821609316753448e-01 -5.629751097599375864e-01
-7.916152409653458566e-01 -3.301354573975903706e-01 -5.141555115334865977e-01
-8.302356576854161840e-01 -3.011712869621385180e-01 -4.690464887590927723e-01
-7.283441262244885195e-01 -3.702213668866485285e-01 -5.765856166215629353e-01
-6.917188587732705507e-01 -3.901884371624290138e-01 -6.076824861077907425e-01
-6.865880942381807905e-01 -3.928249657043951237e-01 -6.117886360253219635e-01
-6.618940850632765160e-01 -4.050091885819360749e-01 -6.307644388537212432e-01
-6.351028123319611973e-01 -4.173444205751138392e-01 -6.499754244453064267e-01
-6.675711218507762723e-01 -4.022799391859477325e-01 -6.265138847618991758e-01
-6.845200971019930192e-01 -3.938771334672777624e-01 -6.134272902268681493e-01
-6.699458618568513435e-01 -4.011258109126491500e-01 -6.247164364738213571e-01
-6.873559741625249186e-01 -3.924327510683253695e-01 -6.111777979213840473e-01
-6.350355000767282654e-01 -4.173743210878019250e-01 -6.500219917347381804e-01
-6.049421354211974577e-01 -4.302262117131760433e-01 -6.700376254711156720e-01
-6.082600175631257544e-01 -4.288583826154296896e-01 -6.679073578682778178e-01
-6.014754070493156801e-01 -4.316428201507334639e-01 -6.722438623945788949e-01
-6.396484089266273321e-01 -4.153128885588311947e-01 -6.468115007902641711e-01
-6.543501168784441324e-01 -4.085721325468216758e-01 -6.363133953071465898e-01
-7.232259337843143232e-01 -3.731389877747943729e-01 -5.811295419303758036e-01
-7.635520795119458137e-01 -3.488981889198649045e-01 -5.433767345419027173e-01
-8.288387311605976970e-01 -3.022924322602796865e-01 -4.707925691068782781e-01
-8.335811572331700559e-01 -2.984613771078392652e-01 -4.648260542188885625e-01
-8.771945906324681852e-01 -2.594180655993290618e-01 -4.040196992794271580e-01
-9.028024091256190431e-01 -2.323600266688766736e-01 -3.618793004351275600e-01
-9.289352718519721108e-01 -2.000426954538773172e-01 -3.115480391606565980e-01
-9.149569361056281158e-01 -2.180398005774862591e-01 -3.395768697015915105e-01
-8.578127729622083697e-01 -2.776950161985815013e-01 -4.324843633258390052e-01
-8.708925787742329838e-01 -2.655442186191601661e-01 -4.135606173149301568e-01
-8.616949156963533696e-01 -2.741638247950930474e-01 -4.269848585568111199e-01
-8.525600598628257920e-01 -2.823777947669638411e-01 -4.397773588410860968e-01
-8.142682908864200542e-01 -3.136393922755567054e-01 -4.884644122860209992e-01
-8.446067787037987440e-01 -2.892709061178329044e-01 -4.505127437058359385e-01
-8.276743701048074886e-01 -3.032223220056431967e-01 -4.722407865793848414e-01
-7.465663851706442200e-01 -3.594690291742653199e-01 -5.598398428101991620e-01
-4.833709965886418547e-01 -4.729890694126158701e-01 -7.366368303805416184e-01
1.312711208049369971e-01 -5.356268025295505275e-01 -8.341893197917278346e-01
3.567367647403102970e-01 -5.047530863475981899e-01 -7.861063557211521724e-01
8.350837064263731957e-01 -2.972326704757107252e-01 -4.629124570186769483e-01
4.686496783148973999e-01 4.772944695252814840e-01 7.433420937737370560e-01
-1.727435130262166274e-01 5.321798556257559820e-01 8.288210180572829211e-01
-9.107334808333927834e-01 -2.231419263574603851e-01 -3.475229598034840772e-01
-8.531250220213016933e-01 -2.818792377053213616e-01 -4.390009022221028068e-01
-9.238416280447585560e-01 -2.068141767817910925e-01 -3.220939964881059381e-01
-9.906796031721361029e-01 -7.359608392898650542e-02 -1.146191096153540839e-01
-9.571005926680751230e-01 1.565557566024158576e-01 2.438211446717951369e-01
-9.682356587078080334e-01 1.350968726478513349e-01 2.104009130384832116e-01
-9.868958451400406950e-01 -8.718241201805175533e-02 -1.357785619309601621e-01
-8.993126700896589831e-01 -2.362775537024264516e-01 -3.679804872987224029e-01
-8.272951883758945524e-01 -3.035242502368008521e-01 -4.727110119388811538e-01
-8.129511987209249169e-01 -3.146352250863543309e-01 -4.900153299980221089e-01
-8.654460493176461267e-01 -2.706926068689246012e-01 -4.215787569446357574e-01
-9.128080035264439784e-01 -2.206535007799939330e-01 -3.436474665869090339e-01
-9.439124413730519692e-01 -1.784055821407604103e-01 -2.778502317475748939e-01
-9.703079810752655021e-01 -1.306843985974864564e-01 -2.035288918676056436e-01
-9.943343224816476589e-01 -5.743302993578212889e-02 -8.944664447232331117e-02
-9.990602881663523949e-01 -2.341785512401678773e-02 -3.647114846499312918e-02
-9.977087393235657409e-01 -3.655444180979597335e-02 -5.693017004502436834e-02
-9.990187831382699724e-01 -2.392917687204829807e-02 -3.726748490516144235e-02
-9.942250124494887986e-01 -5.798283244451516577e-02 -9.030291114645878914e-02
-9.995715355210720299e-01 -1.581476364158164102e-02 -2.463003505899073395e-02
-9.955174984965363683e-01 -5.110046041670073674e-02 -7.958425178639179365e-02
-9.967441822777429739e-01 4.356403279203084622e-02 6.784696118742830628e-02
-9.919458176396279692e-01 6.843626681476573659e-02 1.065831705838600901e-01
-9.947590293509712689e-01 5.524435464207252261e-02 8.603798466313862525e-02
-9.969023128573515358e-01 4.249462563377483237e-02 6.618145821835914877e-02
-9.883781331889173183e-01 8.213424270774796754e-02 1.279165040517272478e-01
-9.913359481760277703e-01 7.096915079875353027e-02 1.105279036661773601e-01
-9.934861690053974348e-01 6.156894013395761145e-02 9.588794296344080315e-02
-9.977841192996753650e-01 3.594879080089526807e-02 5.598692448531737698e-02
-9.971694873308725171e-01 4.062345280870260922e-02 6.326727920642731540e-02
-9.992878968777811899e-01 -2.038665316602197852e-02 -3.175033112062294188e-02
-9.985436243741964146e-01 -2.914944821560219723e-02 -4.539757582040691852e-02
-9.877253701527682894e-01 -8.439548506367716696e-02 -1.314381803641682389e-01
-9.999886215309379267e-01 2.577463357947159216e-03 4.014161343681868152e-03
-8.881565571604480569e-01 2.482910615246787800e-01 3.866904171813002611e-01
-8.733083947237718636e-01 2.632178758961552512e-01 4.099375531879275170e-01
-9.877246984058848378e-01 8.439778010360075855e-02 1.314417546770736134e-01
-9.839254293759659431e-01 -9.648708446736223299e-02 -1.502697306788999543e-01
-9.395433032540099205e-01 -1.850157788805082693e-01 -2.881450032115468463e-01
-9.404964593343529966e-01 -1.835966077288770926e-01 -2.859347750973890712e-01
-9.477744330862301059e-01 -1.723247800859276646e-01 -2.683799436552809503e-01
-9.840087252071932911e-01 -9.623878976854993716e-02 -1.498830345969788258e-01
-9.926205402676764322e-01 -6.551811681521450825e-02 -1.020384212328573070e-01
-9.924339373969753852e-01 -6.633821040653913037e-02 -1.033156413269262497e-01
-9.687325664552522975e-01 -1.340529271025649449e-01 -2.087750641821351227e-01
-9.296990393366314498e-01 -1.990041994688018789e-01 -3.099306774914770135e-01
-9.258706686142678111e-01 -2.041481374146391359e-01 -3.179418861834694132e-01
-9.916282493882080384e-01 -6.976684779403591330e-02 -1.086554276792543322e-01
-9.993197363383882204e-01 -1.992583747959905324e-02 -3.103265321094574383e-02
-9.922034604744968123e-01 6.733713097847522644e-02 1.048713679419762262e-01
-9.996714974421853084e-01 1.384795127943585537e-02 2.156690629323813543e-02
-9.650963358671024173e-01 -1.415025461193065159e-01 -2.203771583845444970e-01
-8.657734992502638116e-01 -2.703867559956495414e-01 -4.211024224320047971e-01
-7.040912387268308814e-01 -3.836738099920019573e-01 -5.975365554293209369e-01
-2.779123817350612757e-01 -5.190178676761498799e-01 -8.083224363527516942e-01
-1.906116788983203136e-01 -5.303961425916464689e-01 -8.260430495993931199e-01
-1.750629027216439593e-01 -5.319585528630937921e-01 -8.284763594252253505e-01
-1.376580821904794805e-01 -5.351585248197139322e-01 -8.334600204691445802e-01
-8.149478788896044601e-02 -5.385051349748568583e-01 -8.386720569761727528e-01
-5.927555336064985747e-01 -4.351499903495882338e-01 -6.777059563539548082e-01
-3.688006933838272050e-01 -5.022155849984455411e-01 -7.821544315186595986e-01
-9.919793641088213709e-01 -6.829417124309275500e-02 -1.063618698428973330e-01
-9.982881530986877916e-01 -3.160081899633190167e-02 -4.921535961030867878e-02
-9.978968515079024160e-01 -3.502340133201187894e-02 -5.454571577816407640e-02
-9.897570304393649154e-01 -7.713469844262758890e-02 -1.201301751934746448e-01
-9.790549542444105802e-01 -1.100034749828999597e-01 -1.713202616772506459e-01
-9.736355089510754235e-01 -1.232480316613910332e-01 -1.919474365579623421e-01
-9.965215241354619113e-01 -4.502651314396489968e-02 -7.012463938468642410e-02
-9.954339691785271116e-01 5.157329995329058836e-02 8.032065573319906171e-02
-9.967030930803569833e-01 4.383761411004211822e-02 6.827303884542031132e-02
-9.944681010864805382e-01 -5.675282522365519833e-02 -8.838728839931017656e-02
-9.769836624531691438e-01 -1.152541229518916494e-01 -1.794976613836019030e-01
-9.709391718060540466e-01 -1.293086045510678794e-01 -2.013862195921791443e-01
-9.643716770014464368e-01 -1.429375530992946230e-01 -2.226120493401116396e-01
-9.633792849926011703e-01 1.448779636396151649e-01 2.256340597046086471e-01
-9.476313785173088311e-01 1.725542949081844690e-01 2.687373918123864835e-01
-9.808024330065447938e-01 1.053611488019554066e-01 1.640902670226799254e-01
-9.482643794898177880e-01 -1.715361258572218883e-01 -2.671516874674128572e-01
-7.984982902135997485e-01 -3.252604087434530777e-01 -5.065630731014645338e-01
-8.093071378068003030e-01 -3.173658463642946015e-01 -4.942680206693932377e-01
-8.302344507459070710e-01 -3.011722582454957609e-01 -4.690480014432961142e-01
-8.982123648606408217e-01 -2.374962366523529211e-01 -3.698784735388431222e-01
-9.332951234635840088e-01 -1.940281268770400469e-01 -3.021809035986235958e-01
-9.412889097118661841e-01 -1.824072015213218101e-01 -2.840823846819900411e-01
-9.326375253381927743e-01 -1.949490133491332544e-01 -3.036150993037917689e-01
-9.262457481667855097e-01 -2.036508365850961400e-01 -3.171673860300618930e-01
-9.104999323909669373e-01 -2.234199838165841778e-01 -3.479560086382214035e-01
-9.417143878133128476e-01 -1.817649647230665244e-01 -2.830821601313295854e-01
-9.234344088408708018e-01 -2.073444101060373246e-01 -3.229197859631565137e-01
-9.218332487067130154e-01 -2.094139957925892359e-01 -3.261429746982276168e-01
-9.377763149887906602e-01 -1.876145458068295135e-01 -2.921923428971772707e-01
-9.518690985622234590e-01 -1.656052738027362081e-01 -2.579149326639714745e-01
-9.999980837336009953e-01 -1.057741521889121392e-03 -1.647334816878349767e-03
-9.161415413537586927e-01 2.165828438741714823e-01 3.373077940773613337e-01
-8.393401563957935130e-01 2.937118827165299262e-01 4.574291549656583356e-01
-9.639534398853473185e-01 1.437587633434443957e-01 2.238910085179162401e-01
-7.318085981843818200e-01 -3.682215416179124290e-01 -5.734710733000732974e-01
-6.972582996858106563e-01 -3.872994804704938954e-01 -6.031832026395774760e-01
-7.109966232866463676e-01 -3.799381080413863909e-01 -5.917185443544239476e-01
-7.272284208487347357e-01 -3.708610877169698505e-01 -5.775819227843280723e-01
-7.161758508258989631e-01 -3.770877172990596549e-01 -5.872793237940394651e-01
-5.260174425831029010e-01 -4.595129442971312428e-01 -7.156490090272699112e-01
-3.843294727803538424e-01 -4.988049281348769237e-01 -7.768426481731905975e-01
-3.813318100943285383e-01 -4.994761100850766411e-01 -7.778879521270806174e-01
-2.674960516218554130e-01 -5.206131259570414560e-01 -8.108069039222318697e-01
-1.946129654142595977e-01 -5.299717861768944438e-01 -8.253821536410514970e-01
-1.017748039145884992e-01 -5.374967663839231857e-01 -8.371016159433531945e-01
1.238081040053231816e-02 -5.402608943058778701e-01 -8.414064901209398206e-01
1.609926214364451880e-01 -5.332543917992894622e-01 -8.304945089943650549e-01
3.642937329870319929e-01 -5.031749469945695497e-01 -7.836485493021634330e-01
4.020084203491797181e-01 -4.947202260479304781e-01 -7.704811015900662197e-01
2.668587185389734162e-01 -5.207085999015301780e-01 -8.109555957808819437e-01
2.890027003750036405e-01 -5.172466781411243497e-01 -8.055639720890750421e-01
3.215081910523412967e-01 -5.116159261127914970e-01 -7.967945953845331220e-01
3.190356478385272254e-01 -5.120675747325188487e-01 -7.974979964337260974e-01
2.847921702355768470e-01 -5.179280017580604190e-01 -8.066250707530809860e-01
2.465944715025599476e-01 -5.236170994728018835e-01 -8.154853154803359816e-01
1.795831995800627467e-01 -5.315184971457891372e-01 -8.277910132518163655e-01
6.171797414810075572e-02 -5.392722890631099775e-01 -8.398668286792186910e-01
6.717207032768479635e-02 -5.390819822463867039e-01 -8.395704433727994020e-01
1.018856056617901407e-01 -5.374906383171654811e-01 -8.370920720448475905e-01
9.585659068644636349e-02 -5.378142973402824101e-01 -8.375961411076040530e-01
6.880539895809346940e-02 -5.390218436089928566e-01 -8.394767829943721171e-01
4.611878639603692737e-02 -5.397274040522199723e-01 -8.405756282788648948e-01
1.320909859412863936e-02 -5.402551677615446968e-01 -8.413975715565596980e-01
-4.224570275200411479e-02 -5.398199519570229254e-01 -8.407197631007057304e-01
-9.426708140051084928e-02 -5.378963093499651293e-01 -8.377238672449985879e-01
-1.169567215529321719e-01 -5.365942178113767280e-01 -8.356959798245930937e-01
-1.603618831698492009e-01 -5.333098697214699868e-01 -8.305809107389168222e-01
-1.168658144286553041e-01 -5.365999998315700292e-01 -8.357049847875063220e-01
-1.055618025917725855e-01 -5.372834986776092725e-01 -8.367694711701203492e-01
-1.492248882115902453e-01 -5.342526939277411069e-01 -8.320492724407549945e-01
-3.678540825246905954e-01 -5.024182138803424680e-01 -7.824700073045640636e-01
-5.547559267208999056e-01 -4.495386169621121142e-01 -7.001149145874746571e-01
-5.346325658985531248e-01 -4.566011702846839437e-01 -7.111141896878351298e-01
-5.918331202994453477e-01 -4.355163562223179352e-01 -6.782765373941939124e-01
-5.643055395823798337e-01 -4.460552257635371221e-01 -6.946898542268190591e-01
-6.188657693600699838e-01 -4.244057105230790716e-01 -6.609727319562955783e-01
-6.807652564921364835e-01 -3.957723299204210510e-01 -6.163788838227322042e-01
-7.068541512066778276e-01 -3.821878721816576729e-01 -5.952223444051339962e-01
-8.567652630071236342e-01 -2.786374582275256140e-01 -4.339521298217559608e-01
-9.580284012230958490e-01 -1.548902464504252063e-01 -2.412272662955937674e-01
-9.562308934050441911e-01 -1.580995808558795235e-01 -2.462255084896490531e-01
-9.440555121504764502e-01 -1.781844509537823806e-01 -2.775058403288132025e-01
-9.563936556534003985e-01 -1.578119128112767666e-01 -2.457774920548483066e-01
-9.705476382799134161e-01 -1.301638402057797017e-01 -2.027181702072276270e-01
-9.625926789569136943e-01 -1.463963374648099836e-01 -2.279987868288809172e-01
-9.947065082184738394e-01 -5.551974271808957084e-02 -8.646687618000545306e-02
-9.508239769766612115e-01 -1.673487855708734318e-01 -2.606302913596950654e-01
-9.895522510353572665e-01 -7.789791976755379432e-02 -1.213188219805360762e-01
-9.998328261974737119e-01 -9.879109016292639614e-03 -1.538580069468204782e-02
-9.997247412968498503e-01 -1.267629859610297158e-02 -1.974216535360285782e-02
-9.999997862541210036e-01 -3.532650482190573412e-04 -5.501777149469462645e-04
-9.991105981576922090e-01 2.278265030418123727e-02 3.548187557184321467e-02
-9.999391109136488431e-01 5.962315269565521096e-03 9.285755857649216974e-03
-9.999265835767076060e-01 -6.546971629140318355e-03 -1.019630418831961836e-02
-9.990464603696310730e-01 -2.358944041256288982e-02 -3.673837671881196448e-02
-9.976346745205347810e-01 -3.713986407176544935e-02 -5.784191119800057707e-02
-9.964405425135620664e-01 -4.554669999510881778e-02 -7.093478240492186171e-02
-9.839927170689657387e-01 -9.628655940766638055e-02 -1.499574314019427590e-01
-9.679916215728299189e-01 -1.356064291427226398e-01 -2.111945002597438448e-01
-9.037958766134657207e-01 -2.312298275300415096e-01 -3.601191195659073641e-01
-6.474023258278233106e-01 -4.117905538454827430e-01 -6.413257894988750873e-01
-6.013948331824877647e-01 -4.316755931074841013e-01 -6.722949032505821654e-01
-6.579993596923259247e-01 -4.068576252034027951e-01 -6.336432083265285398e-01
-6.384933299065786994e-01 -4.158314353030099775e-01 -6.476190894952429389e-01
-5.803706829380298471e-01 -4.399964924471068128e-01 -6.852539361581865274e-01
-7.149001160512025166e-01 -3.777937388653654915e-01 -5.883788872351770616e-01
-8.042144986587259625e-01 -3.211228199964398788e-01 -5.001191604254210388e-01
-8.774009409568929163e-01 -2.592142693312265989e-01 -4.037023053972285669e-01
-9.352559666013021689e-01 -1.912519642491765093e-01 -2.978572864770906437e-01
-9.454667427270344593e-01 -1.759865371942204160e-01 -2.740827924615460987e-01
-9.565863500213735993e-01 -1.574705995113888368e-01 -2.452459280850754209e-01
-9.573827256985381062e-01 -1.560513505201248652e-01 -2.430355787428722381e-01
-9.512664120199666451e-01 -1.666131591314481963e-01 -2.594846210604738190e-01
-9.682399719254932702e-01 -1.350878480830083328e-01 -2.103868581114850811e-01
-9.697218313218206598e-01 -1.319483829542371089e-01 -2.054974308686520756e-01
-9.683928849758468571e-01 -1.347674908935952987e-01 -2.098879313500444932e-01
-9.745236345622976248e-01 -1.211816116770775970e-01 -1.887291781120113421e-01
-9.314793955620167543e-01 -1.965587825132367183e-01 -3.061221662348777572e-01
-9.662058866859601913e-01 -1.392745759986303289e-01 -2.169073005083030914e-01
-9.795012397528404247e-01 -1.088374876103620909e-01 -1.695043439364101179e-01
-9.865971566389531988e-01 -8.816377890507970383e-02 -1.373069503015380277e-01
-9.898439003797457891e-01 -7.680859149523877605e-02 -1.196222937145476756e-01
-9.842451691968622240e-01 -9.553034772798249530e-02 -1.487797014905287984e-01
-9.758564210743289058e-01 -1.180090560400929717e-01 -1.837882154560740167e-01
-9.820351259813583367e-01 -1.019540735116728214e-01 -1.587840616471129784e-01
-9.734503790779376331e-01 -1.236741940046682114e-01 -1.926111450833392358e-01
-9.755355141056365476e-01 -1.187810851560944236e-01 -1.849905795649931795e-01
-9.915800118259542328e-01 -6.996670812665431449e-02 -1.089666917051263367e-01
-9.941830030414428032e-01 -5.819273171007587758e-02 -9.062980988404242821e-02
-9.947196216973189786e-01 -5.545111327989541566e-02 -8.635999216282314039e-02
-9.917600155721749688e-01 -6.921791629072203411e-02 -1.078005175156868806e-01
-9.891221532081857504e-01 -7.947655191010424836e-02 -1.237773958737326679e-01
-9.929810974007196034e-01 -6.390326067853081826e-02 -9.952343181137976447e-02
-9.891003867452435871e-01 -7.955559278410379020e-02 -1.239004947414630436e-01
-9.928459988995317342e-01 -6.451314168223018508e-02 -1.004732651976614349e-01
-9.911407185809231191e-01 -7.176076281351004282e-02 -1.117607663328887835e-01
-9.841287191886270991e-01 -9.587993490668939023e-02 -1.493241512630872625e-01
-9.841386803446937614e-01 -9.585008263580893639e-02 -1.492776591058195546e-01
-9.882144397720286078e-01 -8.270724385683864144e-02 -1.288089004675571914e-01
-9.809533357902222583e-01 -1.049502327988463962e-01 -1.634503032652536436e-01
-9.736907862474465380e-01 -1.231204835719966750e-01 -1.917487921782745908e-01
-9.684829710139400971e-01 -1.345783773654267157e-01 -2.095934044804379781e-01
-9.736776478861847162e-01 -1.231508119491632469e-01 -1.917960258271500518e-01
-9.891542153716484931e-01 -7.935997755009652210e-02 -1.235958420649599376e-01
-9.926642142157879878e-01 -6.532466663933741979e-02 -1.017371404346104763e-01
-9.933336759080830802e-01 -6.228307336919383652e-02 -9.700013958043049445e-02
-9.989311087757334340e-01 -2.497482709150018396e-02 -3.889598863422290970e-02
-9.999645481150751802e-01 4.549541543916484597e-03 7.085491144133922864e-03
-9.999998865539442283e-01 2.573632351212945947e-04 4.008194904200799383e-04
-9.932669394454692879e-01 6.259300659291146263e-02 9.748283197717552695e-02
-9.956641802866397217e-01 5.025926810953269819e-02 7.827417238928800758e-02
-9.937226181245648604e-01 6.044473299206947620e-02 9.413709407655201922e-02
-9.917709212544617570e-01 6.917228527669491700e-02 1.077294514219572091e-01
-9.922131890934945408e-01 6.729527012214012172e-02 1.048061735209592366e-01
-9.946826084032799331e-01 5.564460245296189156e-02 8.666133369559396449e-02
-9.999875323674086713e-01 2.698003215641091822e-03 4.201891049183201915e-03
-9.996171081708679074e-01 1.495024439485691942e-02 2.328362610602881938e-02
-9.994142360621831589e-01 1.849053710577519896e-02 2.879730532155239109e-02
-9.989702726555022005e-01 2.451326225970698949e-02 3.817714399975914719e-02
-9.988685708369122729e-01 2.569464519208149514e-02 4.001703890441466599e-02
-9.988853652862779153e-01 2.550333921347349916e-02 3.971909749555790209e-02
-9.987850874968712267e-01 2.662516893877900012e-02 4.146624377549617407e-02
-9.995360522105212198e-01 1.645644396831441245e-02 2.562939295660343619e-02
-9.978026438535506637e-01 3.579837715050606523e-02 5.575266910430768524e-02
-9.984766540045407757e-01 2.981162421963787570e-02 4.642885384417319572e-02
-9.975205651178972177e-01 3.802408779202143957e-02 5.921900805025034215e-02
-9.832827413985916198e-01 9.838109854029004897e-02 1.532194828266828235e-01
-9.813041611486240656e-01 1.039883949150482989e-01 1.619523295151607256e-01
-9.722709066032275693e-01 1.263536932015484615e-01 1.967842178307671608e-01
-9.771527128850877597e-01 1.148349929780234369e-01 1.788449051246651100e-01
-9.780401179418193314e-01 1.126080324801172206e-01 1.753766196427246626e-01
-9.842324113141905917e-01 9.556871175331232982e-02 1.488394499199263421e-01
-9.903433989217063083e-01 7.490537330694939377e-02 1.166582070064021009e-01
-9.924678403009561389e-01 6.618997863504441637e-02 1.030847840209611205e-01
-9.952859327722396454e-01 5.240072275913804090e-02 8.160929040258151079e-02
-9.853461074221170346e-01 9.215765961828473185e-02 1.435270509756337853e-01
-9.894255214494206419e-01 7.836644461126103522e-02 1.220485061913184621e-01
-9.933288867426397495e-01 6.230536695052614482e-02 9.703485977620766867e-02
-9.982334482409606080e-01 3.210133667218349057e-02 4.999486970500625904e-02
-9.988401281755163730e-01 2.601542051016667370e-02 4.051661686267914869e-02
-9.981785483206556675e-01 3.259588630892262112e-02 5.076508512948905288e-02
-9.999373747712864136e-01 6.046717537960179072e-03 9.417204602425453472e-03
-9.918372543979857570e-01 -6.889407559931537417e-02 -1.072961655213325732e-01
-9.980711776592773310e-01 -3.354195812217729278e-02 -5.223850467953014554e-02
-9.955216210231256913e-01 -5.107700939566401505e-02 -7.954772898507815604e-02
-9.938600819771583605e-01 -5.978131262770488424e-02 -9.310387807639722291e-02
-9.882458784445745659e-01 -8.259751001146260763e-02 -1.286380001291124731e-01
-9.857385323026680579e-01 -9.092429950510218239e-02 -1.416062064080820249e-01
-9.848152993179817294e-01 -9.379938442413739141e-02 -1.460838858700262421e-01
-9.907755348373270543e-01 -7.321811874394819342e-02 -1.140304637165247825e-01
-9.765586561562573653e-01 -1.163008602474485398e-01 -1.811278581333865823e-01
-9.922600672698531632e-01 -6.709318812304150559e-02 -1.044914494545493566e-01
-9.892386810509874451e-01 -7.905202885321276074e-02 -1.231162403856357473e-01
-9.819716170864351001e-01 -1.021324907274964305e-01 -1.590619299972481082e-01
-9.741187734038373458e-01 -1.221281807636371980e-01 -1.902033721193387983e-01
-9.937244546939242307e-01 -6.043591804400309103e-02 -9.412336560834098920e-02
-9.938660430151581293e-01 -5.975237507761883143e-02 -9.305881051236061796e-02
-9.998920296145160647e-01 -7.939486630727632388e-03 -1.236501780848953645e-02
-9.997807447706801298e-01 -1.131365659270194314e-02 -1.761997617156686735e-02
-9.999928545277411152e-01 -2.042520912403853785e-03 -3.181037846746940633e-03
-9.999856937746821606e-01 2.890099507087618130e-03 4.501063297359580995e-03
-9.974188656145887011e-01 3.879508457232200974e-02 6.041976439157451667e-02
-9.988677809801078666e-01 2.570360733415535601e-02 4.003099661370994322e-02
-9.979888405493784198e-01 3.424968662354310051e-02 5.334072651451569891e-02
-9.876792888478489463e-01 8.455277493647692100e-02 1.316831448270765481e-01
-9.870263535956663725e-01 8.675003588370007457e-02 1.351051759993644463e-01
-9.836213339461663541e-01 9.738800521116040831e-02 1.516728316045930780e-01
-9.997654461908342949e-01 1.170166325773995195e-02 1.822426074891464465e-02
-9.997209747762393350e-01 -1.276272038437633628e-02 -1.987675931423828549e-02
-9.998121549039016287e-01 1.047204147905167818e-02 1.630923829238163647e-02
-9.999991348390769863e-01 -7.107226767698654121e-04 -1.106884986888797282e-03
-9.992941700669889515e-01 -2.029668944985280055e-02 -3.161022093412240580e-02
-9.998014444716601945e-01 1.076641836181917687e-02 1.676770312356356055e-02
-9.999927391334919591e-01 2.058947422759610513e-03 3.206620620864119534e-03
-9.999411220921978760e-01 -5.863023173476969094e-03 -9.131117580203728171e-03
-9.992169724690240784e-01 2.137742059905106684e-02 3.329335997415894949e-02
-9.955295232406882189e-01 5.103202717809466465e-02 7.947767333196353867e-02
-9.874543447768129312e-01 8.531631235249938217e-02 1.328722838968529607e-01
-9.896192896422427721e-01 7.764890740812598058e-02 1.209310082084286697e-01
-9.719976529848576297e-01 1.269659406237433896e-01 1.977377366954936044e-01
-9.847604990959500926e-01 9.396719153975220673e-02 1.463452299681368418e-01
-9.903374473762003305e-01 7.492834052312878634e-02 1.166939763262937052e-01
-9.806029015406865224e-01 1.059019389414112278e-01 1.649324977632856404e-01
-9.985970737457795510e-01 2.860993465762911095e-02 4.455733323766357390e-02
-9.993870366365373847e-01 1.891483320017824446e-02 2.945810733651659657e-02
-9.999621519799175573e-01 4.700773136275946361e-03 7.321020394286409209e-03
-9.996818191715889368e-01 -1.362869505312613340e-02 -2.122543495270469080e-02
-9.993688723139128038e-01 -1.919295743858221229e-02 -2.989126017382070025e-02
-9.982007777901092949e-01 -3.239655157737172941e-02 -5.045463967877967387e-02
-9.999610867181104590e-01 4.766466267958830924e-03 7.423331385026105643e-03
-9.990883472903022700e-01 2.306574722900707128e-02 3.592277290939301093e-02
-9.994944920445490988e-01 1.717753825553094624e-02 2.675243076971898712e-02
-9.965094577882084304e-01 4.510440458136916186e-02 7.024594811098429370e-02
-9.973153226324136256e-01 3.956454619033814013e-02 6.161812985929829289e-02
-9.999187821070459892e-01 -6.886029195506434934e-03 -1.072435506128090361e-02
-9.999148717559174226e-01 -7.049842485333366986e-03 -1.097947914425849956e-02
-9.995890334369773589e-01 1.548853845226695093e-02 2.412196942917502543e-02
-9.992457626857219610e-01 -2.098089065113119614e-02 -3.267580117021154362e-02
-9.971883309577869170e-01 -4.048819635779098147e-02 -6.305662976496814731e-02
-9.803714762155625317e-01 -1.065255957023912292e-01 -1.659037856203691430e-01
-9.817007025312176616e-01 -1.028899748722821167e-01 -1.602416416556409484e-01
-9.914943041420254399e-01 -7.032039150854971221e-02 -1.095175209361723134e-01
-9.915419970693605256e-01 -7.012380464696973958e-02 -1.092113550393819937e-01
-9.949705724114085159e-01 -5.412081747032423257e-02 -8.428817919292093397e-02
-9.916255403285979542e-01 -6.977808753797658248e-02 -1.086729325432906901e-01
-9.947660814413196162e-01 -5.520727215808986926e-02 -8.598023211613464722e-02
-9.996725683681171315e-01 -1.382536423427379105e-02 -2.153172905462560557e-02
-9.982773070553275785e-01 -3.170068427273378675e-02 -4.937089056320177055e-02
-9.997472905893762807e-01 -1.214605062553698184e-02 -1.891635306826080012e-02
-9.985200695813688521e-01 2.938405487245347378e-02 4.576295404004255413e-02
-9.961609630894304734e-01 4.729832313324425913e-02 7.366277381093826182e-02
-9.947834089630546162e-01 5.511605059545883478e-02 8.583816294983800943e-02
-9.943363386469995513e-01 5.742283910797436192e-02 8.943077319837487715e-02
-9.927626975143092336e-01 6.488629486167039884e-02 1.010544168418011646e-01
-9.901099630483262137e-01 7.580089178581736475e-02 1.180528944029622940e-01
-9.910798135522075336e-01 7.200590641007127701e-02 1.121425548638229353e-01
-9.929065471319152847e-01 6.424053241948479709e-02 1.000487014260492691e-01
-9.892247044346793583e-01 7.910307000949631795e-02 1.231957322767070900e-01
-9.885521415532705358e-01 8.152061321777283320e-02 1.269608327439639139e-01
-9.858343997622311949e-01 9.062036905830332667e-02 1.411328627824796622e-01
-9.851158758030280627e-01 9.287341069323459819e-02 1.446417672286907652e-01
-9.821619378696857527e-01 1.015968454215110395e-01 1.582277118600312893e-01
-9.783563085512666513e-01 1.118033313236373866e-01 1.741233718455842405e-01
-9.761446674698102122e-01 1.173110510211940322e-01 1.827011370477929220e-01
-9.837049722566959531e-01 9.714107697451704326e-02 1.512882636614092946e-01
-9.782998333165343618e-01 1.119475035259978879e-01 1.743479067472209765e-01
-9.789336573226072868e-01 1.103181602690218033e-01 1.718103549726920365e-01
-9.757224716902234141e-01 1.183319510947402481e-01 1.842910947084345497e-01
-9.666135482750594088e-01 1.384463361225776734e-01 2.156173933274714849e-01
-9.625025348673564851e-01 1.465692579682579266e-01 2.282680945567019670e-01
-9.610322205348217350e-01 1.493592124711113633e-01 2.326131912508816180e-01
-9.579268972949527283e-01 1.550734066436956771e-01 2.415125213954424643e-01
-9.512376562694946358e-01 1.666610797259492349e-01 2.595592529645197599e-01
-9.498056735998209321e-01 1.690284469362743625e-01 2.632462089449749132e-01
-9.632678987493762390e-01 1.450940121930068272e-01 2.259705353905613889e-01
-9.955269702342393057e-01 5.104656416731017526e-02 7.950031335126099552e-02
-9.931552257816641527e-01 6.310836749158876824e-02 9.828545902176066829e-02
-9.993763342225775448e-01 1.907919520350739861e-02 2.971408599014118204e-02
-9.999851471732155161e-01 2.944792947467182297e-03 4.586243283894666720e-03
-9.999880654544901493e-01 -2.639693271996259964e-03 -4.111078692526548908e-03
-9.984885348787613246e-01 2.969523157647600484e-02 4.624758304261989555e-02
-9.931097027738905458e-01 6.331715619816234708e-02 9.861062816619903248e-02
-9.944993699950458454e-01 5.659264463776166737e-02 8.813782191749983119e-02
-9.999271487732926955e-01 6.521722918997482042e-03 1.015698165210559417e-02
-9.982499943592367808e-01 -3.195077930974408315e-02 -4.976039050573945882e-02
-9.967938702821934616e-01 -4.323087076013627794e-02 -6.732809206539397406e-02
-9.883517001362569498e-01 -8.222704714447914842e-02 -1.280610383983746270e-01
-9.761176428332236643e-01 -1.173766778308662495e-01 -1.828033447481209051e-01
-9.893641366900346457e-01 -7.859236121258549035e-02 -1.224003504513489354e-01
-9.998864338411772579e-01 8.142616043581775431e-03 1.268137312517319398e-02
-9.998669353760784029e-01 -8.813911317430624115e-03 -1.372685357018971902e-02
-9.945369952856416562e-01 -5.639929259107043930e-02 -8.783669394640507277e-02
-9.793646256144817874e-01 -1.091957912352394533e-01 -1.700623687695659580e-01
-6.659791600823254942e-01 -4.030494984965687921e-01 -6.277124023768404504e-01
-7.602507210642650559e-01 -3.509964639603649350e-01 -5.466446042984283160e-01
-7.497644792604972741e-01 -3.575206224244312780e-01 -5.568053790872378173e-01
-6.153258364144814641e-01 -4.259056484447593660e-01 -6.633087468620233462e-01
-6.704966074457124892e-01 -4.008570861166484978e-01 -6.242979224007236816e-01
-5.013986787558407654e-01 -4.674783991694840823e-01 -7.280544699758622063e-01
-3.905741453697522680e-01 -4.973868895980792515e-01 -7.746341840021235825e-01
-3.960873877616379879e-01 -4.961125034658339650e-01 -7.726494451955716602e-01
-4.849387027057851518e-01 -4.725203783153050785e-01 -7.359068872451127730e-01
-5.929965560988244011e-01 -4.350541156567523937e-01 -6.775566403667333537e-01
-5.340389872176196651e-01 -4.568039071671734508e-01 -7.114299336746967573e-01
5.149422707851197822e-02 -5.395854825910787467e-01 -8.403545986989892080e-01
2.471549183190424950e-02 -5.401372573316265413e-01 -8.412139369421879342e-01
1.899845809112150896e-01 -5.304618200479794821e-01 -8.261453361772218562e-01
1.631642637307143817e-01 -5.330616698263922482e-01 -8.301943623050641596e-01
1.188471174782473605e-01 -5.364729486485905197e-01 -8.355071142937074979e-01
1.634174054328363934e-01 -5.330390321987018565e-01 -8.301591062888313832e-01
2.610661829565351089e-01 -5.215651104506530134e-01 -8.122895319263342406e-01
3.189386568110166853e-01 -5.120852125010222355e-01 -7.975254656306389744e-01
3.101216195704754597e-01 -5.136637231044665075e-01 -7.999838502378928684e-01
2.866391100355170640e-01 -5.176304820349545421e-01 -8.061617112380787820e-01
2.686637275989206541e-01 -5.204375688802695965e-01 -8.105334899747496102e-01
2.554710504877894528e-01 -5.223732954253602623e-01 -8.135482054488932802e-01
2.261344619175299220e-01 -5.263063670530108151e-01 -8.196736015834171774e-01
2.375203255598132557e-01 -5.248402417964921352e-01 -8.173902467836033914e-01
2.145340043267009167e-01 -5.277221880867010162e-01 -8.218786121980152792e-01
1.727497028669246482e-01 -5.321792690765501099e-01 -8.288201045610188444e-01
1.833421813336462980e-01 -5.311437261619205152e-01 -8.272073420265630972e-01
1.798751402118931031e-01 -5.314896780636254592e-01 -8.277461301906373636e-01
1.518215912367053833e-01 -5.340390750661013763e-01 -8.317165807755052542e-01
1.234259131567291001e-01 -5.361710408199212852e-01 -8.350369207092043222e-01
1.611462523326465668e-01 -5.332408450085602825e-01 -8.304734111178392331e-01
1.804806141140093967e-01 -5.314297541478434361e-01 -8.276528042213068259e-01
1.582754472905281429e-01 -5.334917944162036463e-01 -8.308642416638005734e-01
1.404898342022005420e-01 -5.349436530193159012e-01 -8.331253774673941237e-01
1.275094990198133160e-01 -5.358920069255742602e-01 -8.346023511667076678e-01
1.858520117055544874e-01 -5.308890226312577010e-01 -8.268106647804116527e-01
1.820904967188132773e-01 -5.312694108884419286e-01 -8.274030843905186838e-01
2.049529139966428937e-01 -5.288326788324551053e-01 -8.236080990636104326e-01
2.205531067131325240e-01 -5.269973439968309581e-01 -8.207497344132811401e-01
2.331720790261553877e-01 -5.254091373747387106e-01 -8.182762491516867298e-01
2.597858589552572428e-01 -5.217517018811606011e-01 -8.125801308615610008e-01
3.517514333111158575e-01 -5.057734443572183825e-01 -7.876954691672483078e-01
3.546358275220725664e-01 -5.051850916283077142e-01 -7.867791640824209898e-01
3.301262027210996597e-01 -5.100112318897942476e-01 -7.942954322059280203e-01
7.492195411450563829e-03 -5.402871412627990866e-01 -8.414473673343975113e-01
-5.514255363796628506e-01 -4.507332141696864247e-01 -7.019753895064020366e-01
-6.805033758622056617e-01 -3.959037837717073183e-01 -6.165836110661609970e-01
-9.236110116679251414e-01 -2.071146539128409236e-01 -3.225619618930850585e-01
-9.710249448784742388e-01 -1.291204457755683044e-01 -2.010931796617544953e-01
-9.969117260643276524e-01 -4.243011048642276323e-02 -6.608098182951578636e-02
-9.955041815820662165e-01 -5.117613969097746518e-02 -7.970211527274663477e-02
-9.939514108575406848e-01 -5.933639393787985827e-02 -9.241095827202039370e-02
-9.907495798003533860e-01 -7.332057596121048515e-02 -1.141900313781357423e-01
-9.794384476833697395e-01 -1.090023274729664399e-01 -1.697610668117611743e-01
-9.404203916423976573e-01 -1.837103218388661252e-01 -2.861118743306882983e-01
-8.990521598539035208e-01 -2.365667934894429558e-01 -3.684309515772994370e-01
-8.006461853533123341e-01 -3.237153466176646011e-01 -5.041567814116899582e-01
-7.781867022962413172e-01 -3.393276811929389347e-01 -5.284715518791189837e-01
-7.793403435963498493e-01 -3.385538856756893922e-01 -5.272664367632512450e-01
-7.867623853272700529e-01 -3.335048311380061081e-01 -5.194030002240593857e-01
-7.700520805402788493e-01 -3.447026210229646170e-01 -5.368425246899563019e-01
-8.046257627614099572e-01 -3.208219286337850029e-01 -4.996505498929404987e-01
-7.761784286938743227e-01 -3.406678007335128266e-01 -5.305586644035698018e-01
-7.773175479925038545e-01 -3.399087409035176366e-01 -5.293764987608600148e-01
-7.951204427586525680e-01 -3.276671704212473779e-01 -5.103113823298649487e-01
-8.037476452739712451e-01 -3.214638544516751351e-01 -5.006502901203779832e-01
-7.802096500165243143e-01 -3.379688755036437953e-01 -5.263553374023057785e-01
-7.851742386624144254e-01 -3.345956621819014543e-01 -5.211018689181153851e-01
-7.834014402240941921e-01 -3.358065475802778366e-01 -5.229877111912186738e-01
-8.110575102642855194e-01 -3.160587067435084996e-01 -4.922322713267785477e-01
-8.192554621716103824e-01 -3.098248553238693859e-01 -4.825236229714816583e-01
-8.881699733134001962e-01 -2.482770512833128440e-01 -3.866685975231727301e-01
-9.052599152673026506e-01 -2.295518623946860015e-01 -3.575058437024030700e-01
-9.633465036509540891e-01 -1.449415834840572515e-01 -2.257331417417841601e-01
-9.925251270933900249e-01 -6.593873798757039773e-02 -1.026934998958377726e-01
-9.998473167049771737e-01 9.441282717829076188e-03 1.470392663539782895e-02
-9.999395858772683887e-01 -5.939016011185886505e-03 -9.249469412670043716e-03
-9.993555155375980492e-01 -1.939492298205103271e-02 -3.020580287133316569e-02
-9.984198624367367492e-01 -3.036180861834987185e-02 -4.728571527671186769e-02
-9.932311048232921324e-01 -6.275878732765005630e-02 -9.774102017405637832e-02
-9.964156205953936807e-01 4.570558660762455427e-02 7.118223364259812502e-02
-8.629451685052579313e-01 -2.730134432393344635e-01 -4.251932454355721869e-01
-9.610502861297558486e-01 -1.493252745473720722e-01 -2.325603360662913122e-01
-6.254721835771126504e-01 4.215689646787983413e-01 6.565547620655300953e-01
-4.574397528944856295e-01 4.804587550921824435e-01 7.482701765586426967e-01
-2.106712098711478465e-01 5.281762882517123670e-01 8.225858313027710755e-01
