-9.927276530120462406e-01 6.504262959436600544e-02 1.012978937621331343e-01
-9.917143618412083139e-01 6.940860728339766361e-02 1.080975011407020042e-01
-9.935412171204889287e-01 6.130907635163157510e-02 9.548322910148819564e-02
-9.965677112185971076e-01 4.472710130093560804e-02 6.965833306749943943e-02
-9.951772395465009469e-01 5.299994360013321471e-02 8.254252156912161853e-02
-9.932870181922801578e-01 6.249992198988534725e-02 9.733786129737621862e-02
-9.912233612094956126e-01 7.142675546497805061e-02 1.112405807081935372e-01
-9.908976020205748636e-01 7.273428815053574470e-02 1.132769422129198816e-01
-9.914338692646624818e-01 7.056869961775605327e-02 1.099042379035446992e-01
-9.901213244731760232e-01 7.575755644562422175e-02 1.179854036093949260e-01
-9.863804363591884838e-01 8.886886474494724852e-02 1.384050564350925439e-01
-9.834374574159353566e-01 9.792860777091354219e-02 1.525147702071208144e-01
-9.811322951190523112e-01 1.044607397737830207e-01 1.626879630468551774e-01
-9.794961473938643692e-01 1.088508656141796704e-01 1.695251789428960931e-01
-9.741168728364514307e-01 1.221326060833048677e-01 1.902102641463732646e-01
-9.766948103308962237e-01 1.159666076258558942e-01 1.806072905185320543e-01
-9.761668152167308765e-01 1.172572385418844121e-01 1.826173290768332846e-01
-9.756776888099771838e-01 1.184396973791617957e-01 1.844588996040955331e-01
-9.776448435099195367e-01 1.136056232978193137e-01 1.769302752882586927e-01
-9.782286503455791538e-01 1.121289463145683646e-01 1.746304871477235843e-01
-9.802214249430151183e-01 1.069279395813780426e-01 1.665303990854708205e-01
-9.828792362125829962e-01 9.955120500043912468e-02 1.550418156663876112e-01
-9.779183007891192325e-01 1.129164563606717547e-01 1.758569613767683171e-01
-9.737494080674730101e-01 1.229850658004812830e-01 1.915378914948609734e-01
-9.663402468760439179e-01 1.390021822186901512e-01 2.164830723312763106e-01
-9.682987833872891414e-01 1.349647323720072067e-01 2.101951167521455277e-01
-9.700485537969554262e-01 1.312454283109011077e-01 2.044026438770385756e-01
-9.696632942581957515e-01 1.320739073217132853e-01 2.056929234881919033e-01
-9.799996622651159228e-01 1.075196999631330419e-01 1.674520112751607948e-01
-9.871427164523814968e-01 8.636265029107091651e-02 1.345018586849837938e-01
-9.886963753625116480e-01 8.100837598873165957e-02 1.261630705265993913e-01
-9.887216750621247163e-01 8.091818369911141229e-02 1.260226043580404687e-01
-9.828797381854023074e-01 9.954975819294457906e-02 1.550395623972195269e-01
-9.768998837730517026e-01 1.154612464180066883e-01 1.798202370696867503e-01
-9.804630197924024682e-01 1.062793544950379476e-01 1.655202876619087937e-01
-9.839623228001029842e-01 9.637719118663638784e-02 1.500985820346098787e-01
-9.857177703434807370e-01 9.098998391919099760e-02 1.417085038219733917e-01
-9.869417710857592008e-01 8.703051025810400187e-02 1.355419889566288338e-01
-9.928813668350827681e-01 6.435404518231864490e-02 1.002254870797336384e-01
-9.976835139437594258e-01 3.675487998303685749e-02 5.724233400434543956e-02
-9.957461890863563703e-01 4.978271360853635946e-02 7.753198272821722192e-02
-9.877950967522721726e-01 8.415691347419800017e-02 1.310666271278301820e-01
-9.880133335853940046e-01 8.340568951831389688e-02 1.298966651359904634e-01
-9.809751682658189864e-01 1.048906433029457713e-01 1.633574981240297208e-01
-9.793170678046031474e-01 1.093202358354422865e-01 1.702561797512134600e-01
-9.841448404433751351e-01 9.583161682776863977e-02 1.492489003137355830e-01
-9.827336777840165460e-01 9.996982533289222594e-02 1.556937782058476771e-01
-9.779801162903518641e-01 1.127600584431416725e-01 1.756133860518870327e-01
-9.915589096890501386e-01 7.005395725148136354e-02 1.091025741661013626e-01
-9.917180643300838039e-01 6.939316221589868217e-02 1.080734468732712783e-01
-9.946535383617342019e-01 5.579609234541629825e-02 8.689726522430958611e-02
-9.878641306578448411e-01 8.392002714997258417e-02 1.306976985366163913e-01
-9.841948243841726063e-01 9.568164650606682253e-02 1.490153353762481980e-01
-9.845660339049574494e-01 9.456019714252204833e-02 1.472687814746542201e-01
-9.859613564538998176e-01 9.021625423849884140e-02 1.405034912404686531e-01
-9.910686993375461551e-01 7.205054966866006327e-02 1.122120826196028875e-01
-9.878913574977457035e-01 8.382641100156278113e-02 1.305519000239305227e-01
-9.880841987061489418e-01 8.316025913441180140e-02 1.295144299602362936e-01
-9.827947350517616254e-01 9.979444838260559392e-02 1.554206447887448439e-01
-9.919492790535373583e-01 6.842161889156841981e-02 1.065603577951224484e-01
-9.779909195216439644e-01 1.127327021573509697e-01 1.755707811610787428e-01
-9.769201731663260668e-01 1.154111213114461659e-01 1.797421718415302405e-01
-9.793035125930851237e-01 1.093556787398000246e-01 1.703113788042443788e-01
-9.891254315157429478e-01 7.946464038104815442e-02 1.237588447663682534e-01
-9.729475314207746139e-01 1.248239839169958398e-01 1.944018367745286024e-01
-9.820725805549646026e-01 1.018486994524680639e-01 1.586199512733292571e-01
-9.790224694489468860e-01 1.100878435603543232e-01 1.714516579514962502e-01
-9.732647959099633983e-01 1.240998500747269168e-01 1.932740651348949235e-01
-9.675838974117945135e-01 1.364532392751580669e-01 2.125133289013148574e-01
-9.769920406374342781e-01 1.152333883686679772e-01 1.794653691835218501e-01
-9.835319829779809453e-01 9.765108619006142299e-02 1.520825559533433013e-01
-9.881640000943961999e-01 8.288298819279234231e-02 1.290826060539358444e-01
-9.924439495053604121e-01 6.629447003868202404e-02 1.032475197401463568e-01
-9.903599134337920384e-01 7.484160560773718551e-02 1.165588946990655378e-01
-9.781929297219787989e-01 1.122198813654577687e-01 1.747721100984206410e-01
-9.836377403691953791e-01 9.733961900858489891e-02 1.515974745589352413e-01
-9.852345253196057584e-01 9.250526195739744439e-02 1.440684095436760292e-01
-9.795069482494919155e-01 1.088224889294520936e-01 1.694809848749012637e-01
-9.937201832014630476e-01 6.045641784083564951e-02 9.415529215028188570e-02
-9.915273284255425867e-01 7.018432739783536656e-02 1.093056136390974931e-01
-9.864347172414553722e-01 8.869280595508532983e-02 1.381308611157681943e-01
-9.824529697626960267e-01 1.007720468370510575e-01 1.569431641733088911e-01
-9.814877790533753643e-01 1.034812777468467615e-01 1.611625413200985790e-01
-9.810499211405161457e-01 1.046863460627593945e-01 1.630393240240377850e-01
-9.782486251595761129e-01 1.120780622248545577e-01 1.745512398733412851e-01
-9.776072680243472757e-01 1.136999795899309024e-01 1.770772265064630979e-01
-9.746857059700058112e-01 1.208004973524292591e-01 1.881356277188273862e-01
-9.720352068380613275e-01 1.268819833878936099e-01 1.976069810478404687e-01
-9.732715674858396504e-01 1.240843457880562023e-01 1.932499186390687074e-01
-9.867482487288177229e-01 8.766876291839287294e-02 1.365360085800443046e-01
-9.801424776423646179e-01 1.071389957416106764e-01 1.668590995797531173e-01
-9.822463140269399595e-01 1.013584352508884179e-01 1.578564100186673480e-01
-9.827518491310919257e-01 9.991766444184868590e-02 1.556125424312115868e-01
-9.812478657471287447e-01 1.041433584085933034e-01 1.621936708570472507e-01
-9.796674358887361711e-01 1.083999335140722192e-01 1.688228938068938589e-01
-9.869957189160046829e-01 8.685172743153160568e-02 1.352635512014893904e-01
-9.911493891677625179e-01 7.172579422254046766e-02 1.117063059791924690e-01
-9.953165801175571925e-01 5.223051094298623853e-02 8.134420120527917353e-02
-9.978586447651331959e-01 3.533975703299382931e-02 5.503841059061197888e-02
-9.978874941146086419e-01 3.510114625984514514e-02 5.466679632932434918e-02
-9.997473443542489457e-01 1.214475866120970880e-02 1.891434095303752561e-02
-9.999086743953092826e-01 7.301938676019440085e-03 1.137209569898906328e-02
-9.994236005406379464e-01 -1.834218250762294569e-02 -2.856625672440199493e-02
-9.973746405541903393e-01 -3.912559661021152574e-02 -6.093450639247508654e-02
-9.912185459287239375e-01 -7.144626044521565356e-02 -1.112709579150848449e-01
-9.769794303752469267e-01 -1.152645951405616015e-01 -1.795139708511305221e-01
-9.687680344552402900e-01 -1.339780813521345426e-01 -2.086584988322572332e-01
-9.567710315339051919e-01 -1.571427186572604551e-01 -2.447352839100894184e-01
-9.430005688839375733e-01 -1.798078075063755110e-01 -2.800340683636909356e-01
-9.156263902309907943e-01 -2.172178654575418477e-01 -3.382967815966249070e-01
-8.909712800724055581e-01 -2.453294832314609486e-01 -3.820780322702725385e-01
-8.866508871352821730e-01 -2.498570774565366526e-01 -3.891293424905083453e-01
-8.832989625991651828e-01 -2.532991969505437035e-01 -3.944901259796601556e-01
-8.514745640758244472e-01 -2.833323174583926574e-01 -4.412639398540756930e-01
-7.987732294314130455e-01 -3.250632756614725838e-01 -5.062560565168031657e-01
-7.806043026420554920e-01 -3.377027392110054649e-01 -5.259408546843398202e-01
-7.510732332154662627e-01 -3.567177950420672983e-01 -5.555550495203797068e-01
-7.952426430200938423e-01 -3.275805866454799542e-01 -5.101765360886548750e-01
-8.089700049752179822e-01 -3.176166684781887017e-01 -4.946586529670862209e-01
-6.846624565508646620e-01 -3.938048946944012751e-01 -6.133147850039708526e-01
-6.882548951673007620e-01 -3.919725472149112599e-01 -6.104610728851610491e-01
-6.778622255162477517e-01 -3.972242889817161893e-01 -6.186401760806758965e-01
-6.578502252866174071e-01 -4.069280211595843744e-01 -6.337528435324701892e-01
-6.280528295558269747e-01 -4.204474252869301321e-01 -6.548080679531297355e-01
-6.258329287929585982e-01 -4.214126429526543482e-01 -6.563113054017020165e-01
-5.983095838638231578e-01 -4.329253411478040103e-01 -6.742412705024486419e-01
-5.843271148791177039e-01 -4.384651659944110991e-01 -6.828690365117896510e-01
-5.757792038575137994e-01 -4.417539898303101120e-01 -6.879910761588480250e-01
-5.509147136841112680e-01 -4.509155290472018907e-01 -7.022593281049641645e-01
-5.600029920576529152e-01 -4.476353732871262148e-01 -6.971507881861508382e-01
-5.701168793470834384e-01 -4.438927058658891367e-01 -6.913219290335020917e-01
-5.465273422127578939e-01 -4.524714438921139670e-01 -7.046825219033353571e-01
-5.585568354483658737e-01 -4.481625280635405661e-01 -6.979717831070273437e-01
-5.602316948046508482e-01 -4.475518244948539781e-01 -6.970206686516805528e-01
-5.450804495586391019e-01 -4.529806705062316974e-01 -7.054755953657622092e-01
-4.585962120399471043e-01 -4.801368143931116217e-01 -7.477687836270289212e-01
-4.335839167020627549e-01 -4.868735361995776834e-01 -7.582606062072703157e-01
-3.751619513428881558e-01 -5.008382374459627862e-01 -7.800093398008883794e-01
-3.696165688868555121e-01 -5.020404572666464782e-01 -7.818816862363544562e-01
-3.473886279555347678e-01 -5.066529531945065390e-01 -7.890652230243428988e-01
-3.407853706610634026e-01 -5.079604165948280459e-01 -7.911014766237074447e-01
-3.241706623262397557e-01 -5.111252336337105406e-01 -7.960303871271824372e-01
-2.483634325380387753e-01 -5.233729714635078079e-01 -8.151051086328566786e-01
-2.379674168379790067e-01 -5.247811160677927633e-01 -8.172981639170011636e-01
-1.881781112062362038e-01 -5.306497612287980337e-01 -8.264380372240094363e-01
-2.083071058408973719e-01 -5.284499476589769040e-01 -8.230120305775692202e-01
-1.742618678066722160e-01 -5.320353270703477300e-01 -8.285959281686569033e-01
-1.786349887154145832e-01 -5.316117666613405790e-01 -8.279362719158112061e-01
-1.635251639710074700e-01 -5.330293847666753848e-01 -8.301440813036702338e-01
-1.268478988478288771e-01 -5.359378409274222488e-01 -8.346737333952375382e-01
-1.626500216975070856e-01 -5.331075457898077907e-01 -8.302658098848636481e-01
-6.112000892741231706e-02 -5.392921699675881086e-01 -8.398977913534261264e-01
-7.358816944244910008e-02 -5.388373923989717706e-01 -8.391895172550631887e-01
-3.917812296842915210e-02 -5.398874847824791656e-01 -8.408249392447390003e-01
7.542659946949804850e-02 -5.387631773039143201e-01 -8.390739340927345635e-01
-1.199373820994397051e-02 -5.402634432929965813e-01 -8.414104599331686529e-01
-1.068192969450554482e-02 -5.402714797637353517e-01 -8.414229759947760012e-01
2.899785142056298878e-02 -5.400750946387375961e-01 -8.411171242840972395e-01
-3.468698010194274511e-02 -5.399771657935563685e-01 -8.409646091441455029e-01
1.612647413888262243e-02 -5.402320449350604958e-01 -8.413615598879774504e-01
3.617363872929284241e-02 -5.399486886844300226e-01 -8.409202586744162211e-01
-2.478727608938881971e-02 -5.401362970500585003e-01 -8.412124413922558164e-01
-4.205610052086202616e-02 -5.398242738427904142e-01 -8.407264940389848062e-01
-1.596720480180833790e-01 -5.333702897285658162e-01 -8.306750093246916267e-01
-2.482073451513082396e-01 -5.233945873153743600e-01 -8.151387733275287095e-01
-2.546997752079649402e-01 -5.224832319524753688e-01 -8.137194214454440688e-01
-2.725083518875641153e-01 -5.198537098901376829e-01 -8.096241834734089204e-01
-3.050286765377417386e-01 -5.145532087555612089e-01 -8.013691420618774819e-01
-3.207879968457912900e-01 -5.117478819346967800e-01 -7.970001044008816482e-01
-2.859118979955518891e-01 -5.177478770897429028e-01 -8.063445432032424476e-01
-2.763063831108455437e-01 -5.192681228372536539e-01 -8.087121856737893300e-01
-2.551425752154348747e-01 -5.224201593094210949e-01 -8.136211916239369790e-01
-2.599267942369808959e-01 -5.217312104958902186e-01 -8.125482174198520591e-01
-3.578247997746050180e-01 -5.045282099120032004e-01 -7.857561314232637262e-01
-3.782883507851575455e-01 -5.001512588633660883e-01 -7.789394340496800240e-01
-3.628654424825968894e-01 -5.034761371092635329e-01 -7.841176251133774588e-01
-3.612897368435725731e-01 -5.038068330628610036e-01 -7.846326535460224072e-01
-4.006380344750033462e-01 -4.950446469074737954e-01 -7.709863571427582052e-01
-4.727256051491176003e-01 -4.761196227043991702e-01 -7.415123782596086954e-01
-5.275865268175820022e-01 -4.589875105979605574e-01 -7.148306945253875000e-01
-5.721671160195601624e-01 -4.431219427223719864e-01 -6.901215365599092655e-01
-6.628672025470717655e-01 -4.045443191525052162e-01 -6.300404476133697473e-01
-7.356716088293526745e-01 -3.659674897401478666e-01 -5.699605954938699037e-01
-7.948676299360170061e-01 -3.278461836239258687e-01 -5.105901788745316194e-01
-7.870680425987963691e-01 -3.332942248492041792e-01 -5.190750003630183462e-01
-7.866080308451978143e-01 -3.336111040429680097e-01 -5.195685104671686760e-01
-8.464715312725370477e-01 -2.876753089870334734e-01 -4.480277484088917572e-01
-8.839953241626646863e-01 -2.525890262710900891e-01 -3.933841006776556681e-01
-8.861366319754365728e-01 -2.503890940914032526e-01 -3.899579093072944591e-01
-8.911859811473594739e-01 -2.451017241054220808e-01 -3.817233184480189889e-01
-8.839010065271252214e-01 -2.526853639225231096e-01 -3.935341376801726465e-01
-8.551443522675363784e-01 -2.800872835123695004e-01 -4.362100989197718603e-01
-8.254942283106967427e-01 -3.049523264433577352e-01 -4.749351088543687371e-01
-8.343993630658642635e-01 -2.977931940403680811e-01 -4.637854207481253432e-01
-9.002744342377686504e-01 -2.352059144105989041e-01 -3.663115079875864932e-01
-8.109226009129459900e-01 -3.161597469098484936e-01 -4.923896320623368239e-01
-8.540246818522818639e-01 -2.810828134856028226e-01 -4.377605449902108870e-01
-8.662236253866966162e-01 -2.699655660286740533e-01 -4.204464579238899602e-01
-8.876781691384521000e-01 -2.487899796526556739e-01 -3.874674361277818391e-01
-9.299063564991216779e-01 -1.987212255943851258e-01 -3.094899717935848393e-01
-9.406694305086434893e-01 -1.833377351142456424e-01 -2.855316048876604951e-01
-9.477115158835786035e-01 -1.724257655009284185e-01 -2.685372191206805703e-01
-9.844074876578853273e-01 -9.504084693558013941e-02 -1.480173491752166948e-01
-9.999253853398171188e-01 -6.600180310493488321e-03 -1.027917179967774777e-02
-9.996983182347628505e-01 1.327069267975604198e-02 2.066787929097331847e-02
-9.990711286138074243e-01 2.328245310132883578e-02 3.626027230892501368e-02
-9.999389897225897661e-01 5.968245709104312222e-03 9.294991969997529191e-03
-9.996720871317258394e-01 -1.383551862176575324e-02 -2.154754357614472454e-02
-9.996092512504147765e-01 1.510282493017474706e-02 2.352125621036478195e-02
-9.994947266156708476e-01 -1.717355334939684591e-02 -2.674622464612371256e-02
-9.993180161419464858e-01 1.995100642364633359e-02 3.107185151882637178e-02
-9.996498344147595194e-01 1.429718468173383529e-02 2.226654586415001413e-02
-9.997766449495966157e-01 -1.141893117897233717e-02 -1.778393162543422806e-02
-9.998750275809018540e-01 8.541720136754339665e-03 1.330294092282153715e-02
-9.981599750191024745e-01 3.276150229243583040e-02 5.102301674153884858e-02
-9.972315588594072855e-01 4.017618342614734384e-02 6.257069841503412611e-02
-9.731781692577571308e-01 1.242980114477518772e-01 1.935826831879722265e-01
-9.798260591560528088e-01 1.079805936164385943e-01 1.681698106110632862e-01
-9.954282833342593673e-01 5.160532723423959245e-02 8.037053526794872560e-02
-9.917162563910655315e-01 6.940070453613945978e-02 1.080851933410760940e-01
-9.508597132575705713e-01 1.672895004581581024e-01 2.605379602671952233e-01
-9.187540048540180360e-01 2.133277986738716936e-01 3.322383615383134869e-01
-9.478859328273320228e-01 1.721456551379641764e-01 2.681009730776442446e-01
-9.413793009311762772e-01 1.822709742986628190e-01 2.838702233531126273e-01
-9.493021252841276070e-01 1.698522389729053839e-01 2.645291890263332113e-01
-9.541977172631534998e-01 1.616458776195325575e-01 2.517485384632808798e-01
-9.562241543868290616e-01 1.581114791432000621e-01 2.462440389742322211e-01
-9.628570919606991296e-01 1.458878463949926929e-01 2.272068589088294122e-01
-9.595915618211277032e-01 1.520392203135333131e-01 2.367870561668052598e-01
-9.465267309770147852e-01 1.743152465642298643e-01 2.714799115242554906e-01
-9.400466308016928174e-01 1.842679067813062510e-01 2.869802614271957930e-01
-9.524807476232600711e-01 1.645754308522381637e-01 2.563110472976843912e-01
-9.455962621060700624e-01 1.757832753663368386e-01 2.737662309206727040e-01
-9.556190057809776928e-01 1.591759531736712530e-01 2.479018590519825593e-01
-9.527993545790073293e-01 1.640361626095930281e-01 2.554711867709277828e-01
-9.525016478962780031e-01 1.645401151236132731e-01 2.562560463091221874e-01
-9.686990307711232928e-01 1.341236542822349942e-01 2.088852152380963056e-01
-9.800647964749727992e-01 1.073462454691963691e-01 1.671818719064277203e-01
-9.910822942779504707e-01 7.199593805474437114e-02 1.121270300702347095e-01
-9.965016691927732762e-01 4.515461015374353654e-02 7.032413865722085544e-02
-9.985094802944427528e-01 2.948891464401857260e-02 4.592626345828358658e-02
-9.999665708776659390e-01 4.417847054439360058e-03 6.880389128927764941e-03
-9.999593813392699815e-01 -4.869789720295813681e-03 -7.584248127833734948e-03
-9.978309035453543085e-01 -3.556768643470230307e-02 -5.539338960150874680e-02
-9.982394825642418867e-01 -3.204651105215824969e-02 -4.990948386086994926e-02
-9.988163776183945908e-01 -2.628027195070496008e-02 -4.092909854205945691e-02
-9.924208989035970818e-01 -6.639512842650198421e-02 -1.034042858908884449e-01
-9.915962887778864143e-01 -6.989933359449310157e-02 -1.088617620882934567e-01
-9.917769255093404901e-01 -6.914714950419784123e-02 -1.076903047757050980e-01
-9.729378617557362663e-01 -1.248459845929160011e-01 -1.944361007971542599e-01
-9.081699727840486513e-01 -2.261714103724674352e-01 -3.522411016101746339e-01
-9.201875328711797142e-01 -2.115163831934876171e-01 -3.294172490766039130e-01
-9.345893129027336155e-01 -1.922009671610318826e-01 -2.993352709427342662e-01
-9.325287490858680250e-01 -1.951008599752587225e-01 -3.038515864122823262e-01
-9.097612660163663101e-01 -2.242966866653661462e-01 -3.493213924271413862e-01
-8.208879141778498978e-01 -3.085608863576115302e-01 -4.805551079397076264e-01
-8.053350137425482336e-01 -3.203019962131592457e-01 -4.988408031247594243e-01
-7.968321548708385826e-01 -3.264510453152044134e-01 -5.084173796955667735e-01
-7.649134709366715024e-01 -3.480265704718109032e-01 -5.420192692379519617e-01
-7.865271813423065916e-01 -3.336667470175446182e-01 -5.196551692655970722e-01
-7.956448663370432328e-01 -3.272953394839310248e-01 -5.097322899558227594e-01
-7.770236725542749578e-01 -3.401048355389287292e-01 -5.296818980608126726e-01
-7.979114538379512567e-01 -3.256805481717162110e-01 -5.072174014924737406e-01
-7.941005053908254396e-01 -3.283884286486635773e-01 -5.114346754647138837e-01
-7.720170247381146211e-01 -3.434171459303247409e-01 -5.348405158508274804e-01
-7.530907510135160798e-01 -3.554738840456918014e-01 -5.536177729258413560e-01
-7.538627729988141013e-01 -3.549958513673704408e-01 -5.528732811399862390e-01
-7.560935733096667555e-01 -3.536081528382072903e-01 -5.507120687311752860e-01
-7.660828528709660024e-01 -3.472748938799257168e-01 -5.408486023073076909e-01
-7.901094913973583100e-01 -3.311867997388396323e-01 -5.157928802170049787e-01
-8.230006500290601990e-01 -3.069135541254436883e-01 -4.779895399962563740e-01
-8.219578288864887172e-01 -3.077282889639592622e-01 -4.792584143273060371e-01
-8.280572211489601875e-01 -3.029170261312765233e-01 -4.717653164263408971e-01
-8.446015985999481002e-01 -2.892753213878595520e-01 -4.505196200814818308e-01
-8.536973854186223898e-01 -2.813729108374852239e-01 -4.382123448469345539e-01
-8.762299801803579147e-01 -2.603679878724800556e-01 -4.054991155654542601e-01
-8.668537498728604573e-01 -2.693744737474061401e-01 -4.195258862390594534e-01
-8.083839743286448387e-01 -3.180519480453342651e-01 -4.953365607273431670e-01
-8.743081195659018201e-01 -2.622472399377382968e-01 -4.084258772484611888e-01
-9.098183303879634476e-01 -2.242291060227713517e-01 -3.492161418123270744e-01
-9.473909866665887192e-01 -1.729392125641448508e-01 -2.693368655431352399e-01
-8.377460435156651730e-01 -2.950374984027206993e-01 -4.594936790752554567e-01
-8.622335373921895529e-01 -2.736690259794288260e-01 -4.262142550591455081e-01
-9.434112365340167061e-01 -1.791778321444634225e-01 -2.790529398687066620e-01
-8.589134128650480760e-01 -2.767000678012038195e-01 -4.309348230061300078e-01
-9.024094222533377563e-01 -2.328052445239358614e-01 -3.625726861617510344e-01
-9.031859466027187811e-01 -2.319245025783710223e-01 -3.612010118523007463e-01
-8.842494206874903506e-01 -2.523292534866078407e-01 -3.929795285364478530e-01
-8.732909892255564799e-01 -2.632347334331374133e-01 -4.099638072462422622e-01
-8.923183357655457559e-01 -2.438960682378179812e-01 -3.798456206865368223e-01
-9.222002040455212768e-01 -2.089418133394513877e-01 -3.254075940982642523e-01
-9.246962697215251881e-01 -2.056961524884406423e-01 -3.203527768172900747e-01
-9.143975548571997569e-01 -2.187237642172569219e-01 -3.406420799575533565e-01
-9.287911981199635791e-01 -2.002378935992673581e-01 -3.118520422601253617e-01
-9.242464702992275738e-01 -2.062854548335363025e-01 -3.212705608416993597e-01
-9.111441550773444753e-01 -2.226519713577570780e-01 -3.467599001022129146e-01
-9.741440269817172037e-01 -1.220693637724149239e-01 -1.901117700828682533e-01
-9.867192850586494757e-01 -8.776387743858708734e-02 -1.366841406685216087e-01
-9.589613718255712849e-01 -1.531955586284215187e-01 -2.385879463907266129e-01
-9.745076855253128612e-01 -1.212190479950904093e-01 -1.887874817228671065e-01
-9.695951157399842479e-01 -1.322199466476204899e-01 -2.059203662624631281e-01
-8.988418892424355766e-01 -2.367999344522444538e-01 -3.687940471137000076e-01
-9.042131357541425274e-01 -2.307531176542811091e-01 -3.593766879229788325e-01
-9.550387829046794730e-01 -1.601893130804240561e-01 -2.494800735986149876e-01
-9.330934309378317026e-01 -1.943111058987237738e-01 -3.026216173129091525e-01
-9.470434908881111280e-01 -1.734939446830010557e-01 -2.702008096301560802e-01
-8.225852641847045676e-01 -3.072384693104017739e-01 -4.784955654151678006e-01
-7.558955567600230685e-01 -3.537317178915769800e-01 -5.509045098997906731e-01
-7.558649361657604482e-01 -3.537508188220714334e-01 -5.509342578364907483e-01
-7.116084873507271258e-01 -3.796035577975043762e-01 -5.911975132203168837e-01
-6.430252870657519049e-01 -4.137877898662751797e-01 -6.444363003056162720e-01
-6.288224038467226107e-01 -4.201114957435343467e-01 -6.542848886873052772e-01
-6.155575563741346734e-01 -4.258078886123363160e-01 -6.631564949438466527e-01
-5.978966689587892347e-01 -4.330918409651788870e-01 -6.745005786041819995e-01
-6.061477294871510102e-01 -4.297305624196636198e-01 -6.692656974326797181e-01
-6.607012860886554151e-01 -4.055773457792961056e-01 -6.316492912617079902e-01
-7.396144007077884996e-01 -3.636401254794007776e-01 -5.663359404160966948e-01
-6.260449513594474880e-01 -4.213206980793265388e-01 -6.561681097457389145e-01
-5.249524158072581548e-01 -4.598683535777967624e-01 -7.162025261863923520e-01
-5.500987927373038877e-01 -4.512062318455594134e-01 -7.027120708887049094e-01
-6.491030100287371596e-01 -4.110082454726541878e-01 -6.401074163959699082e-01
-7.073737723543660483e-01 -3.819071139373687584e-01 -5.947850893467179212e-01
-4.954548849502237173e-01 -4.693247761996567347e-01 -7.309300318252786033e-01
-5.165253277779814356e-01 -4.626456880253370096e-01 -7.205279683089418352e-01
-7.338141595876992440e-01 -3.670545133327183240e-01 -5.716535344338212754e-01
-7.256651918547533109e-01 -3.717539127130113918e-01 -5.789724153299281584e-01
-6.210947183058123100e-01 -4.234541036772551670e-01 -6.594906921037749781e-01
-5.942094129426662708e-01 -4.345707483107283942e-01 -6.768038403281896320e-01
-5.568637205507871446e-01 -4.487771887854346553e-01 -6.989290604633472404e-01
-5.219511046964234735e-01 -4.608645790480163096e-01 -7.177540554292103359e-01
-5.072809303597844988e-01 -4.656221253190737652e-01 -7.251634947421582433e-01
-4.755904303373403863e-01 -4.752860199520342332e-01 -7.402141188937819694e-01
-4.460975780097978793e-01 -4.835620971992294348e-01 -7.531033455284044109e-01
-4.473652678350658052e-01 -4.832200905861881446e-01 -7.525707017873708438e-01
-4.289374457396162854e-01 -4.880735484640635891e-01 -7.601295145776614248e-01
-4.469972656419586854e-01 -4.833194978223990801e-01 -7.527255193849322623e-01
-4.619103609122064968e-01 -4.792084946375156917e-01 -7.463230112687141427e-01
-4.345070619249430943e-01 -4.866332272536638692e-01 -7.578863471986003741e-01
-4.104516822336222170e-01 -4.926921352922911668e-01 -7.673225373809323679e-01
-4.478968558157985780e-01 -4.830763138428257331e-01 -7.523467827766324723e-01
-4.382740113667629167e-01 -4.856460896275774930e-01 -7.563489714344361348e-01
-4.592127522956376828e-01 -4.799647582456521011e-01 -7.475008220539012260e-01
-4.592600529978051460e-01 -4.799515460753366880e-01 -7.474802453177924466e-01
-4.957767747308798878e-01 -4.692255335299956864e-01 -7.307754705249330796e-01
-5.335377097228882759e-01 -4.569748732124045421e-01 -7.116961975141932184e-01
-5.210702430210416569e-01 -4.611554726627472567e-01 -7.182070953918451295e-01
-5.185118477320120878e-01 -4.619965324336204882e-01 -7.195169683758996237e-01
-6.051402081048186110e-01 -4.301448861013890679e-01 -6.699109683351063271e-01
-6.609491255890562744e-01 -4.054594440411551370e-01 -6.314656701839770347e-01
-6.774031053269589098e-01 -3.974528665630298052e-01 -6.189961645714966432e-01
-6.651003337349736810e-01 -4.034729115709991820e-01 -6.283718291696783753e-01
-7.730218220242346394e-01 -3.427566694491281374e-01 -5.338118846770589787e-01
-9.141169969835538645e-01 -2.190658453128386252e-01 -3.411748396982707821e-01
-9.791037731975382741e-01 -1.098765566947105254e-01 -1.711225981548244734e-01
-9.973605182658098478e-01 -3.923054865332827740e-02 -6.109795951514342127e-02
-9.982891284860553327e-01 3.159182256263089877e-02 4.920134849496839158e-02
-9.999332886969778400e-01 6.240857803067352029e-03 9.719560150969914006e-03
-9.304220467257101612e-01 -1.980153145806110015e-01 -3.083905805278140400e-01
-9.319458022238505945e-01 -1.959123210150794658e-01 -3.051153621039556230e-01
-9.338603984666766777e-01 -1.932324979316696889e-01 -3.009417849331447736e-01
-9.180456765211938430e-01 -2.142161592514116863e-01 -3.336219011640532139e-01
-9.301208353361746228e-01 -1.984279852793343901e-01 -3.090332770617446045e-01
-9.284599056309907894e-01 -2.006859101053508621e-01 -3.125497866274726810e-01
-9.263374815091903747e-01 -2.035289959010031513e-01 -3.169776304074781725e-01
-9.348585899364704188e-01 -1.918182893147505064e-01 -2.987392855088813470e-01
-9.416055069713654690e-01 -1.819295581342046941e-01 -2.833384991812634701e-01
-9.341028683876596572e-01 -1.928900656783782142e-01 -3.004084782966976452e-01
-9.308166651006912762e-01 -1.974731649258491817e-01 -3.075462324675689585e-01
-9.506167607736630831e-01 -1.676920923266595753e-01 -2.611649599530826982e-01
-9.827820053371331133e-01 -9.983103871252015094e-02 -1.554776308512014482e-01
-9.926053254531376213e-01 -6.558537358044942700e-02 -1.021431674385694793e-01
-9.974549741131111258e-01 -3.852311722713785275e-02 -5.999620034733083029e-02
-9.999886997247373621e-01 -2.568591867558031334e-03 -4.000344816020639377e-03
-9.937252042924771267e-01 6.043231983548089797e-02 9.411776173059359374e-02
-9.895541208281983803e-01 7.789098551354710354e-02 1.213080225197813167e-01
-9.955709850110933123e-01 5.079535342624841299e-02 7.910907580261512806e-02
-9.985798456705088366e-01 2.878494101345663997e-02 4.482988948809307761e-02
-9.704114094813791613e-01 1.304600127388843289e-01 2.031794315981153565e-01
-9.511990839457629132e-01 1.667253354424074185e-01 2.596593253136850188e-01
-9.703434166910844816e-01 1.306075678428919029e-01 2.034092350569089991e-01
-9.686931697650467132e-01 1.341360111381330600e-01 2.089044599009244330e-01
-9.758534367909122986e-01 1.180162599848778304e-01 1.837994349353299639e-01
-9.850153248195137046e-01 9.318422972616280386e-02 1.451258391915428991e-01
-9.780348481360066071e-01 1.126213931618845893e-01 1.753974276717158165e-01
-9.700266961849973724e-01 1.312925805957019798e-01 2.044760792096225743e-01
-9.641451491515138361e-01 1.433829694949785294e-01 2.233057442754377286e-01
-9.730817110240213008e-01 1.245182711157580002e-01 1.939257172963548825e-01
-9.734989633894172156e-01 1.235625047455169573e-01 1.924371993683761106e-01
-9.654247931258208570e-01 1.408469444409599924e-01 2.193561192663908976e-01
-9.427575272502203285e-01 1.801794737700984361e-01 2.806129042738066404e-01
-9.487148218444648728e-01 1.708074855306711548e-01 2.660168973943476400e-01
-9.310553317599018497e-01 1.971444353610241618e-01 3.070342665039880181e-01
-9.410714453101564070e-01 1.827344692522767655e-01 2.845920739742094918e-01
-9.470300023868702954e-01 1.735154374805323307e-01 2.702342826790557484e-01
-9.514580877024264582e-01 1.662933474763148012e-01 2.589865439183344220e-01
-9.228102644608449090e-01 2.081540251492634552e-01 3.241806866854736180e-01
-9.068384823899682257e-01 2.277257034433916028e-01 3.546617696452095125e-01
-8.955009737644284984e-01 2.404667028986766930e-01 3.745047006166943859e-01
-8.961751702979953160e-01 2.397323609132687716e-01 3.733610307360817337e-01
-8.855649801240118579e-01 2.509788052049562457e-01 3.908763299508568045e-01
-8.847416994466777984e-01 2.518250022701854496e-01 3.921942037968250694e-01
-8.944697931970172489e-01 2.415844952506729648e-01 3.762455590602535871e-01
-9.210342827818678302e-01 2.104377602409145953e-01 3.277373933582765630e-01
-9.285033177927565218e-01 2.006272686235841540e-01 3.124584579307840282e-01
-9.292434231603123873e-01 1.996244543800661519e-01 3.108966672815351440e-01
-9.323254711696218333e-01 1.953842628411386617e-01 3.042929602247931298e-01
-9.360526612780760702e-01 1.901107353410229350e-01 2.960799277599328039e-01
-9.058056268080636464e-01 2.289225651487727387e-01 3.565257713105137727e-01
-9.540978938413465782e-01 1.618177975510894373e-01 2.520162878927097450e-01
-9.490919479865193020e-01 1.701947754674399682e-01 2.650626580088976669e-01
-9.496098295792040345e-01 1.693493708291355926e-01 2.637460182947433118e-01
-9.632431276894393157e-01 1.451420118810842208e-01 2.260452904755541059e-01
-9.737176298358346527e-01 1.230584937638609794e-01 1.916522487722341628e-01
-9.674569646581134830e-01 1.367157252648497356e-01 2.129221266092743425e-01
-9.738630094883482524e-01 1.227221952410146033e-01 1.911284948549631935e-01
-9.692583801409662136e-01 1.329387362966888142e-01 2.070398148143241246e-01
-9.645568267665075579e-01 1.425723859453537357e-01 2.220433351937738942e-01
-9.691681336587275597e-01 1.331306731277270561e-01 2.073387387176288954e-01
-9.788830544725247718e-01 1.104491646610983174e-01 1.720143822248757504e-01
-9.772426155818151328e-01 1.146114415422144900e-01 1.784967443916785634e-01
-9.837498232599938275e-01 9.700839425783461256e-02 1.510816225735198415e-01
-9.890867269049974375e-01 7.960515499367729064e-02 1.239776833095037473e-01
-9.899197101180117198e-01 7.652284509241409627e-02 1.191772700594961737e-01
-9.953169067322056307e-01 5.222869394732454484e-02 8.134137140219996343e-02
-9.920777171880159617e-01 6.787582648114091899e-02 1.057103364790646233e-01
-9.908175063950875883e-01 7.305212672454365619e-02 1.137719464632730992e-01
-9.895840917386495850e-01 7.777975018951500952e-02 1.211347837668792504e-01
-9.955907616369598090e-01 5.068207089506483742e-02 7.893264871348136535e-02
-9.944107192908567816e-01 5.704559071363515810e-02 8.884324363491734322e-02
-9.949540546131758756e-01 5.420939281265243354e-02 8.442612711527683333e-02
-9.999596873638912919e-01 -4.851410692444932567e-03 -7.555624487887125165e-03
-9.996643439199702774e-01 -1.399789177869438170e-02 -2.180042478502197678e-02
-9.968196993713849263e-01 -4.305665971941547571e-02 -6.705677444485523553e-02
-9.950655746605350238e-01 -5.360850542866809482e-02 -8.349030046181193931e-02
-9.985128042427664496e-01 -2.945603976370684066e-02 -4.587506386573899503e-02
-9.875706540413151657e-01 -8.492239761545201937e-02 -1.322587980425199983e-01
-9.912181413380092287e-01 -7.144789905069043323e-02 -1.112735098919089283e-01
-9.856249539559135409e-01 -9.128303144547059156e-02 -1.421648983030922297e-01
-9.813908178751903355e-01 -1.037493864713376901e-01 -1.615800959186680930e-01
-9.653726944258814724e-01 -1.409511519939931345e-01 -2.195184129144521212e-01
-9.717895230986706157e-01 -1.274301846339766786e-01 -1.984607539031556511e-01
-9.702718594411171571e-01 -1.307626674153690161e-01 -2.036507883291755749e-01
-9.518894289655115415e-01 -1.655711567052482180e-01 -2.578617984328008816e-01
-9.520337234201365906e-01 -1.653287883011805570e-01 -2.574843320080936193e-01
-9.552501382311839873e-01 -1.598209959426565574e-01 -2.489064536431330743e-01
-9.198317844294485734e-01 -2.119676174094833609e-01 -3.301200047302242924e-01
-9.263413168635761252e-01 -2.035238999126856851e-01 -3.169696938759078431e-01
-9.043881091689284224e-01 -2.305528552355196326e-01 -3.590647976850416256e-01
-9.034460988543645543e-01 -2.316285163350333409e-01 -3.607400405905350493e-01
-8.850468996960432211e-01 -2.515117304766499307e-01 -3.917063118856563553e-01
-8.713466939957096313e-01 -2.651089706817880698e-01 -4.128827588151266492e-01
-8.797566372395384526e-01 -2.568728422614167672e-01 -4.000557487919906841e-01
-8.917104953591347138e-01 -2.445441855599662928e-01 -3.808550036105332603e-01
-8.917621912651417793e-01 -2.444891481747225315e-01 -3.807692879616098036e-01
-8.744213266187998990e-01 -2.621370301682832693e-01 -4.082542357021793911e-01
-8.340536352869301062e-01 -2.980757933601438370e-01 -4.642255431117263687e-01
-7.731203201346210641e-01 -3.426918095690325572e-01 -5.337108713987780417e-01
-7.127061031094240606e-01 -3.790019493751461410e-01 -5.902605636161186720e-01
-6.332364703094993663e-01 -4.181714969054151632e-01 -6.512635195109971464e-01
-6.677708958150359031e-01 -4.021831339315278808e-01 -6.263631195108785299e-01
-5.970480722369851945e-01 -4.334334596106643178e-01 -6.750326181215471344e-01
-5.609152828803624091e-01 -4.473018022395582882e-01 -6.966312820599475097e-01
-4.867557265917279441e-01 -4.719746653047134366e-01 -7.350569895869726311e-01
-4.608046250514478692e-01 -4.795191632333430376e-01 -7.468068489396633147e-01
-4.396181925909882215e-01 -4.852912914034379632e-01 -7.557964059394673972e-01
-4.292358142140759725e-01 -4.879969675828323972e-01 -7.600102469216708512e-01
-4.190565121566492413e-01 -4.905729643568335074e-01 -7.640221241961865362e-01
-3.911261745291869651e-01 -4.972602390955996876e-01 -7.744369375312304404e-01
-3.693158717201246999e-01 -5.021050540749381064e-01 -7.819822898045759585e-01
-3.615734571497112304e-01 -5.037474104508915529e-01 -7.845401083111218643e-01
-3.690406241534152643e-01 -5.021641303485994134e-01 -7.820742956495196907e-01
-3.737331386784481513e-01 -5.011499880460354994e-01 -7.804948625936074524e-01
-4.174725595888291729e-01 -4.909670483946966257e-01 -7.646358737209176804e-01
-3.892231210413790166e-01 -4.976959613246531022e-01 -7.751155346965621362e-01
-3.473617931374923251e-01 -5.066583242326849756e-01 -7.890735879206915993e-01
-4.153460631746250797e-01 -4.914932760930266209e-01 -7.654554248032240382e-01
-4.787645373514763936e-01 -4.743548139542810849e-01 -7.387638514796363021e-01
-4.743567363081764854e-01 -4.756457951152336383e-01 -7.407744355120876589e-01
-4.071197596153114384e-01 -4.934985034797945147e-01 -7.685783814250659596e-01
-2.934140893464609046e-01 -5.165211406267015137e-01 -8.044340143595859471e-01
-2.538641446003535029e-01 -5.226019404588941875e-01 -8.139042989903229053e-01
-2.387874016732252636e-01 -5.246723705516308511e-01 -8.171288028101090228e-01
-2.476007645310004113e-01 -5.234784525146701784e-01 -8.152693856367416725e-01
-2.552545741029773607e-01 -5.224041875666596280e-01 -8.135963171083839818e-01
-2.477983446182579486e-01 -5.234511593087148862e-01 -8.152268789869563381e-01
-2.405382365787080146e-01 -5.244388484630602143e-01 -8.167651137054915411e-01
-2.417417479937286895e-01 -5.242772768174516207e-01 -8.165134807765355163e-01
-3.392017959731801202e-01 -5.082697457309994782e-01 -7.915832282098416162e-01
-2.662281524107281139e-01 -5.208028188452809015e-01 -8.111023330916879992e-01
-2.542166691620286745e-01 -5.225519121764828911e-01 -8.138263845568445287e-01
-2.773100848625369985e-01 -5.191119048643544343e-01 -8.084688905960660810e-01
-3.937742802704932155e-01 -4.966497519985725306e-01 -7.734861602105183032e-01
-3.019514711130200091e-01 -5.150827757456971634e-01 -8.021938937830372929e-01
-3.578815423043597010e-01 -5.045164607522564237e-01 -7.857378331911157865e-01
-3.411189035212420784e-01 -5.078950578419141326e-01 -7.909996863970454317e-01
-2.341639157559987083e-01 -5.252803513690347259e-01 -8.180756768315758931e-01
-2.024641592753050334e-01 -5.291124685904812219e-01 -8.240438457940396644e-01
-3.969320104831219886e-01 -4.959153990629617814e-01 -7.723424732759750500e-01
-3.118781210039260343e-01 -5.133531707926861642e-01 -7.995001936686166877e-01
-2.873073629057192879e-01 -5.175223183673750560e-01 -8.059932563066634081e-01
-2.920185211837240669e-01 -5.167519675585832140e-01 -8.047935060063567958e-01
-3.091294715623678635e-01 -5.138382788750412988e-01 -8.002557047433691562e-01
-3.265804135999597624e-01 -5.106772173335105691e-01 -7.953326430804795732e-01
-3.273507243023793256e-01 -5.105332193711568101e-01 -7.951083795415754274e-01
-3.330793796855426314e-01 -5.094503900490073844e-01 -7.934219727907769748e-01
-3.236660414237104155e-01 -5.112185821572892142e-01 -7.961757688388889642e-01
-3.094855469945563264e-01 -5.137757031188088241e-01 -8.001582487772365138e-01
-3.432540577644039859e-01 -5.074749397232273251e-01 -7.903453911937350362e-01
-3.501839975458101994e-01 -5.060908672753564597e-01 -7.881898260719389926e-01
-3.510065349061147200e-01 -5.059244960508395561e-01 -7.879307182417161215e-01
-3.486511881188266715e-01 -5.063997158313928715e-01 -7.886708291988585584e-01
-3.701243964287210808e-01 -5.019312257159855850e-01 -7.817115681755791856e-01
-3.714548756570478782e-01 -5.016442208264333402e-01 -7.812645845435767233e-01
-3.378334849491245739e-01 -5.085357152688539939e-01 -7.919974512226188867e-01
-3.222718321493697191e-01 -5.114756492894150242e-01 -7.965761271762165086e-01
-3.110693556369973356e-01 -5.134964030351453212e-01 -7.997232646694423241e-01
-4.441820833927704326e-01 -4.840765763886544226e-01 -7.539045993921892341e-01
-4.004494350840599459e-01 -4.950891920100446431e-01 -7.710557320295975403e-01
-4.343000211099741215e-01 -4.866871779600215886e-01 -7.579703704454325841e-01
-4.705787348068709020e-01 -4.767400663437756925e-01 -7.424786619762867579e-01
-4.466617624237874673e-01 -4.834100371348811209e-01 -7.528665260095769307e-01
-4.292941641180276213e-01 -4.879819835470776690e-01 -7.599869106686401032e-01
-4.479485125223364728e-01 -4.830623310489950417e-01 -7.523250058655083228e-01
-4.654027234360061938e-01 -4.782210505273143397e-01 -7.447851581838216273e-01
-4.285944312425821745e-01 -4.881615078100068339e-01 -7.602665031424888920e-01
-5.746677872971645007e-01 -4.421762684734742987e-01 -6.886487361796687079e-01
-4.809063640719956068e-01 -4.737219114474925385e-01 -7.377781642266103557e-01
-5.247789648825514908e-01 -4.599261415740099612e-01 -7.162925256580872091e-01
-7.404370766503532986e-01 -3.631510570708354479e-01 -5.655742614987122607e-01
-9.266206348081355015e-01 -2.031523731131864574e-01 -3.163910751684514411e-01
-8.942943445966012872e-01 -2.417740380277264844e-01 -3.765407544453892030e-01
-6.129531430834893602e-01 -4.269032578703889080e-01 -6.648624314876871999e-01
-4.910094023791957141e-01 -4.706866622855302995e-01 -7.330510437355178821e-01
-5.596518639441546705e-01 -4.477635493258739774e-01 -6.973504105390123664e-01
-5.744194214101544516e-01 -4.422704676039635463e-01 -6.887954426331484026e-01
-6.090486518414489625e-01 -4.285315151881504137e-01 -6.673982920120948847e-01
-6.198995170271009991e-01 -4.239650628179748026e-01 -6.602864638165147904e-01
-6.125057777067395293e-01 -4.270906623596555374e-01 -6.651542966869061768e-01
-5.495791283419185769e-01 -4.513910599815917357e-01 -7.029999236554952402e-01
