-1.000000000000000000e+00 -3.308397447266757959e-17 -5.152523740601807931e-17
-1.000000000000000000e+00 -3.308397447266757959e-17 -5.152523740601807931e-17
-1.000000000000000000e+00 -3.308397447266757959e-17 -5.152523740601807931e-17
-1.000000000000000000e+00 -3.308397447266757959e-17 -5.152523740601807931e-17
-1.000000000000000000e+00 -3.308397447266757959e-17 -5.152523740601807931e-17
-1.000000000000000000e+00 -3.308397447266757959e-17 -5.152523740601807931e-17
-1.000000000000000000e+00 -3.308397447266757959e-17 -5.152523740601807931e-17
-1.000000000000000000e+00 -3.308397447266757959e-17 -5.152523740601807931e-17
-1.000000000000000000e+00 -3.308397447266757959e-17 -5.152523740601807931e-17
-1.000000000000000000e+00 -3.308397447266757959e-17 -5.152523740601807931e-17
-1.000000000000000000e+00 -3.308397447266757959e-17 -5.152523740601807931e-17
-1.000000000000000000e+00 -3.308397447266757959e-17 -5.152523740601807931e-17
-1.000000000000000000e+00 -3.308397447266757959e-17 -5.152523740601807931e-17
-1.000000000000000000e+00 -3.308397447266757959e-17 -5.152523740601807931e-17
-1.000000000000000000e+00 -3.308397447266757959e-17 -5.152523740601807931e-17
-1.000000000000000000e+00 -3.308397447266757959e-17 -5.152523740601807931e-17
-1.000000000000000000e+00 -3.308397447266757959e-17 -5.152523740601807931e-17
-1.000000000000000000e+00 -3.308397447266757959e-17 -5.152523740601807931e-17
-1.000000000000000000e+00 -3.308397447266757959e-17 -5.152523740601807931e-17
-1.000000000000000000e+00 -3.308397447266757959e-17 -5.152523740601807931e-17
-1.000000000000000000e+00 -3.308397447266757959e-17 -5.152523740601807931e-17
-1.000000000000000000e+00 -3.308397447266757959e-17 -5.152523740601807931e-17
-1.000000000000000000e+00 -3.308397447266757959e-17 -5.152523740601807931e-17
-1.000000000000000000e+00 -3.308397447266757959e-17 -5.152523740601807931e-17
-1.000000000000000000e+00 -3.308397447266757959e-17 -5.152523740601807931e-17
-1.000000000000000000e+00 -3.308397447266757959e-17 -5.152523740601807931e-17
-1.000000000000000000e+00 -3.308397447266757959e-17 -5.152523740601807931e-17
-1.000000000000000000e+00 -3.308397447266757959e-17 -5.152523740601807931e-17
-1.000000000000000000e+00 -3.308397447266757959e-17 -5.152523740601807931e-17
-1.000000000000000000e+00 -3.308397447266757959e-17 -5.152523740601807931e-17
-1.000000000000000000e+00 -3.308397447266757959e-17 -5.152523740601807931e-17
-1.000000000000000000e+00 -3.308397447266757959e-17 -5.152523740601807931e-17
-1.000000000000000000e+00 -3.308397447266757959e-17 -5.152523740601807931e-17
-9.901667846200196133e-01 7.558390638931465622e-02 1.177149596703116613e-01
-9.885206764825520409e-01 8.163192245112185774e-02 1.271341866038070978e-01
-9.873482288287243058e-01 8.567408428384798436e-02 1.334294806664000077e-01
-9.829967508321179048e-01 9.921190342300779952e-02 1.545133847687084339e-01
-9.624392802917108858e-01 1.466904658256031335e-01 2.284568646100202383e-01
-9.576777995967197255e-01 1.555218982951722395e-01 2.422110057578952813e-01
-9.999542365909682706e-01 -5.168994075712491504e-03 -8.050231302210060502e-03
-9.973152300068377496e-01 -3.956522778645074623e-02 -6.161919138234916299e-02
-9.985400670993018757e-01 -2.918500006845498387e-02 -4.545294455066563322e-02
-9.975129814785150817e-01 -3.808212164779070652e-02 -5.930939042551691687e-02
-9.902348492679072800e-01 7.532314758600332227e-02 1.173088518957628168e-01
-9.909185245680340870e-01 7.265102918454867387e-02 1.131472740561448309e-01
-9.739950358920121953e-01 1.224159418843065172e-01 1.906515335115245569e-01
-9.858615076727780258e-01 9.053423790991332876e-02 1.409987214666436894e-01
-9.986597840174006313e-01 2.796363690205709573e-02 4.355078412070859106e-02
-9.968712415727630782e-01 4.270688233023585412e-02 6.651202843703725442e-02
-9.975333665992266452e-01 3.792592188675007053e-02 5.906612371108298232e-02
-9.935500965079653302e-01 6.126705514063743307e-02 9.541778494288656598e-02
-9.920390988420614287e-01 6.804040124333918249e-02 1.059666464849954443e-01
-9.928266582552321973e-01 6.459997409597774409e-02 1.006084986695823108e-01
-9.899257309024672713e-01 7.650010451747282780e-02 1.191418537124195320e-01
-9.947538655978478417e-01 5.527149160975634856e-02 8.608024798623313545e-02
-9.998090667074738258e-01 -1.055776323441051309e-02 -1.644274201634845708e-02
-9.875568314096918598e-01 -8.496930998040365390e-02 -1.323318597220775328e-01
-9.999347569893547449e-01 6.171798403139553899e-03 9.612006508062329382e-03
-9.967592287086352032e-01 4.346341660284924052e-02 6.769026075717152202e-02
-9.960122964807764934e-01 4.820364262708373010e-02 7.507272538392452399e-02
-9.905221422967724898e-01 7.421221934583041580e-02 1.155786836729802425e-01
-9.863798177076591456e-01 8.887086926089793337e-02 1.384081782837183194e-01
-9.936518479336292620e-01 6.078342131367593659e-02 9.466456988487231827e-02
-9.946385136872352151e-01 5.587422624613048311e-02 8.701895156483928362e-02
-9.901096827837855274e-01 7.580196046608003724e-02 1.180545587738585644e-01
-9.869135139173701443e-01 8.712400406719399137e-02 1.356875969371130197e-01
-9.882386838961837450e-01 8.262263510037520797e-02 1.286771301366675946e-01
-9.912829210078459852e-01 7.118505028718299932e-02 1.108641471972064557e-01
-9.920424061384006675e-01 6.802632280989384661e-02 1.059447206239966383e-01
-9.858096942865839374e-01 9.069879354397838989e-02 1.412550016822721188e-01
-9.697136793923784026e-01 1.319658712121643540e-01 2.055246672166387290e-01
-9.749766956898948678e-01 1.201130340637407007e-01 1.870649670826071698e-01
-9.744674557641921364e-01 1.213134231122764417e-01 1.889344622593878698e-01
-9.810463227473358305e-01 1.046961898474959712e-01 1.630546548104263582e-01
-9.967684533002246772e-01 4.340161523652601161e-02 6.759401083186548920e-02
-9.971186360560366779e-01 4.098621480316982923e-02 6.383224753882178748e-02
-9.983024384243814886e-01 3.146880116532825566e-02 4.900975402051140767e-02
-9.978583622687254850e-01 3.534208554063463653e-02 5.504203702639870466e-02
-9.920613711693099246e-01 6.794553561153608701e-02 1.058189020172210365e-01
-9.918791768382192453e-01 6.871765701856680231e-02 1.070214098609020836e-01
-9.891425094164654208e-01 7.940255933885045914e-02 1.236621592716949242e-01
-9.913554061464433520e-01 7.088976009124195454e-02 1.104042599650330025e-01
-9.912873644972682863e-01 7.116698425802668593e-02 1.108360110238445773e-01
-9.896763500609292441e-01 7.743631446308517352e-02 1.205999143136149698e-01
-9.932169825155977572e-01 6.282399916195255396e-02 9.784258158853799403e-02
-9.961963176578897405e-01 4.708044577755593485e-02 7.332344993416187173e-02
-9.930094021667172921e-01 6.377473369188724206e-02 9.932326288955442561e-02
-9.852499362655086079e-01 9.245733365561192851e-02 1.439937656362456353e-01
-9.780771024920321688e-01 1.125142178785693420e-01 1.752305120575886055e-01
-9.999245433691481555e-01 6.637313498929655990e-03 1.033700331418930390e-02
-9.797386166211673464e-01 -1.082119679791699041e-01 -1.685301548308681119e-01
-9.979669978305651945e-01 -3.443498492539612266e-02 -5.362931152118701611e-02
-9.998601917824967433e-01 9.034476408208006945e-03 1.407036334635562540e-02
-9.622451311592938872e-01 1.470618191973304678e-01 2.290352132197250035e-01
-9.680680350555015412e-01 1.354470955635403151e-01 2.109463529127283965e-01
-9.862431227382136845e-01 8.931264588419064732e-02 1.390962046094063598e-01
-9.921386447706050937e-01 6.761535175136081099e-02 1.053046711228276949e-01
-9.880060357210235233e-01 8.343092254023853904e-02 1.299359632392522723e-01
-9.934358551447527441e-01 6.180548686987716311e-02 9.625634267720381554e-02
-9.957158731280448816e-01 4.995941434156796201e-02 7.780717781479283557e-02
-9.949314019781767549e-01 5.433062851829897205e-02 8.461494053975472662e-02
-9.969501085603251767e-01 4.216602081689708320e-02 6.566968653819491020e-02
-9.888979237497115271e-01 8.028698903640608953e-02 1.250395769145822567e-01
-9.753591087849197150e-01 1.192032390333875591e-01 1.856480452744825316e-01
-9.852242250935632217e-01 9.253728157609589222e-02 1.441182771451774980e-01
-9.943591964540774431e-01 5.730717477505287150e-02 8.925063667281589452e-02
-9.972259225696347151e-01 4.021700337842817191e-02 6.263427172403633614e-02
-9.814303255159508854e-01 1.036402302592096397e-01 1.614100951907057879e-01
-9.926161836532083615e-01 6.553738229473268784e-02 1.020684254394780971e-01
-9.999238420683720374e-01 6.668084891475987118e-03 1.038492691863934607e-02
-9.984909909512282855e-01 2.967111319717262094e-02 4.621002089238664817e-02
-9.976354405548556459e-01 3.713385664635291544e-02 5.783255518725781419e-02
-9.969953181150871258e-01 4.185280728268218897e-02 6.518188536054218829e-02
-9.939187368090056651e-01 5.949595610194963191e-02 9.265946161890531441e-02
-9.961412739126205285e-01 4.741922304536907995e-02 7.385106426799155355e-02
-9.935891407244918927e-01 6.108193303932688695e-02 9.512947435230117987e-02
-9.896278673952916272e-01 7.761698680108597426e-02 1.208812948084488637e-01
-9.844655331509780671e-01 9.486516741578593370e-02 1.477437445340255007e-01
-9.875539429026900518e-01 8.497910987475468247e-02 1.323471221532405984e-01
-9.903870026110493940e-01 7.473688568889734485e-02 1.163958030885391265e-01
-9.885014343634241918e-01 8.169991592293004978e-02 1.272400801620272859e-01
-9.905830825220810487e-01 7.397438405495679326e-02 1.152082771537781269e-01
-9.921236038050210704e-01 6.767974885866001600e-02 1.054049636751808877e-01
-9.962407802543031821e-01 4.680498811134118503e-02 7.289445003698361014e-02
-9.966882366842162444e-01 4.393610933042235711e-02 6.842643606248209609e-02
-9.978613489742362841e-01 3.531745949072630231e-02 5.500368422604372948e-02
-9.981942977719640009e-01 3.245478568409910364e-02 5.054533392643527356e-02
-9.984868165799896111e-01 2.971209341898970249e-02 4.627384380640263417e-02
-9.944213290745763656e-01 5.699157353792833752e-02 8.875911686820749102e-02
-9.741392715174844730e-01 1.220804417960244109e-01 1.901290230824115857e-01
-9.917417353642553612e-01 6.929433490768616144e-02 1.079195324600542572e-01
-9.937235881052163267e-01 6.044007755605838861e-02 9.412984366454670015e-02
-9.845601104256150871e-01 9.457820012065901172e-02 1.472968194518715079e-01
-9.779530310625342837e-01 1.128286140300280710e-01 1.757201550524721823e-01
-9.805109647113001703e-01 1.061501513088433657e-01 1.653190656216793064e-01
-9.815239132539480549e-01 1.033811779252656604e-01 1.610066450847315589e-01
-9.709599946531025649e-01 1.292629525650437206e-01 2.013151208364992450e-01
-9.756165675709054241e-01 1.185865873176212421e-01 1.846876671289263416e-01
-9.617628764603841640e-01 1.479798845083830361e-01 2.304650152268959973e-01
-9.466258108509936209e-01 1.741581107729390232e-01 2.712351870290793387e-01
-8.254069234621340678e-01 3.050213062565160227e-01 4.750425385482266449e-01
-8.289270581138937777e-01 3.022217218118412596e-01 4.706824441082664845e-01
-9.633089306896576165e-01 1.450144655954204165e-01 2.258466489050102721e-01
-9.677616094299479332e-01 1.360848374589495868e-01 2.119395770669748602e-01
-9.809910328560791370e-01 1.048473204572300116e-01 1.632900267894579760e-01
-9.891621289648047100e-01 7.933117768997730024e-02 1.235509889403412914e-01
-9.887682900459394686e-01 8.075173352563269624e-02 1.257633735720945778e-01
-9.957712381547438873e-01 4.963623298689402719e-02 7.730385267655921766e-02
-9.981889762795360665e-01 3.250253013934904095e-02 5.061969150985095450e-02
-9.991211499791824435e-01 2.264716069119296349e-02 3.527086300196476815e-02
-9.989034638848107717e-01 2.529555434591380589e-02 3.939549173775404312e-02
-9.994930203855217909e-01 1.720251779006793519e-02 2.679133408976517444e-02
-9.977222852917968510e-01 -3.644634998606993692e-02 -5.676182700378139961e-02
-9.952722213324401990e-01 -5.247669406495797384e-02 -8.172760870111760168e-02
-9.951152541647030336e-01 -5.333862318984383677e-02 -8.306998377831988079e-02
-9.956332759870737403e-01 -5.043767531796022191e-02 -7.855202515382714301e-02
-9.944674979277147164e-01 -5.675591051883295546e-02 -8.839209346185285254e-02
-9.936973489607400234e-01 -6.056588501854606038e-02 -9.432577717844424503e-02
-9.926073321498511959e-01 -6.557650702811149146e-02 -1.021293586014673238e-01
-9.894206321943777027e-01 -7.838446309744287466e-02 -1.220765683208846486e-01
-9.907250677375262216e-01 -7.341720331381904052e-02 -1.143405195635012611e-01
-9.947982490237542441e-01 -5.503780292928209944e-02 -8.571629943009814734e-02
-9.999925890259145911e-01 2.080121301922538066e-03 3.239596983833372378e-03
-9.875829875504829047e-01 8.488051671148560962e-02 1.321935723991671807e-01
-9.905570462863859671e-01 7.407609254841593383e-02 1.153666787471544081e-01
-9.978807324049875360e-01 3.515721776696281720e-02 5.475412252764246673e-02
-9.827189934703058904e-01 -1.000119561084275438e-01 -1.557593930011120786e-01
-9.493215274278994364e-01 -1.698205796624015773e-01 -2.644798825715973245e-01
-9.381679618171147039e-01 -1.870420731077376553e-01 -2.913007694934575675e-01
-9.382407276751714154e-01 -1.869354912750932352e-01 -2.911347781239892463e-01
-9.453515647276838907e-01 -1.761670719519117800e-01 -2.743639586877433256e-01
-9.686358990882715236e-01 -1.342566920679632569e-01 -2.090924093132605077e-01
-9.692914696220846782e-01 -1.328682874123631730e-01 -2.069300971776821263e-01
-9.562842523601654543e-01 -1.580053366651102409e-01 -2.460787318589411354e-01
-9.545877641904241262e-01 -1.609721894185412727e-01 -2.506993312550482855e-01
-9.342337278046971560e-01 -1.927049674283507208e-01 -3.001202048522847443e-01
-9.177674566820921420e-01 -2.145639000359134685e-01 -3.341634753480138276e-01
-8.810039299433986004e-01 -2.556218548155544390e-01 -3.981074512803582932e-01
-9.094174931964694730e-01 -2.247032930873999745e-01 -3.499546444097111908e-01
-9.005631390733228603e-01 -2.348830485031717374e-01 -3.658086741293317123e-01
-8.972460447940300288e-01 -2.385601630434730780e-01 -3.715354407188378727e-01
-8.888098636664648611e-01 -2.476076585594207125e-01 -3.856260801241552794e-01
-8.722750129313190381e-01 -2.642162810194468858e-01 -4.114924770392769937e-01
-8.944014272846135816e-01 -2.416583752491750781e-01 -3.763606203406182349e-01
-8.864362093907738327e-01 -2.500793449525940404e-01 -3.894755036058079045e-01
-7.703397636845136232e-01 -3.445149215962179379e-01 -5.365502001528277276e-01
-8.401875716150944973e-01 -2.930037259037229225e-01 -4.563262660751257194e-01
-8.540950403186930995e-01 -2.810203980153108683e-01 -4.376633386546402438e-01
-8.590749791664940016e-01 -2.765536073584016763e-01 -4.307067243811535384e-01
-7.433565120105987134e-01 -3.614057431234153350e-01 -5.628560960750522701e-01
-7.467731420439908119e-01 -3.593436352660612232e-01 -5.596445533689374807e-01
-8.961499120275348007e-01 -2.397599230200495313e-01 -3.734039561740898350e-01
-8.976128874871760477e-01 -2.381569606664959982e-01 -3.709074902223344905e-01
-8.995544168128498663e-01 -2.360087545107159290e-01 -3.675618573611713624e-01
-8.976521255159868318e-01 -2.381137833660054159e-01 -3.708402455610207982e-01
-8.015698876136837514e-01 -3.230473384429695671e-01 -5.031164203202872498e-01
-7.823942620502740697e-01 -3.364913311057645684e-01 -5.240541983435280660e-01
-8.590175845972713997e-01 -2.766056477813548242e-01 -4.307877725378550515e-01
-8.342831094096280209e-01 -2.978882632504507577e-01 -4.639334822702849692e-01
-8.280476850871167915e-01 -3.029246358991513066e-01 -4.717771679376119298e-01
-8.591277559358115878e-01 -2.765057422429036960e-01 -4.306321788805354545e-01
-8.665701135520480491e-01 -2.696407541602196534e-01 -4.199405934108995098e-01
-8.440016742963392105e-01 -2.897860299573813414e-01 -4.513150015527024883e-01
-8.672480635638688540e-01 -2.690037054082088930e-01 -4.189484487635361520e-01
-9.452935509876406739e-01 -1.762579267393884763e-01 -2.745054566355814019e-01
-9.532349720766508661e-01 -1.632956687946848506e-01 -2.543179359835306408e-01
-8.924524409427961880e-01 -2.437527853172396508e-01 -3.796224707592170677e-01
-8.042490145521407063e-01 -3.210975840338189391e-01 -5.000798577422961300e-01
-7.128340579160459267e-01 -3.789316941680050954e-01 -5.901511476138200374e-01
-6.802526028653659296e-01 -3.960295737454820886e-01 -6.167795173430020705e-01
-6.544253129793250467e-01 -4.085369721273716115e-01 -6.362586361982929262e-01
-6.622824946877426955e-01 -4.048237867288727032e-01 -6.304756925755949926e-01
-6.898438725566556906e-01 -3.911562684486984409e-01 -6.091897940291894908e-01
-6.762953125161568213e-01 -3.980032152048936234e-01 -6.198532817975886955e-01
-6.170797448807566754e-01 -4.251642204025272154e-01 -6.621540411017752259e-01
-6.283487986461809838e-01 -4.203183112424539458e-01 -6.546069847429010213e-01
-6.724720775062118516e-01 -3.998898897132087127e-01 -6.227916032507481159e-01
-6.313916250668497598e-01 -4.189850571664295309e-01 -6.525305645459731352e-01
-6.365840908786930541e-01 -4.166850809744580553e-01 -6.489485638580743121e-01
-6.417819845892350772e-01 -4.143508896455699864e-01 -6.453132762516414767e-01
-6.357528629979307677e-01 -4.170553906002403277e-01 -6.495252869297816201e-01
-6.213857092272145888e-01 -4.233294600100360183e-01 -6.592965710936186108e-01
-6.295739539087349401e-01 -4.197827770594195207e-01 -6.537729396694266226e-01
-6.358917341812871937e-01 -4.169935804245888944e-01 -6.494290232847599320e-01
-6.441465660070871957e-01 -4.132783609471580299e-01 -6.436429117718207582e-01
-6.853046705840709629e-01 -3.934786583059421416e-01 -6.128067019325209586e-01
-7.414725788494788139e-01 -3.625337541071603220e-01 -5.646128690946323747e-01
-7.678182030507219036e-01 -3.461542799822002747e-01 -5.391033495666344155e-01
-7.597110633580861361e-01 -3.513374064129399232e-01 -5.471755907077313630e-01
-7.753020442368561138e-01 -3.412498807250294863e-01 -5.314652002787249030e-01
-8.235224096731792454e-01 -3.065047123738066093e-01 -4.773528066940954107e-01
-7.881554730556916688e-01 -3.325432089810111957e-01 -5.179053624485562279e-01
-7.702259508253140874e-01 -3.445891996228027665e-01 -5.366658813252030980e-01
-8.151041950886420695e-01 -3.130048954643984138e-01 -4.874762420510541094e-01
-9.067918183972935031e-01 -2.277799423012950575e-01 -3.547462416614848291e-01
-9.133480783735699049e-01 -2.200001173039465574e-01 -3.426298821141509077e-01
-8.644051080897805495e-01 -2.716618336101063735e-01 -4.230882381582943830e-01
-8.933152475552474936e-01 -2.428283920737505375e-01 -3.781828135811882707e-01
-8.980130636682569500e-01 -2.377161525495974093e-01 -3.702209722559860472e-01
-8.947064172232919166e-01 -2.413285679340036460e-01 -3.758469758803225091e-01
-9.170266771179765852e-01 -2.154865364372757219e-01 -3.356003964065432110e-01
-8.923778084758579032e-01 -2.438325384464392342e-01 -3.797466788986978425e-01
-8.766458439762079280e-01 -2.599590102499946265e-01 -4.048621706569845435e-01
-8.962229393238672071e-01 -2.396802240290090702e-01 -3.732798323497962256e-01
-9.115637708247459337e-01 -2.221500036315690874e-01 -3.459781316879202429e-01
-9.131244148361943314e-01 -2.202709878501873941e-01 -3.430517379952479073e-01
-9.342974245090004404e-01 -1.926147958519144332e-01 -2.999797709425985337e-01
-9.544583000112056848e-01 -1.611961423872466104e-01 -2.510481173384693232e-01
-9.841958999142755848e-01 -9.567841685044432831e-02 -1.490103054856337372e-01
-9.715407741551612686e-01 -1.279826928220727522e-01 -1.993212344232315747e-01
-9.723241752540311422e-01 -1.262339743948243664e-01 -1.965977668363885766e-01
-9.892756273379297305e-01 -7.891694238530419514e-02 -1.229058556770186023e-01
-9.721843591118589645e-01 -1.265479491974169923e-01 -1.970867536192932867e-01
-9.498615980809986814e-01 -1.689366810517228534e-01 -2.631032920475145920e-01
-9.854080876238848763e-01 -9.196399324379087026e-02 -1.432254334679911312e-01
-9.820585333715773357e-01 -1.018882328015269789e-01 -1.586815208165351099e-01
-9.873947179242690275e-01 8.551753437756461074e-02 1.331856686330602502e-01
-9.995143164043825967e-01 1.683742978007057509e-02 2.622274320281640231e-02
-9.871941345818522340e-01 -8.619090404325861765e-02 -1.342343797519603976e-01
-9.548116598561096069e-01 -1.605840755694004085e-01 -2.500948797483507069e-01
-8.226144737196680046e-01 -3.072156381773658573e-01 -4.784600080322153337e-01
-7.975587183018454374e-01 -3.259326765068303877e-01 -5.076100681091849642e-01
-7.555943415470997016e-01 -3.539195355894215189e-01 -5.511970186332406652e-01
-6.120479776981152531e-01 -4.272822113388873300e-01 -6.654526165468115373e-01
-5.846065264205675405e-01 -4.383564241723207355e-01 -6.826996811580732238e-01
-9.725234749601608941e-01 -1.257849885318839678e-01 -1.958985127851843588e-01
-9.951424882082599011e-01 -5.319008832081841692e-02 -8.283865442591910322e-02
-9.996060957914830736e-01 -1.516367115042312891e-02 -2.361601858379566710e-02
-9.999573955013157933e-01 -4.987408289434072661e-03 -7.767428195972514958e-03
-9.990957016670339863e-01 -2.297256445952124485e-02 -3.577764934439105204e-02
-9.991874110690469601e-01 -2.177704889503613225e-02 -3.391574416931677355e-02
-7.787085743367678781e-01 -3.389780005289147469e-01 -5.279269565118053231e-01
-6.639691114763638380e-01 -4.040164527436634345e-01 -6.292183443906534945e-01
-8.398167448333316853e-01 -2.933139118896730957e-01 -4.568093521257242107e-01
-9.088883356588303153e-01 -2.253274350630332656e-01 -3.509266879438437958e-01
-9.163016819334391938e-01 -2.163849875505804987e-01 -3.369996511106288506e-01
-8.808970231197312817e-01 -2.557293876870841975e-01 -3.982749238051331298e-01
-9.277987172024723117e-01 -2.015766026319083248e-01 -3.139369580486257028e-01
-9.296921930166868187e-01 -1.990135362931136354e-01 -3.099452187337838893e-01
-9.216886821465086754e-01 -2.095996742871110152e-01 -3.264321518198981531e-01
-9.102902101893751707e-01 -2.236693190568500300e-01 -3.483443252674401358e-01
-8.930115474178039747e-01 -2.431542728671354237e-01 -3.786903428461225740e-01
-9.111785329092773056e-01 -2.226108979319369741e-01 -3.466959320315625703e-01
-8.956746389233878336e-01 -2.402778123754467920e-01 -3.742105210567019946e-01
-8.736676599732621229e-01 -2.628696044743368265e-01 -4.093951525853109508e-01
-8.392178991078044215e-01 -2.938138493014278430e-01 -4.575879585126350069e-01
-8.827783041164276590e-01 -2.538285177322202046e-01 -3.953144942538635020e-01
-8.969261359944598055e-01 -2.389110899898935492e-01 -3.720819770559826156e-01
-8.570948456002795979e-01 -2.783414017504937110e-01 -4.334910491774924268e-01
-8.223448536646762452e-01 -3.074262868945828453e-01 -4.787880739715973943e-01
-7.509026164077123866e-01 -3.568226381329727137e-01 -5.557183329600324795e-01
-7.909694972651259981e-01 -3.305869823301842980e-01 -5.148587199513826596e-01
-5.730555813864601777e-01 -4.427866569115225248e-01 -6.895993598481250375e-01
-5.502302932571196958e-01 -4.511594215753255699e-01 -7.026391682122494764e-01
-6.865064016843157590e-01 -3.928666434698505627e-01 -6.118535452991886725e-01
-9.368352981790998291e-01 -1.889819786885194308e-01 -2.943219934300682628e-01
-6.865119776714669886e-01 -3.928637990206813035e-01 -6.118491153320800846e-01
-6.633581644877810657e-01 -4.043093186145466644e-01 -6.296744559602548419e-01
-7.499473926248904077e-01 -3.574086106044163658e-01 -5.566309310134940347e-01
-7.728833565641720638e-01 -3.428478126546891658e-01 -5.339538318094496638e-01
-8.751290494220089755e-01 -2.614466677093762459e-01 -4.071790598758658897e-01
-9.279237142104515002e-01 -2.014085686142706721e-01 -3.136752605715519837e-01
-9.549901352751866135e-01 -1.602739572418981628e-01 -2.496118990695416762e-01
-9.507046046317584320e-01 -1.675466514888855341e-01 -2.609384492688531232e-01
-9.427179506972537260e-01 -1.802399137556040254e-01 -2.807070339741110088e-01
-9.311880352922285997e-01 -1.969613811530735170e-01 -3.067491764664951326e-01
-8.996744163612987455e-01 -2.358751858846365734e-01 -3.673538365511438419e-01
-8.884594932918301602e-01 -2.479744664243031804e-01 -3.861973495263874012e-01
-8.108852371470035569e-01 -3.161877217681534069e-01 -4.924332003227570587e-01
-7.797462593172213019e-01 -3.382809268977987616e-01 -5.268413286540520879e-01
-7.968062739676839978e-01 -3.264694862332540581e-01 -5.084460997237869595e-01
-7.879754524183985032e-01 -3.326677260380445089e-01 -5.180992862750312122e-01
-7.784636595018465943e-01 -3.391421799485448973e-01 -5.281826508081667315e-01
-7.766673982433129897e-01 -3.403423162934313129e-01 -5.300517524223318233e-01
-7.986341332690897188e-01 -3.251630318701649869e-01 -5.064114176068030826e-01
-8.375789443568698589e-01 -2.951759627176863132e-01 -4.597093244689720026e-01
-7.552276171650812442e-01 -3.541479650185828110e-01 -5.515527763907549508e-01
-4.267096849336645126e-01 -4.886432773377404892e-01 -7.610168147264847471e-01
-4.251470078188174795e-01 -4.890407533392802653e-01 -7.616358469216476523e-01
-6.569083561024015028e-01 -4.073719627340216531e-01 -6.344442415697941762e-01
-6.348024933770648470e-01 -4.174777830763667374e-01 -6.501831242349370710e-01
-4.705564476577629995e-01 -4.767464882742029619e-01 -7.424886635403413759e-01
-3.551160683043687039e-01 -5.050865996054457741e-01 -7.866257718451989955e-01
-2.604072505524714365e-01 -5.216612646236452600e-01 -8.124392831781102053e-01
-1.481862813226568210e-01 -5.343370800638652662e-01 -8.321806960610087511e-01
-5.272055229946467358e-01 -4.591152951952032213e-01 -7.150297072442250990e-01
-5.268980252574501089e-01 -4.592183334165755859e-01 -7.151901797661250892e-01
-4.409914326958803144e-01 -4.849274317537226597e-01 -7.552297281103104165e-01
-5.662498625621114057e-01 -4.453353362138912086e-01 -6.935686926813020570e-01
-7.078035118340152421e-01 -3.816746079074817000e-01 -5.944229826597430266e-01
-5.420376252395359140e-01 -4.540453220896324416e-01 -7.071336919658165465e-01
-5.093740884875918029e-01 -4.649545548385873861e-01 -7.241238153190973081e-01
-5.010835039745079600e-01 -4.675770417450328953e-01 -7.282080966850017489e-01
-5.655842797949079959e-01 -4.455821793208796788e-01 -6.939531280429037663e-01
-7.297861482088197072e-01 -3.693914446038968902e-01 -5.752930892475424107e-01
-9.256574876548524511e-01 -2.044301555816334104e-01 -3.183811034552392893e-01
-8.686234762687314870e-01 -2.677050750351681607e-01 -4.169259517890910871e-01
-9.775897515279960981e-01 -1.137439375049628665e-01 -1.771456869028935899e-01
-9.992427223270058390e-01 -2.102311951178072180e-02 -3.274156872399049123e-02
-6.594718305755294940e-01 -4.061610613126858671e-01 -6.325583743424102456e-01
-6.802115095808265455e-01 -3.960501782737424481e-01 -6.168116069944775681e-01
-7.170505029128695362e-01 -3.766021705222062366e-01 -5.865231294930866035e-01
-7.785792627048985226e-01 -3.390647013240125629e-01 -5.280619849998243742e-01
-6.332062200506272109e-01 -4.181848689221797644e-01 -6.512843451932005534e-01
-5.556298992681990567e-01 -4.492234064960499151e-01 -6.996240033727372243e-01
-5.553625400356205777e-01 -4.493199095180287483e-01 -6.997742979246195372e-01
-5.025634859991500170e-01 -4.671131214232746021e-01 -7.274855835922711123e-01
-6.528008410406049844e-01 -4.092949778964504182e-01 -6.374391602383893130e-01
-7.187863999045044361e-01 -3.756348999576158976e-01 -5.850166948439623482e-01
-7.932580954853930555e-01 -3.289822582218111524e-01 -5.123595102290623426e-01
-7.697935658755429289e-01 -3.448711425114499574e-01 -5.371049813578937515e-01
-8.891397672835792410e-01 -2.472616477594938855e-01 -3.850872002315352538e-01
-9.977279892108685821e-01 -3.640073834384924961e-02 -5.669079107985271204e-02
-9.556546334444276924e-01 -1.591134989798931587e-01 -2.478045924081554718e-01
-9.131137922374620297e-01 -2.202838425481110918e-01 -3.430717580010924084e-01
-9.146458321564555627e-01 -2.184205078907401065e-01 -3.401697862120856564e-01
-8.900914207801573497e-01 -2.462600840243082401e-01 -3.835273571336228482e-01
-8.724820956554362184e-01 -2.640166044747629392e-01 -4.111814992461537699e-01
-8.998731925891327865e-01 -2.356537270042483867e-01 -3.670089347801339108e-01
-9.069089767278655234e-01 -2.276437361086531552e-01 -3.545341130849185007e-01
-9.116576364455145631e-01 -2.220375293455243426e-01 -3.458029633660090751e-01
-9.152071658855878145e-01 -2.177330096309283147e-01 -3.390990711115679512e-01
-9.386895948214051266e-01 -1.862764933752875385e-01 -2.901084497043004418e-01
-9.544585758101810091e-01 -1.611956656607291538e-01 -2.510473748809085026e-01
-9.607053036081386610e-01 -1.499719200198874614e-01 -2.335674267202998422e-01
-9.566809590916796058e-01 -1.573027252377383056e-01 -2.449844793945212540e-01
-9.654226002355551506e-01 -1.408513323165113129e-01 -2.193629529776693343e-01
-9.745931600793241723e-01 -1.210182757221645172e-01 -1.884747974341158261e-01
-9.857164963080783382e-01 -9.099401298387736758e-02 -1.417147787184390717e-01
-9.770493087311463709e-01 -1.150915547622420321e-01 -1.792444764292584203e-01
-9.863247790436984186e-01 -8.904901649772348216e-02 -1.386856261664763390e-01
-9.907762098790923178e-01 -7.321545207532739741e-02 -1.140263106262156684e-01
-9.913375215524445894e-01 -7.096273460453367266e-02 -1.105179110357364658e-01
-9.911445761989285952e-01 -7.174520713163350105e-02 -1.117365397937719884e-01
-9.924582290977648213e-01 -6.623203536943539360e-02 -1.031502835039753846e-01
-9.974221460661039096e-01 -3.877045557495088779e-02 -6.038140700081822548e-02
-9.991297879757173872e-01 2.253563791666560873e-02 3.509717657144092312e-02
-9.997882331004568357e-01 1.111879861771035254e-02 1.731650285610434811e-02
-9.750243324729729322e-01 1.200000973889804451e-01 1.868890786329386877e-01
-2.694376112847586269e-01 5.203207633219647521e-01 8.103515760959629777e-01
-8.549045883392601963e-01 2.803008716260192434e-01 4.365427426978644165e-01
-9.711047915998297642e-01 1.289450257916704978e-01 2.008199792237732040e-01
-9.961033634904600254e-01 4.765113854956578437e-02 7.421225126569473696e-02
-9.998963362226916951e-01 7.779542867141678308e-03 1.211592015557039388e-02
-9.995229575486728191e-01 1.668701023917535178e-02 2.598847864788713519e-02
-9.764995781330163549e-01 1.164455813092877962e-01 1.813532478330152908e-01
-9.749999736156654828e-01 1.200578610179481032e-01 1.869790401548969971e-01
-9.956256655412368817e-01 5.048151200610291600e-02 7.862029675056386724e-02
-9.945339841144145154e-01 5.641479131897450539e-02 8.786083178496520429e-02
-9.898738785663961925e-01 7.669572587048657797e-02 1.194465159187106107e-01
-9.891962530836698742e-01 7.920686754975020394e-02 1.233573873676986482e-01
-9.912782458209348224e-01 7.120405329993087507e-02 1.108937426360517148e-01
-9.895374289165815851e-01 7.795286631491617213e-02 1.214043961578413627e-01
-9.846089293706017376e-01 9.442972112368842874e-02 1.470655771150405355e-01
-9.893993572334991438e-01 7.846281899747460653e-02 1.221986004048663393e-01
-9.913459812861350473e-01 7.092822587280579738e-02 1.104641668703754270e-01
-9.940592682867018803e-01 5.880656634673191857e-02 9.158580068883127867e-02
-9.794395307540495477e-01 1.089994864305495331e-01 1.697566421503550471e-01
-9.696526728496919212e-01 1.320966698177127863e-01 2.057283739752939489e-01
-9.822036050258040607e-01 1.014791847983344264e-01 1.580444662966083436e-01
-9.944584395171972568e-01 5.680222598022812569e-02 8.846422551920064825e-02
-9.942627138407442722e-01 5.779380145190921025e-02 9.000851281837508877e-02
-9.807542213183226831e-01 1.054920810364289863e-01 1.642941818960554079e-01
-9.834456165468883349e-01 9.790468510572777894e-02 1.524775128635661725e-01
-9.977505520534030170e-01 3.621974801748331640e-02 5.640891534748258829e-02
-9.999996089109618458e-01 4.778478078827092922e-04 7.442038672059430454e-04
-9.888069465286286608e-01 -8.061343447521050753e-02 -1.255479855626546459e-01
-9.762793732242195377e-01 -1.169833543583589236e-01 -1.821907797337498913e-01
-9.885148712024386386e-01 -8.165244194762225072e-02 -1.271661438261628696e-01
-9.358290918299434491e-01 -1.904317769524603576e-01 -2.965799204455211169e-01
-8.959222281773681074e-01 -2.400081962940938396e-01 -3.737906188889117964e-01
-9.960420002657934813e-01 4.802413365633607933e-02 7.479315672623727818e-02
-9.911061588959587665e-01 -7.189997045658999553e-02 -1.119775693915524978e-01
-7.910609983294641934e-01 -3.305230617242403968e-01 -5.147591695059209327e-01
-8.114214839483304686e-01 -3.157858639727132433e-01 -4.918073438879257409e-01
-8.365421761547521262e-01 -2.960330028813157321e-01 -4.610440854401479660e-01
-8.732146049805630250e-01 -2.633086962112724527e-01 -4.100789974482466627e-01
-9.342304369628993133e-01 -1.927096247610833313e-01 -3.001274582182587580e-01
-9.624956940072375566e-01 -1.465823715815841866e-01 -2.282885177993944081e-01
-9.913909526298755326e-01 -7.074449236086020887e-02 -1.101780188795934007e-01
-9.943874055620538499e-01 -5.716410565530467836e-02 -8.902781972056046655e-02
-9.973890673263252626e-01 -3.901808870902112591e-02 -6.076707275669971514e-02
-9.998881340452967503e-01 -8.081437889963408866e-03 -1.258609379614782607e-02
-9.809651886712480451e-01 -1.049178859435702105e-01 -1.633999260229782313e-01
-9.605075909774746235e-01 -1.503411604945754654e-01 -2.341424846878342181e-01
-9.398523965802302316e-01 -1.845569173804494922e-01 -2.874303687668085527e-01
-8.895385724844276920e-01 -2.468425519421862113e-01 -3.844344971682897016e-01
-8.237382759820475187e-01 -3.063353278573954785e-01 -4.770890059397996930e-01
-8.047599609997349024e-01 -3.207236513637512498e-01 -4.994974921134319734e-01
-7.255164700346916629e-01 -3.718386422986478257e-01 -5.791043738411051356e-01
-6.345046261178309832e-01 -4.176099525078251773e-01 -6.503889659284537439e-01
-6.391892186614337446e-01 -4.155192214424905939e-01 -6.471328452171257739e-01
-6.972841230472498486e-01 -3.872859083144047365e-01 -6.031620652588439713e-01
-6.927918169957471006e-01 -3.896323306689721822e-01 -6.068164015591502869e-01
-6.960448802806160629e-01 -3.879361242435850343e-01 -6.041747165696431665e-01
-6.991964216316547409e-01 -3.862781231354469047e-01 -6.015925328363425084e-01
-7.401898786023458632e-01 -3.632981389206214606e-01 -5.658033279077255839e-01
-7.923360673693928824e-01 -3.296302654647971786e-01 -5.133687217149212056e-01
-8.409522263607950299e-01 -2.923626416743727030e-01 -4.553278365441812414e-01
-8.213886997630832632e-01 -3.081715948333748623e-01 -4.799488223127187370e-01
-5.290722238778106101e-01 -4.584880006073606684e-01 -7.140527538074850078e-01
-3.090049521712999736e-01 -5.138601427870396199e-01 -8.002897557688064545e-01
-4.025727640833266507e-01 -4.945862409883928779e-01 -7.702724322233539533e-01
-4.233656013442154697e-01 -4.894916943538888954e-01 -7.623381459411627814e-01
-4.416472992238545947e-01 -4.847531534235102191e-01 -7.549583056925976976e-01
-5.608615655697064550e-01 -4.473214654391292067e-01 -6.966619056788506681e-01
-4.806007009504610350e-01 -4.738124584741223444e-01 -7.379191828653280938e-01
-2.722525112921014290e-01 -5.198928409409281359e-01 -8.096851264741836696e-01
-3.219612496665907320e-01 -5.115327464384664680e-01 -7.966650507172050588e-01
-5.090679931209071141e-01 -4.650524092779356744e-01 -7.242762145788300687e-01
-5.509173527621735733e-01 -4.509145877721426610e-01 -7.022578621559159018e-01
-5.246063102979439119e-01 -4.599836380843894124e-01 -7.163820711674928621e-01
-4.646665190123803746e-01 -4.784299963995296001e-01 -7.451105720992443615e-01
-4.637974328685799952e-01 -4.786761132937080720e-01 -7.454938764514059679e-01
-5.216752063332310563e-01 -4.609557636480982046e-01 -7.178960670297473978e-01
-6.966188391315369932e-01 -3.876352542424337799e-01 -6.037061393057333580e-01
-9.044517857392455618e-01 -2.304799226465465145e-01 -3.589512119075958796e-01
-8.338338198268810952e-01 -2.982552713448927695e-01 -4.645050635115798854e-01
-4.357694984821542938e-01 -4.863035751439923060e-01 -7.573729444565492352e-01
-5.161240867592625792e-01 -4.627763929682566224e-01 -7.207315291966953641e-01
-4.894894695906719106e-01 -4.711485859207338311e-01 -7.337704471731847367e-01
-6.922368416985703599e-01 -3.899201769888210323e-01 -6.072646956411963393e-01
-9.466163174599403485e-01 -1.741731736763535709e-01 -2.712586461112128644e-01
-7.567975474414387893e-01 -3.531682507991278919e-01 -5.500269618974215069e-01
-6.784097959152668444e-01 -3.969513007827840667e-01 -6.182150221509192800e-01
-9.808918333062360828e-01 -1.051179087716464788e-01 -1.637114431205315135e-01
-9.996268963998032886e-01 -1.475794969676357503e-02 -2.298414485780806218e-02
-9.989069489556087200e-01 2.525534651731313127e-02 3.933287175489974530e-02
-9.990419468903865008e-01 2.364517687372283405e-02 3.682518111396738958e-02
-9.990660866019311914e-01 2.334552794802114556e-02 3.635850556239503956e-02
-9.993519910063172196e-01 1.944786662761613730e-02 3.028825771390765073e-02
-9.969519798150878742e-01 4.215310314340217634e-02 6.564956845370938099e-02
-9.953304058022366396e-01 5.215354113755847620e-02 8.122432783574078108e-02
-9.846548166698241289e-01 9.428993859903649077e-02 1.468478787313758360e-01
-9.964604564375124651e-01 4.541933885811814259e-02 7.073642918635175691e-02
-9.953766409458794095e-01 -5.189530564303325433e-02 -8.082214988178712534e-02
-9.952807685799177628e-01 5.242934917002945588e-02 8.165387339603295824e-02
-9.638424647650336574e-01 1.439758175764288273e-01 2.242290504570352561e-01
-9.959847360298597074e-01 4.836959820044440389e-02 7.533118587582596226e-02
-9.999892911900297721e-01 -2.500467776276428696e-03 -3.894247830023575465e-03
-9.952231594379695734e-01 -5.274762774423313871e-02 -8.214956290608992073e-02
-9.933466567418225424e-01 -6.222260683777559170e-02 -9.690596853731663074e-02
-9.837901923151065597e-01 -9.688880993377599338e-02 -1.508953810234833215e-01
-9.828512073667603488e-01 -9.963195642622266202e-02 -1.551675785606797808e-01
-9.894883949808469525e-01 -7.813435706757576593e-02 -1.216870512579868308e-01
-9.944024919773278848e-01 -5.708744253150247611e-02 -8.890842397935476427e-02
-9.991864306816895525e-01 -2.179017658093934315e-02 -3.393618932874927635e-02
-9.965602637929846797e-01 -4.477551622603221509e-02 -6.973373484583347826e-02
-9.972255843349218107e-01 -4.021945166571872649e-02 -6.263808470557480357e-02
-9.992407347693043063e-01 -2.105067970228604451e-02 -3.278449117757643860e-02
-9.999088241427446233e-01 7.295949965057584551e-03 1.136276883427634471e-02
-9.999938373079317877e-01 -1.896864827133424962e-03 -2.954191934403781455e-03
-9.999976416566337400e-01 1.173424309996884667e-03 1.827500084686996696e-03
-9.991940677807177318e-01 2.168770300504310397e-02 3.377659619007546132e-02
-9.946713688540442799e-01 5.570322340415435891e-02 8.675263041780773010e-02
-9.900743051366435177e-01 7.593673622401821144e-02 1.182644595803676590e-01
-9.907773615206509898e-01 7.321090243003734732e-02 1.140192249734964941e-01
-9.908547627112777034e-01 7.290446032522342190e-02 1.135419696722997918e-01
-9.908212821807367288e-01 7.303717514573400404e-02 1.137486607589391491e-01
-9.522763414953128169e-01 1.649203817284080609e-01 2.568482764568578713e-01
-9.472554842514079310e-01 1.731557602626289383e-01 2.696741186015105818e-01
-9.536680104184654949e-01 1.625558782028923843e-01 2.531657804012460433e-01
-9.268109952549179464e-01 2.028987164661017750e-01 3.159960283468716269e-01
-7.435186483851453643e-01 3.613083648492272371e-01 5.627044383986181675e-01
-2.229179858315163132e-01 5.267067884163213476e-01 8.202972209077539212e-01
1.400357382613353907e-01 5.349784099626491152e-01 8.331795081994266550e-01
-3.508566405563888768e-01 5.059548477235821240e-01 7.879779881713014911e-01
-4.585107225422390687e-01 4.801606485944227565e-01 7.478059031962619452e-01
-4.600529394197707123e-01 4.797298178610791553e-01 7.471349240841339556e-01
-5.726411570876261958e-01 4.429431471569078571e-01 6.898430789651213146e-01
-8.513805200508043347e-01 2.834148059222866833e-01 4.413924080249391757e-01
-8.329209967205341014e-01 2.989989285213048298e-01 4.656632409426189612e-01
-7.791621510930656358e-01 3.386735972104243375e-01 5.274528764321777530e-01
-9.943813108859087535e-01 5.719504688905723000e-02 8.907600783701705160e-02
-9.664549930233704567e-01 1.387690994010404022e-01 2.161200673505842551e-01
-9.220727208021398669e-01 2.091059955070894150e-01 3.256632926743943113e-01
-9.820755591242011917e-01 1.018403147438389361e-01 1.586068928633412867e-01
-9.853646262748695372e-01 9.209983864040309498e-02 1.434370001380338155e-01
-9.982392786171030430e-01 -3.204836557692471860e-02 -4.991237211206681068e-02
-9.905508592079267371e-01 -7.410024095903990082e-02 -1.154042876683982893e-01
-9.937745897247792781e-01 6.019478095561815734e-02 9.374781684418950767e-02
-9.805071106033736994e-01 1.061605435026910793e-01 1.653352505046538634e-01
-9.862885964546499462e-01 8.916593173796349969e-02 1.388677108647560499e-01
-9.976182606324965896e-01 3.726835195511812165e-02 5.804201922005858966e-02
-9.783036201715480384e-01 -1.119378423617154172e-01 -1.743328603753383221e-01
-9.664228460700345913e-01 -1.388344414678424898e-01 -2.162218315901667520e-01
-9.003026669079036148e-01 -2.351743652206617630e-01 -3.662623730354717666e-01
-8.859229622657570635e-01 -2.506097208712991242e-01 -3.903015151585700893e-01
-8.793925289283299751e-01 -2.572365490137156763e-01 -4.006221884975301739e-01
-8.856007531223928364e-01 -2.509419538867134203e-01 -3.908189374231616497e-01
-9.008836012363239387e-01 -2.345240255638126603e-01 -3.652495290302456010e-01
-8.844981263134717997e-01 -2.520746603718516110e-01 -3.925830232528825792e-01
-7.964658923264735790e-01 -3.267118657760406664e-01 -5.088235834960213033e-01
-6.190183011283443282e-01 -4.243407669862798159e-01 -6.608715883904180410e-01
-5.651793210402223933e-01 -4.457321565628004634e-01 -6.941867037579936284e-01
-5.788521459113468159e-01 -4.405800703390132522e-01 -6.861628048749792708e-01
-5.749056983854753389e-01 -4.420859775736633579e-01 -6.885081164348371141e-01
-6.685460614780932564e-01 -4.018070135035464174e-01 -6.257773466509397586e-01
-7.147556369053819081e-01 -3.778735345985391736e-01 -5.885031617264162573e-01
-7.918636174829487562e-01 -3.299615217094197250e-01 -5.138846227491364882e-01
-8.180054579865433384e-01 -3.107875366814460971e-01 -4.840229103541529021e-01
-8.139690309155643844e-01 -3.138660771073329414e-01 -4.888174529940914059e-01
-7.935649611901902656e-01 -3.287661403414820493e-01 -5.120229265728016843e-01
-7.596521094756912840e-01 -3.513746173206068746e-01 -5.472335432627732921e-01
-7.536708164713490365e-01 -3.551148158958672418e-01 -5.530585574156270390e-01
-7.549708689721545962e-01 -3.543077376425370906e-01 -5.518016075094896999e-01
-7.500764212215882409e-01 -3.573295589808065387e-01 -5.565078154042375491e-01
-7.615218834902826028e-01 -3.501911036119551013e-01 -5.453903298706840319e-01
-7.775607663773491662e-01 -3.397463065433267149e-01 -5.291235222335493038e-01
-7.800958333906274911e-01 -3.380455644923393010e-01 -5.264747734256960410e-01
-7.792024465587114035e-01 -3.386465324048595349e-01 -5.274107254949248480e-01
-7.798149970386334395e-01 -3.382346682004540028e-01 -5.267692850014747963e-01
-7.797362670229979198e-01 -3.382876505856766691e-01 -5.268518001774912252e-01
-8.497667632156017392e-01 -2.848251396518531875e-01 -4.435888726697074236e-01
-9.486539585238582539e-01 -1.709061404483688262e-01 -2.661705433252452013e-01
-9.282976390932839994e-01 -2.009049251838969929e-01 -3.128908824026163660e-01
-8.100745282005562542e-01 -3.167937876260216723e-01 -4.933770919714506875e-01
-7.966684483686264917e-01 -3.265676634738300388e-01 -5.085990017166454047e-01
-8.081724524129794140e-01 -3.182088342390133606e-01 -4.955808964972707176e-01
-8.674844727756085838e-01 -2.687810865020816009e-01 -4.186017403594793351e-01
-9.280985165982383878e-01 -2.011733076043763224e-01 -3.133088632574324572e-01
-9.742243806216132063e-01 -1.218820166635789376e-01 -1.898199942483753122e-01
-9.365317911509144500e-01 1.894206216535867515e-01 2.950051393722296078e-01
-9.097544146525523567e-01 2.243047989983141255e-01 3.493340266371395830e-01
-9.360526499014781843e-01 1.901107516933538688e-01 2.960799532271793377e-01
-9.327345221527634234e-01 1.948134954948980702e-01 3.034040427507772586e-01
-9.325883278949155253e-01 1.950177075468021992e-01 3.037220841778803804e-01
-9.327130202664560832e-01 1.948435459265964731e-01 3.034508435252334935e-01
-9.069352444628888676e-01 2.276131841049295335e-01 3.544865311583156320e-01
-9.974770799953815992e-01 3.835566029348687345e-02 5.973540162531575798e-02
-3.891078187488719586e-01 -4.977222803791709338e-01 -7.751565241953737306e-01
-4.527149817770818596e-01 -4.817634059209209285e-01 -7.503020498372973135e-01
-9.524011750783125674e-01 -1.647098102483098570e-01 -2.565203308071609123e-01
-9.939864802204385619e-01 -5.916464970812438523e-02 -9.214348248193431068e-02
-9.393889778050112938e-01 -1.852443994557192719e-01 -2.885010586613955264e-01
-8.089709896595559391e-01 -3.176159363273399761e-01 -4.946575127096988211e-01
-9.324479265408682771e-01 1.952135965748466040e-01 3.040271632633317900e-01
-9.376279494519448310e-01 1.878308947305367127e-01 2.925292863821796208e-01
-9.991002397695215587e-01 2.291487556931303890e-02 3.568780422115402223e-02
-8.329241686120929522e-01 -2.989963490609843233e-01 -4.656592236711904476e-01
-6.413808255050196250e-01 -4.145321816986446417e-01 -6.455956218955185566e-01
-6.122413748908126507e-01 -4.272013195977227840e-01 -6.653266351242611565e-01
-6.098283025629039900e-01 -4.282077091506263367e-01 -6.668939939879650058e-01
-6.304149259473692535e-01 -4.194141747832370593e-01 -6.531988756371747140e-01
-5.910493111259245147e-01 -4.358269811112986392e-01 -6.787603069957626190e-01
-5.932417194598362808e-01 -4.349565321156376729e-01 -6.774046630060019947e-01
-6.234196998274187385e-01 -4.224555553326837520e-01 -6.579355451984980618e-01
-6.341301600754816192e-01 -4.177759630047505057e-01 -6.506475119587389333e-01
-7.055300784255899016e-01 -3.829014251757419940e-01 -5.963336373500714993e-01
-7.285726582436056198e-01 -3.700900740643184861e-01 -5.763811401658743838e-01
-7.297115615392560928e-01 -3.694344572501909174e-01 -5.753600774751385094e-01
-7.029020462026654981e-01 -3.843098228161593299e-01 -5.985270867146432749e-01
-6.893480891248040532e-01 -3.914113438030590308e-01 -6.095870503564397858e-01
-7.342902433187559197e-01 -3.667764665452122874e-01 -5.712205022191438886e-01
-7.629001223763194339e-01 -3.493142798933123738e-01 -5.440247578381092186e-01
-7.983253308645558155e-01 -3.253843256927254624e-01 -5.067560623154772070e-01
-8.023723692156672360e-01 -3.224652449519838093e-01 -5.022098634209547496e-01
-8.230035276887074369e-01 -3.069113014452963251e-01 -4.779860316547936971e-01
-8.309826278765349850e-01 -3.005692899748457769e-01 -4.681089340008640076e-01
-8.297246081167573006e-01 -3.015821477236705350e-01 -4.696863664828602736e-01
-8.522388643642966333e-01 -2.826606982014296943e-01 -4.402179548352546101e-01
-8.508830429473611678e-01 -2.838506059346330712e-01 -4.420711263305721062e-01
-8.551724618896877628e-01 -2.800622281173872907e-01 -4.361710774540822899e-01
-9.183861274683592368e-01 -2.137897238458456306e-01 -3.329577673693582818e-01
-9.468188304501886643e-01 -1.738515360242601504e-01 -2.707577251473027857e-01
-9.695015386869869634e-01 -1.324201110666604619e-01 -2.062321038748770874e-01
-9.462379382008294648e-01 -1.747723580776565366e-01 -2.721918205262948698e-01
-9.481659673365000485e-01 -1.716948608892608086e-01 -2.673989026324836149e-01
-9.602581086663320997e-01 -1.508056859016934925e-01 -2.348659401451783368e-01
-9.885713493251894191e-01 -8.145258826777845851e-02 -1.268548901613734126e-01
-9.902600390597314783e-01 -7.522641062034099435e-02 -1.171581929981806158e-01
-9.929699243805091280e-01 -6.395392329614152382e-02 -9.960233416339790702e-02
-9.884510938330265395e-01 -8.187752463348561827e-02 -1.275166893398125278e-01
-9.882702583701333809e-01 -8.251231121213997710e-02 -1.285053108609160721e-01
-9.999866591689268169e-01 -2.790884173293027050e-03 -4.346544570103670797e-03
-9.998150901088782572e-01 1.038991065546097763e-02 1.618132711328920323e-02
-9.992067795403688502e-01 -2.151605435125532317e-02 -3.350926925073975660e-02
-9.997139871456206528e-01 -1.292151807042826554e-02 -2.012407205715288638e-02
-9.991581555342105014e-01 -2.216543853623567997e-02 -3.452062519669688717e-02
-9.956671273307131642e-01 -5.024222176371700987e-02 -7.824762427863750369e-02
-9.807556770728721451e-01 -1.054881300041328185e-01 -1.642880285278369989e-01
-9.598765732244548543e-01 -1.515131022351390022e-01 -2.359676758074333580e-01
-9.699610125779162262e-01 -1.314341682292884950e-01 -2.046965888838857828e-01
-9.643699894657464800e-01 -1.429408767799205116e-01 -2.226172256659927073e-01
-9.998554441670227666e-01 -9.186581527856436599e-03 -1.430725303465564535e-02
-9.309679394264788188e-01 1.972648792913039850e-01 3.072218468113935841e-01
-9.280547250221231614e-01 2.012322752854124874e-01 3.134006999793831350e-01
-9.307024680444520026e-01 1.976302320498435627e-01 3.077908500197671926e-01
-9.294762634294965187e-01 1.993077554977217836e-01 3.104034379957824608e-01
-9.546032365894294713e-01 1.609454016851503966e-01 2.506576118321392488e-01
-9.817665468056905320e-01 -1.027064056552746685e-01 -1.599557495390646900e-01
-9.486428850887151931e-01 -1.709240828607384299e-01 -2.661984869768685980e-01
-9.653877201565289612e-01 -1.409211060887784750e-01 -2.194716191895765556e-01
-9.579370429636285822e-01 -1.550551097536010392e-01 -2.414840256774719307e-01
-7.949010396792952626e-01 -3.278225355241180528e-01 -5.105533491412174163e-01
-7.336100188270604505e-01 -3.671736177918363264e-01 -5.718390286384924526e-01
-7.870642524240317739e-01 -3.332968377000586901e-01 -5.190790696371225810e-01
-7.785787863223188054e-01 -3.390650206611510176e-01 -5.280624823379505006e-01
-7.560406951626079675e-01 -3.536411569229578333e-01 -5.507634695477109377e-01
-7.569614291973666420e-01 -3.530657062956215619e-01 -5.498672582955399513e-01
-7.759983098557806658e-01 -3.407875675573201479e-01 -5.307451901801245597e-01
-7.643483790338870820e-01 -3.483888186594572556e-01 -5.425834373636345687e-01
-7.434192422991365845e-01 -3.613680732651490812e-01 -5.627974287468017200e-01
-7.560732761475918995e-01 -3.536208220217914033e-01 -5.507317998155543126e-01
-7.531490735600738784e-01 -3.554378105202217752e-01 -5.535615917386188523e-01
-7.775542559144391630e-01 -3.397506562553780918e-01 -5.291302965086981391e-01
-7.813081130519199391e-01 -3.372272646674753238e-01 -5.252003469573691685e-01
-7.345733430867015246e-01 -3.666109424698910657e-01 -5.709627137456222412e-01
-7.585905848091698545e-01 -3.520434714305282209e-01 -5.482752218202319172e-01
-8.155958829178995284e-01 -3.126307713576934044e-01 -4.868935782772921272e-01
-8.733647274111144831e-01 -2.631633069717790319e-01 -4.098525671235779266e-01
-9.265977385172931013e-01 -2.031828577407403247e-01 -3.164385521628870768e-01
-9.489491548700467183e-01 -1.704270566597619885e-01 -2.654244145321119630e-01
-8.724326340960700810e-01 -2.640643151077997630e-01 -4.112558041545934517e-01
-9.589284893466212267e-01 -1.532556345635140427e-01 -2.386815091161055280e-01
-9.808047995098347904e-01 -1.053547175493123322e-01 -1.640802509401343701e-01
-9.902715502815078175e-01 -7.518216154004697671e-02 -1.170892791387218301e-01
-9.998147053601561529e-01 -1.040071337006340246e-02 -1.619815134445826144e-02
-9.953964099988622527e-01 -5.178449356147371563e-02 -8.064957028998119559e-02
-9.985099169227403815e-01 -2.948459835214189279e-02 -4.591954123197297677e-02
-9.869134418411870113e-01 -8.712424241221336518e-02 -1.356879681374873192e-01
-9.849961208294295556e-01 -9.324347086810155782e-02 -1.452181018036156901e-01
-9.860800818613666419e-01 -8.983664810501963693e-02 -1.399122897158617540e-01
-9.790985222201109561e-01 -1.098902153932337228e-01 -1.711438703174132381e-01
-9.870850602125679218e-01 -8.655481708714589384e-02 -1.348011407376131232e-01
-9.877851471627621116e-01 -8.419099866624706052e-02 -1.311197116692237319e-01
-9.617053802794456319e-01 -1.480889293184310118e-01 -2.306348424563982591e-01
-9.330913350734800771e-01 -1.943140439579773837e-01 -3.026261930690862245e-01
-9.244749205754125843e-01 -2.059863984272213289e-01 -3.208048080843968752e-01
-9.531510836535146414e-01 -1.634385555248528687e-01 -2.545404688808449722e-01
-9.144094283105949073e-01 -2.187092729293390880e-01 -3.406195111138100029e-01
-6.561334827764742084e-01 -4.077363536934844879e-01 -6.350117468648559527e-01
-5.514651769362232114e-01 -4.507190561298999865e-01 -7.019533396658726998e-01
-4.144030206013915030e-01 -4.917256040713435250e-01 -7.658172541913083053e-01
-3.704630298894884266e-01 -5.018582905140288597e-01 -7.815979783286524096e-01
-1.299957307304664411e-01 -5.357175996095138171e-01 -8.343307278654387149e-01
-7.568008092596991039e-03 -5.402868328077845561e-01 -8.414468869441752430e-01
2.603134038189422114e-02 -5.401192121353737274e-01 -8.411858332141506356e-01
-2.476150700102333901e-01 -5.234764771713419362e-01 -8.152663092217834473e-01
-1.290346420841321229e-01 -5.357854253240965647e-01 -8.344363601572600819e-01
-1.687795877793075716e-01 -5.325510311495195159e-01 -8.293990896851951566e-01
-4.605665592916156209e-02 -5.397289528274749060e-01 -8.405780403534107714e-01
1.116085844535360527e-01 -5.369266292812024943e-01 -8.362136800154637006e-01
-3.029587338799673013e-01 -5.149100833874483696e-01 -8.019249413703118945e-01
-3.525686633353362631e-01 -5.056073046834326234e-01 -7.874367219559226250e-01
-3.253331186972031053e-01 -5.109095752727356166e-01 -7.956945191299136244e-01
-2.925562194570439090e-01 -5.166631748081935704e-01 -8.046552194910067124e-01
-4.916275214862609322e-01 -4.704982696489451444e-01 -7.327576395880321947e-01
-1.472725528339792755e-01 -5.344108216564074088e-01 -8.322955417868620476e-01
-1.395302084983182922e-01 -5.350169686942922720e-01 -8.332395598659406710e-01
-1.002935395052153428e-01 -5.375780430396223109e-01 -8.372281968347732306e-01
3.896861585606876087e-03 -5.402982034640693154e-01 -8.414645956921075198e-01
1.086742814374049848e-01 -5.371023177806324433e-01 -8.364872986416089784e-01
-2.365791187074844926e-02 -5.401510819710801936e-01 -8.412354675424635886e-01
-2.818943274663398557e-01 -5.183905936684319871e-01 -8.073455149676563858e-01
-2.661901511005825283e-01 -5.208084893211010202e-01 -8.111111643345327860e-01
-2.621935697241674634e-01 -5.213999925610208752e-01 -8.120323760495423704e-01
-1.324320080450229753e-01 -5.355433728663631099e-01 -8.340593857898145336e-01
4.152394316088280357e-01 -4.915195778387095871e-01 -7.654963873451227085e-01
-8.656438008680020224e-02 -5.382741508224040405e-01 -8.383123204728699651e-01
-3.164316565191881425e-01 -5.125390394847830766e-01 -7.982322592808051009e-01
-5.984441775629300020e-01 -4.328710301963542006e-01 -6.741566862071274313e-01
-6.989806328518485268e-01 -3.863921141156303474e-01 -6.017700632694211738e-01
-6.857142216502821741e-01 -3.932703104863496946e-01 -6.124822194288727095e-01
-8.229624314265374663e-01 -3.069434699725581139e-01 -4.780361311676418756e-01
-9.831121565732729994e-01 -9.887751799469506053e-02 -1.539926103196421481e-01
-9.835762934632140686e-01 9.752071208210823239e-02 1.518795103105219924e-01
-9.991092559554636265e-01 -2.279982689396963316e-02 -3.550862652546288994e-02
-7.009384699725587087e-01 -3.853553548474208390e-01 -6.001554063765041080e-01
-5.071847344011450875e-01 -4.656527160568347812e-01 -7.252111369934503005e-01
-6.033540833592586639e-01 -4.308767258270460587e-01 -6.710507411770538777e-01
-7.161223846109640023e-01 -3.771173585882061086e-01 -5.873254873667248521e-01
-7.426664771226673123e-01 -3.618196442003963620e-01 -5.635007088095855821e-01
-6.947449055390049200e-01 -3.886157965118120505e-01 -6.052332434104136238e-01
-7.579283086926996704e-01 -3.524596480137243137e-01 -5.489233784457220322e-01
-7.444713912668247113e-01 -3.607351915088225502e-01 -5.618117738107056836e-01
-8.352797759465929728e-01 -2.970717965275500583e-01 -4.626619106891158295e-01
-8.227945140322218132e-01 -3.070748573641436385e-01 -4.782407549062195340e-01
-8.112115890693801790e-01 -3.159432495445599898e-01 -4.920524573932691381e-01
