-9.971231836305649576e-01 4.095390497174748040e-02 6.378192795778232782e-02
-9.883188885815207270e-01 8.234209706977475840e-02 1.282402180407509751e-01
-9.573328245798474745e-01 1.561406947182449045e-01 2.431747240871774685e-01
-9.718601140945971606e-01 1.272729288315652685e-01 1.982158425017333248e-01
-9.543703349386399859e-01 1.613481136724888854e-01 2.512847985920313998e-01
-9.213873868188534599e-01 2.099860311356668563e-01 3.270338669603122805e-01
-8.102232275321442634e-01 3.166827559359751132e-01 4.932041703596906634e-01
-8.517934524507512206e-01 2.830523652995237671e-01 4.408279401993194790e-01
-9.106680662142121463e-01 -2.232198496264777843e-01 -3.476443181045821285e-01
-8.667255351834504129e-01 -2.694948862673124390e-01 -4.197134176277066975e-01
-8.491060846408122753e-01 -2.853997567777532551e-01 -4.444837858203031233e-01
-8.717616441496326418e-01 -2.647104360282012125e-01 -4.122620778670877950e-01
-8.992492804980997123e-01 -2.363479743186954751e-01 -3.680901609104746952e-01
-9.161792908695580717e-01 -2.165362231254639169e-01 -3.372351865631949552e-01
-9.639995598030864921e-01 -1.436684544091581528e-01 -2.237503606860535288e-01
-9.856508809608912625e-01 -9.120127012789626397e-02 -1.420375625955239973e-01
-9.989754262809088514e-01 2.445187429976780971e-02 3.808153791674906419e-02
-9.858980265319126080e-01 9.041807147457525673e-02 1.408178029629025552e-01
-9.929715242738234027e-01 6.394667128367151343e-02 9.959103982315782588e-02
-9.929364968642667710e-01 6.410525357229628074e-02 9.983801710445547317e-02
-9.899383868577051881e-01 7.645228031856866890e-02 1.190673719356207666e-01
-9.850846031579270079e-01 9.297019413398199816e-02 1.447924985069294346e-01
