-9.966245356458512950e-01 4.435593985023064678e-02 6.908028335707740164e-02
-9.953331568813219565e-01 5.213821175659376361e-02 8.120045373941216227e-02
-9.944849033221595525e-01 5.666680966966694544e-02 8.825332711108840877e-02
-9.904031092935177139e-01 7.467455034519485113e-02 1.162987215427378623e-01
-9.826183680184694680e-01 1.003001676446358403e-01 1.562082558739375238e-01
-9.649529234467295602e-01 1.417877773399704167e-01 2.208213796909191673e-01
-9.712747528025713617e-01 1.285707828325393098e-01 2.002371303483245768e-01
-9.672280371286952061e-01 1.371877712975271280e-01 2.136572947469587702e-01
-9.627700871966098362e-01 1.460553755840245937e-01 2.274677701619328696e-01
-9.696167826572658077e-01 1.321735544165645315e-01 2.058481146434526510e-01
-9.830348722075895607e-01 9.910157676387737480e-02 1.543415611775433571e-01
-9.850221902646938421e-01 9.316304153880819450e-02 1.450928405448853875e-01
-9.909418046807998426e-01 7.255827418573142229e-02 1.130028167044864890e-01
-9.952135701013250513e-01 5.280041880449200947e-02 8.223178011112980412e-02
-9.999944342886435411e-01 -1.802650587139313339e-03 -2.807461949264461118e-03
-9.935442395444017416e-01 -6.129477617353051855e-02 -9.546095789364965334e-02
-9.963792305942832384e-01 -4.593659241404828703e-02 -7.154200386996258099e-02
-9.993901070409213494e-01 1.886741492001387313e-02 2.938425774069875970e-02
-9.883171273869558737e-01 8.234826784164361868e-02 1.282498284485266427e-01
-9.906084212861120397e-01 7.387526315570359936e-02 1.150539054996064514e-01
-9.988339892388877761e-01 2.608413643641980043e-02 4.062363557703257966e-02
-9.990883564378492121e-01 2.306563156033707152e-02 3.592259276611285690e-02
-9.985660991328015879e-01 -2.892381951626276509e-02 -4.504617994115184959e-02
-9.950595085059655842e-01 -5.364136566698751024e-02 -8.354147725080460218e-02
-9.915205516801235408e-01 -7.021227029482109139e-02 -1.093491321227123558e-01
-9.949465296973536432e-01 -5.424969612270439528e-02 -8.448889580168091051e-02
-9.860047098912005925e-01 -9.007782904442729333e-02 -1.402879067739347674e-01
-9.733697200397467553e-01 -1.238593843673413131e-01 -1.928995619846979592e-01
-9.954573563639609324e-01 5.144135276117627747e-02 8.011516015695371862e-02
-9.957018170442598626e-01 5.004112862598453226e-02 7.793444027255785889e-02
-9.958253883644372362e-01 4.931807674134148362e-02 7.680835368208849268e-02
-9.862772354589932622e-01 8.920260953824517280e-02 1.389248331542380643e-01
-9.774715505164944807e-01 1.140401012720298340e-01 1.776069346414865802e-01
-9.723113867781019160e-01 1.262627268508082767e-01 1.966425461334407321e-01
-9.619985368769182754e-01 1.475320304684611394e-01 2.297675238856037305e-01
-9.427445558865886754e-01 1.801992857147861060e-01 2.806437595495036019e-01
-9.222975870812564203e-01 2.088162941277238449e-01 3.252121095083271296e-01
-9.199218913565182509e-01 2.118534324301819260e-01 3.299421721614206326e-01
-9.272936653997736478e-01 2.022538947099020989e-01 3.149917779627407488e-01
-9.415859761115253912e-01 1.819590648592106230e-01 2.833844531827169888e-01
-9.115780888095306178e-01 2.221328515652588598e-01 3.459514189273549256e-01
-8.789992299677412690e-01 2.576286685919447206e-01 4.012328785576524393e-01
-9.010631673304876355e-01 2.343225561227683384e-01 3.649357589664812274e-01
-9.573452972408772466e-01 1.561183685864629966e-01 2.431399531970786509e-01
-9.171502439782930338e-01 2.153329610820239881e-01 3.353612169619575867e-01
-9.518729279174954483e-01 1.655988482326280486e-01 2.579049254314497164e-01
-9.783193958868996454e-01 1.118975853962183992e-01 1.742701638663020913e-01
-9.641238074834934668e-01 1.434248564329933251e-01 2.233709793162641510e-01
-9.610590811093669972e-01 1.493087493259204757e-01 2.325345995587509429e-01
-9.633919010677093331e-01 1.448534711781339357e-01 2.255959149559020049e-01
-9.548340879593034680e-01 1.605451406591003050e-01 2.500342422182905699e-01
-9.521347808822244740e-01 1.651588104873873419e-01 2.572196072478720730e-01
-9.668128851769238752e-01 1.380394093609489392e-01 2.149836424455420225e-01
-9.758002388737662125e-01 1.181446003003206735e-01 1.839993131339852650e-01
-9.635138328003588493e-01 1.446165263144269242e-01 2.252268951948473985e-01
-9.487243666499725059e-01 1.707920083670925182e-01 2.659927931402345513e-01
-9.498586026818419681e-01 1.689415975706237971e-01 2.631109490720293098e-01
-9.482256835347406820e-01 1.715985604325560576e-01 2.672489235573238808e-01
-9.434131232163139869e-01 1.791749321769547931e-01 2.790484234369075556e-01
-9.446056919542078489e-01 1.773312062263589783e-01 2.761769903993029351e-01
-9.529455954062372447e-01 1.637879829887938787e-01 2.550846699123932582e-01
-9.571327140945361522e-01 1.564984184316508820e-01 2.437318457617281831e-01
-9.308038661900982502e-01 1.974907757775508366e-01 3.075736597440468789e-01
-9.311923901223627675e-01 1.969553706778721103e-01 3.067398157059876285e-01
-9.269874371836093196e-01 2.026632762212489669e-01 3.156293518908432350e-01
-9.552233055670024120e-01 1.598678072765737923e-01 2.489793579761771236e-01
-9.602494946789376096e-01 1.508216970742756458e-01 2.348908760690385233e-01
-9.593171152240814736e-01 1.525439744204377668e-01 2.375731641119495363e-01
-9.593357438212050115e-01 1.525097706615381465e-01 2.375198949136270443e-01
-9.635819797664020303e-01 1.444839167899072685e-01 2.250203680969976305e-01
-9.635944141437168264e-01 1.444597061628941637e-01 2.249826622794686981e-01
-9.598407338761792973e-01 1.515793690165159746e-01 2.360708802046379284e-01
-9.673418461798163337e-01 1.369533156293651910e-01 2.132921516782743110e-01
-9.307322491468820180e-01 1.975892848848069816e-01 3.077270785886364601e-01
-9.021929996379963734e-01 2.330499855875947102e-01 3.629538477848335831e-01
-9.280190630638497362e-01 2.012802811874167541e-01 3.134754647419936147e-01
-9.381232632325869902e-01 1.871075099591402446e-01 2.914026813513090342e-01
-9.314919639133163454e-01 1.965413943026058652e-01 3.060950857013233772e-01
-9.498794405398623963e-01 1.689073919234199139e-01 2.630576769328472064e-01
-9.648970582744885727e-01 1.418987202794918523e-01 2.209941630819257929e-01
-9.780414580917539125e-01 1.126046344972836816e-01 1.753713275980114672e-01
-9.760692438104388025e-01 1.174941141995826527e-01 1.829862410559152108e-01
-9.685824284366461034e-01 1.343692613038153794e-01 2.092677255107350531e-01
-9.671952934529171042e-01 1.372551465749936306e-01 2.137622255245358871e-01
-9.679101514791083050e-01 1.357760867396190507e-01 2.114587263116967097e-01
-9.672938889134348184e-01 1.370521636596813975e-01 2.134460983642556542e-01
-9.654910703996174570e-01 1.407142573054538381e-01 2.191494712965912917e-01
-9.667681186185024256e-01 1.381309075971265399e-01 2.151261425053573872e-01
-9.711632144273040224e-01 1.288165127346347361e-01 2.006198319960267040e-01
-9.732590274878119008e-01 1.241130559150622203e-01 1.932946320126436579e-01
-9.722449350373095767e-01 1.264120195920054590e-01 1.968750558018161068e-01
-9.723278492397110506e-01 1.262257128557469910e-01 1.965849002516119604e-01
-9.703826475886700997e-01 1.305224522118835495e-01 2.032766753156877437e-01
-9.759943440825933347e-01 1.176756099381652959e-01 1.832689039211757853e-01
-9.852803230668449874e-01 9.236275512504797669e-02 1.438464683021588586e-01
-9.828062017040432030e-01 9.976147670775926957e-02 1.553692944476443849e-01
-9.868515101376894583e-01 8.732879433543651315e-02 1.360065388828080590e-01
-9.862040822318572930e-01 8.943840684978533739e-02 1.392920657086835767e-01
-9.894792019501631453e-01 7.816833559670832710e-02 1.217399696817302868e-01
-9.676435671535033034e-01 1.363296608442925439e-01 2.123208668984841452e-01
-9.696230653382665876e-01 1.321600989822851457e-01 2.058271590461673295e-01
-9.738568459013501322e-01 1.227364728436434321e-01 1.911507309035868907e-01
-9.794881653474729610e-01 1.088718315929624869e-01 1.695578315202073971e-01
-9.673157658890281230e-01 1.370070809699887315e-01 2.133758862350801089e-01
-9.543545987020959354e-01 1.613752835331602742e-01 2.513271131429188343e-01
-9.370340927248097529e-01 1.886940413321687160e-01 2.938735575670708977e-01
-9.356128029922334832e-01 1.907417766965443795e-01 2.970627164415985955e-01
-9.493743814511412804e-01 1.697343022464911921e-01 2.643455134575952714e-01
-9.497814124729475616e-01 1.690682395902009527e-01 2.633081823315847059e-01
-9.326905877760072183e-01 1.948748912672221556e-01 3.034996610008559026e-01
-9.115516064908490979e-01 2.221645745043333287e-01 3.460008244777182385e-01
-9.253453985417954275e-01 2.048422027584503313e-01 3.190228289113362092e-01
-9.024840794359066942e-01 2.327207452674598109e-01 3.624410863669876859e-01
-9.226773754408558181e-01 2.083259266946437260e-01 3.244484074801289863e-01
-9.407662092845547885e-01 1.831927133864676704e-01 2.853057469285762426e-01
-9.540570953938454224e-01 1.618880045554542402e-01 2.521256288236324306e-01
-9.626001694158442534e-01 1.463819588374159764e-01 2.279763934435075634e-01
-9.505656983047441333e-01 1.677765710402413513e-01 2.612965277541838272e-01
-9.335256194266137175e-01 1.937041547685060816e-01 3.016763469342200188e-01
-9.578399020958333621e-01 1.552301989502922475e-01 2.417567109449024199e-01
-9.257352520566193288e-01 2.043273332823547228e-01 3.182209672120759336e-01
-9.371783206452383164e-01 1.884848255501214154e-01 2.935477232919907475e-01
-9.317375112764245682e-01 1.962013252437731226e-01 3.055654595221810599e-01
-9.300090714613120646e-01 1.985808538453044947e-01 3.092713557472433483e-01
-9.496926567132465413e-01 1.692137267649921895e-01 2.635347651814427539e-01
-9.610205157604545523e-01 1.493811965369694073e-01 2.326474294048682667e-01
-9.649438640087822927e-01 1.418057748584158617e-01 2.208494091651707625e-01
-9.691934570902807078e-01 1.330768448260802317e-01 2.072549061048390706e-01
-9.643102709133107853e-01 1.430584418077985864e-01 2.228003223485593431e-01
