-9.918783508733899357e-01 6.872113730066799209e-02 1.070268300791304555e-01
-9.886748941776704047e-01 8.108487488364919671e-02 1.262822104964715086e-01
-9.841953834670227330e-01 9.567996767814911097e-02 1.490127207566807888e-01
-9.734131462192883166e-01 1.237597157026098932e-01 1.927443372363392415e-01
-8.985579054887516959e-01 2.371143557968916904e-01 3.692837293446499247e-01
-8.610798603171212484e-01 2.747273717432338613e-01 4.278625309270512322e-01
-9.564146442940636428e-01 1.577747754770845723e-01 2.457196540837042753e-01
-9.946446085140944193e-01 5.584254419866738900e-02 8.696960969938737074e-02
-9.997418469189730539e-01 1.227615730371895558e-02 1.911898221389059585e-02
-9.950388224809415538e-01 -5.375326890119779683e-02 -8.371575621217756946e-02
-9.782890989684963623e-01 -1.119748846574011580e-01 -1.743905503327782269e-01
-9.960121189505791728e-01 -4.820471347021994257e-02 -7.507439312329673708e-02
-9.977608512052221768e-01 3.613682954379568435e-02 5.627977747604488018e-02
-9.410633427960534148e-01 1.827466501476590066e-01 2.846110445947709899e-01
-8.872448722238359675e-01 2.492407782962195728e-01 3.881695134175321971e-01
-7.017601344239114969e-01 3.849185501304273060e-01 5.994751233360926523e-01
-7.113474353271275197e-01 3.797463650292303150e-01 5.914199223061434862e-01
-7.247331583273181055e-01 3.722843050373983442e-01 5.797984524330260792e-01
-8.691113398546944646e-01 2.672424337574500486e-01 4.162054306894286682e-01
-8.919265934170189647e-01 2.443140158901950520e-01 3.804965355888502709e-01
-9.084746864670368849e-01 2.258138813657621924e-01 3.516842831733436592e-01
-8.957507148335625002e-01 2.401950084950034148e-01 3.740815616536681265e-01
-8.835871216009739681e-01 2.530056332776330907e-01 3.940329276477911868e-01
-8.798860914311996684e-01 2.567433703575176529e-01 3.998541082487324094e-01
-8.665995410110033381e-01 2.696131436655070379e-01 4.198975926131525704e-01
-8.785313443801161526e-01 2.580941473353599580e-01 4.019578187483099918e-01
-7.914089153628837137e-01 3.302798341223455170e-01 5.143803649598807093e-01
-7.759023126115798252e-01 3.408513706784218611e-01 5.308445576537855759e-01
-7.562764880335943740e-01 3.534939443838306383e-01 5.505341996021081430e-01
-7.570689651972541956e-01 3.529983903446882176e-01 5.497624199135638934e-01
-7.966893339968325050e-01 3.265527890138804623e-01 5.085758361178198683e-01
-7.856842689218171971e-01 3.342459720683801372e-01 5.205572588340817708e-01
-8.085847334727837010e-01 3.179029350012858579e-01 4.951044866614677797e-01
-8.345276194735442576e-01 2.976882586915140516e-01 4.636219936252307661e-01
-8.392369281592675367e-01 2.937979817502126556e-01 4.575632462658010824e-01
-8.259585200270581629e-01 3.045851030409219562e-01 4.743631922907411425e-01
-8.515552237496003540e-01 2.832615423596843152e-01 4.411537141686340813e-01
-8.734517567614147326e-01 2.630789733160006638e-01 4.097212252366202456e-01
-8.623714542076877931e-01 2.735421365181457953e-01 4.260166364319660781e-01
-8.616551494864187477e-01 2.742003079432633328e-01 4.270416776935912484e-01
-8.625482087704149370e-01 2.733793988367729799e-01 4.257631875099035512e-01
-8.816596826265763465e-01 2.549609834357595139e-01 3.970782050884624215e-01
-8.745918966066449363e-01 2.619708616856185612e-01 4.079954436236832849e-01
-8.569056399743698593e-01 2.785114132151832456e-01 4.337558263458797247e-01
-8.593145514851597833e-01 2.763362405239665476e-01 4.303681955941204285e-01
-8.566545121701596432e-01 2.787368470373198237e-01 4.341069187218737913e-01
-8.592118674372638543e-01 2.764294353427037554e-01 4.305133379247195746e-01
-8.585840177237474835e-01 2.769983406016363614e-01 4.313993553695780747e-01
-8.503586496945293449e-01 2.843089867270635618e-01 4.427850121175367915e-01
-8.665623808428500885e-01 2.696480087976765860e-01 4.199518918393145284e-01
-8.818962512679741073e-01 2.547220263574390686e-01 3.967060514888252065e-01
-8.987233507206514593e-01 2.369312408372185041e-01 3.689985446919550882e-01
-8.705495653075479012e-01 2.658723583107779342e-01 4.140716646054214967e-01
-8.840224836597123659e-01 2.525612763736295174e-01 3.933408827729922286e-01
-8.967939659143552289e-01 2.390558883279573221e-01 3.723074871062003743e-01
-8.955969548741776753e-01 2.403623299248194012e-01 3.743421493409638812e-01
-8.633985643551087552e-01 2.725946519406369228e-01 4.245410166319623091e-01
-8.744341774876681628e-01 2.621245157098985867e-01 4.082347455880213083e-01
-8.744694764626922412e-01 2.620901367711513941e-01 4.081812035632509383e-01
-8.759521682415941646e-01 2.606407341329949334e-01 4.059238926984509166e-01
-8.887930356738987792e-01 2.476252917609339521e-01 3.856535422084023668e-01
-8.802285499254621781e-01 2.564004577673915097e-01 3.993200535319885724e-01
-8.188795721995092425e-01 3.101148130289482774e-01 4.829752053411947021e-01
-8.438986611019962947e-01 2.898735969113545585e-01 4.514513790032448903e-01
-9.528156332568130660e-01 1.640085571566246847e-01 2.554281938252323525e-01
-9.283889262865079317e-01 2.007817467525436217e-01 3.126990433621157361e-01
-9.111373177752387642e-01 2.226601392380664346e-01 3.467726208221007522e-01
-9.235237723071509919e-01 2.072281876316255378e-01 3.227387801837290349e-01
-9.591365437399497207e-01 1.528750887545301529e-01 2.380888441336089512e-01
-9.619905754199881143e-01 1.475471845696407214e-01 2.297911249998410288e-01
-9.555489500211854503e-01 1.592986805635301650e-01 2.480929956369755385e-01
-9.999112652677822899e-01 -7.197621518704471269e-03 -1.120963135237269120e-02
-9.978620433571835369e-01 3.531173167808215191e-02 5.499476368638635260e-02
-9.977087581556156604e-01 3.655429175988095247e-02 5.692993635612762782e-02
-9.882849049632347338e-01 8.246108346148015023e-02 1.284255283663217895e-01
-9.960311485680035659e-01 4.808979205674380336e-02 7.489541362622074983e-02
-9.998867767112181726e-01 8.130315675001938830e-03 1.266221643613085410e-02
-9.999957739692325598e-01 -1.570788406761875313e-03 -2.446357998489310896e-03
-9.983219042353675965e-01 -3.128800814894314858e-02 -4.872818558022958685e-02
-9.857906052724392243e-01 -9.075934151217565637e-02 -1.413492995556547005e-01
-9.701765375419613147e-01 -1.309689735766488838e-01 -2.039720911383967050e-01
-9.191253843090081421e-01 -2.128602710938130027e-01 -3.315102304736409211e-01
-8.920793555133150754e-01 -2.441511418165090708e-01 -3.802428742483457413e-01
-9.999222287306922530e-01 6.738340740196377930e-03 1.049434392013866985e-02
-7.351712757669112142e-01 3.662608846494719295e-01 5.704175309920256343e-01
-9.279684501353486770e-01 2.013483903374466422e-01 3.135815384583698351e-01
-8.800932050179847144e-01 -2.565360528701899900e-01 -3.995312303925122599e-01
-9.631009607447482690e-01 -1.454171631644469442e-01 -2.264738132097119661e-01
-9.556571111432992094e-01 1.591091546519616817e-01 2.477978265182765871e-01
-9.906110496796299847e-01 7.386497357147941978e-02 1.150378804216522360e-01
-9.999787561500605992e-01 -3.521811642352656001e-03 -5.484896656579593167e-03
-9.759378303885432038e-01 1.178123586794537075e-01 1.834818774671951869e-01
-9.312865603171949225e-01 1.968253465233692767e-01 3.065373150833731741e-01
-9.776251115069872766e-01 1.136551828070880843e-01 1.770074596508239839e-01
-9.995019894806455030e-01 -1.704971011892413013e-02 -2.655335024233928740e-02
-9.641982490669604999e-01 -1.432786940071849313e-01 -2.231433448252558294e-01
-9.113300731820528355e-01 -2.224297340446978188e-01 -3.464137859941478492e-01
-7.624620157104147200e-01 -3.495934099774711257e-01 -5.444594771873616512e-01
-2.967315759674826192e-01 -5.159675907948905182e-01 -8.035719115755419750e-01
-6.317857240397178886e-01 -4.188115950448721980e-01 -6.522604132979247238e-01
4.105294519462266561e-02 -5.398468161647578256e-01 -8.407616016253486313e-01
2.091857657294958761e-01 -5.283486145671481005e-01 -8.228542136375919247e-01
1.920245299172993469e-01 -5.302473481715908044e-01 -8.258113160202128489e-01
-1.205604677940689262e-01 -5.363613330032561688e-01 -8.353332832254714013e-01
-4.003693906642825096e-01 -4.951080900710656540e-01 -7.710851640158126186e-01
-5.482817638963977114e-01 -4.518513998656921160e-01 -7.037168605469598104e-01
-7.833945859065528650e-01 -3.358112155512811836e-01 -5.229949811253177261e-01
-9.662141279819079775e-01 -1.392578845179784919e-01 -2.168813050673999987e-01
-9.991268403567927781e-01 -2.257375584154970236e-02 -3.515654172210322392e-02
-9.999558553347634993e-01 5.076754234306660174e-03 7.906576260683674529e-03
-9.997290239751436269e-01 1.257731186484189675e-02 1.958800265369851912e-02
-9.995895379101956690e-01 1.547903117362504737e-02 2.410716271997768306e-02
-9.385482799018649569e-01 1.864842480470702002e-01 2.904320084349679698e-01
-7.477372696926075646e-01 3.587578731432573553e-01 5.587322829140725089e-01
-7.885292444316428506e-01 3.322844380621197691e-01 5.175023506205587154e-01
-8.830222684190666138e-01 2.535806709688697147e-01 3.949284957900907611e-01
-9.399984366040018413e-01 1.843396651247910245e-01 2.870920184256473551e-01
-9.405649561712021711e-01 1.834941431660649103e-01 2.857751959957620103e-01
-9.318048609603841737e-01 1.961079310406391996e-01 3.054200066687823845e-01
-9.045535580821524313e-01 2.303632980750208448e-01 3.587695798990171436e-01
-8.834989825302422828e-01 2.530954717866141235e-01 3.941728428356496838e-01
-8.063131797030925751e-01 3.195827879804036820e-01 4.977207026674304591e-01
-7.934588423698261117e-01 3.288409027080757552e-01 5.121393620600482866e-01
-7.835966926135498056e-01 3.356735311325200199e-01 5.227805503479744376e-01
-7.825045901332752241e-01 3.364164296171492929e-01 5.239375461865704020e-01
-7.818075030034982165e-01 3.368892234994063650e-01 5.246738790309672940e-01
-7.677242607949177344e-01 3.462151016890172017e-01 5.391980737626578257e-01
-7.377633362845451570e-01 3.647361768728119014e-01 5.680429393228139112e-01
-6.801887354567861532e-01 3.960615964188019533e-01 6.168293897017943506e-01
-7.441179408117768457e-01 3.609480203531439391e-01 5.621432350968812441e-01
-8.973445421461020421e-01 2.384519862404737567e-01 3.713669653302182350e-01
-7.034644215213472496e-01 -3.840093143259787345e-01 -5.980590724707115502e-01
-6.679578449600399592e-01 -4.020924958954877892e-01 -6.262219591334021729e-01
-7.005176710020905029e-01 -3.855786661013559380e-01 -6.005031930483849534e-01
-7.211522612309038127e-01 -3.743087938910111268e-01 -5.829514070121203373e-01
-6.566295552123583290e-01 -4.075031583585337902e-01 -6.346485666488503874e-01
-6.299110580117384117e-01 -4.196351205969714449e-01 -6.535429783542147097e-01
-6.334105198798987146e-01 -4.180945382032997260e-01 -6.511436634338431118e-01
-6.465575239424441456e-01 -4.121778460548068401e-01 -6.419289613773752068e-01
-6.307644147358519859e-01 -4.192607519216418610e-01 -6.529599336873874726e-01
-6.045195453702700839e-01 -4.303995804025760874e-01 -6.703076312072006049e-01
-6.687613773886633695e-01 -4.017023994437132761e-01 -6.256144199060481581e-01
-6.368802196014559103e-01 -4.165529599707134545e-01 -6.487427975862533058e-01
-7.367141409988544609e-01 -3.653547501641393191e-01 -5.690063101449924776e-01
-7.509980565933227492e-01 -3.567639973957645871e-01 -5.556270054229250910e-01
-8.122137808790129698e-01 -3.151906996870063593e-01 -4.908804304319271394e-01
-9.076743517020018359e-01 -2.267514768384574775e-01 -3.531445016051207864e-01
-9.139169273554166306e-01 -2.193093980630207163e-01 -3.415541506327652854e-01
-9.232740823559534293e-01 -2.075527329111349351e-01 -3.232442295090373063e-01
-9.283649903668861336e-01 -2.008140531808415841e-01 -3.127493576431029654e-01
-9.422937903574029050e-01 -1.808862504384949055e-01 -2.817136437167731544e-01
-9.543529230997472856e-01 -1.613781762976718714e-01 -2.513316183567148032e-01
-9.606240300334716320e-01 -1.501238225413888960e-01 -2.338040008806807624e-01
-9.996036391837012092e-01 -1.521087289556883812e-02 -2.368953094630278644e-02
-9.772902056991898956e-01 -1.144929192533279405e-01 -1.783121568634228604e-01
-9.547293436646600018e-01 -1.607268867982238059e-01 -2.503172950592877366e-01
-9.976536099015792525e-01 3.699108090187251674e-02 5.761019513991066932e-02
-9.325062259090572958e-01 1.951322843116687078e-01 3.039005269165493961e-01
-9.249714330617276881e-01 2.053346731034607353e-01 3.197898060308189128e-01
-8.722856988996388061e-01 2.642059820799838588e-01 4.114764373914014950e-01
-8.638573500293972307e-01 2.721700018142766964e-01 4.238796632448932344e-01
-8.883697365292161363e-01 2.480683235759724437e-01 3.863435233794112467e-01
-8.783689183517792154e-01 2.582554837879848519e-01 4.022090853858963921e-01
-8.967776933147876273e-01 2.390737081632196837e-01 3.723352398552900455e-01
-8.939739723757138545e-01 2.421196678458755747e-01 3.770790409940457666e-01
-9.071953834702509711e-01 2.273103468680661710e-01 3.540148901063114306e-01
-9.858074581131526237e-01 9.070588855739065981e-02 1.412660515109669113e-01
-9.175851937140263592e-01 -2.147913442177185328e-01 -3.345176986736849156e-01
-5.899237093363258744e-01 -4.362719530638113352e-01 -6.794533097518605791e-01
-3.369095375589462038e-01 -5.087146239622324373e-01 -7.922760850036945079e-01
-1.146313276615438803e-01 -5.367406886136144584e-01 -8.359240945834345293e-01
-1.995694721863054688e-01 -5.294334116324262984e-01 -8.245436849667392432e-01
-5.358525504013205154e-01 -4.561834935791859724e-01 -7.104636967602842024e-01
-5.405516609161858943e-01 -4.545621779346328273e-01 -7.079386472513532480e-01
-5.990267165118243753e-01 -4.326357458123268884e-01 -6.737902524899526124e-01
-6.291028477369557947e-01 -4.199889090683674997e-01 -6.540939712524608263e-01
-7.439458164496752790e-01 -3.610515823859219431e-01 -5.623045234067105547e-01
-6.192340327329552974e-01 -4.242488705125491144e-01 -6.607284681123611891e-01
-5.737401210043006072e-01 -4.425277994243912438e-01 -6.891962131980819972e-01
-6.911867621052297794e-01 -3.904636059831129713e-01 -6.081110361547081844e-01
-6.998952514913421297e-01 -3.859084916156809708e-01 -6.010168658521830576e-01
-7.569292649266953221e-01 -3.530858363040798586e-01 -5.498986089262102306e-01
-7.417466267769221577e-01 -3.623700629881116964e-01 -5.643579352813685723e-01
-6.821218507294461997e-01 -3.950898613128489556e-01 -6.153160019414649629e-01
-6.969990008701794082e-01 -3.874357076674037614e-01 -6.033953639283531345e-01
-7.815836167195737705e-01 -3.370408426079016251e-01 -5.249100118017431260e-01
-7.180228981624943163e-01 -3.760609304291513411e-01 -5.856801979912700240e-01
-6.982481648503464644e-01 -3.867785295554405645e-01 -6.023718696603074241e-01
-6.973234786852589018e-01 -3.872652220279001467e-01 -6.031298482764474445e-01
-6.892368633950151091e-01 -3.914685202701195244e-01 -6.096760974279081813e-01
-6.458202776245181020e-01 -4.125151205130059839e-01 -6.424542352239033249e-01
-6.568938883595901723e-01 -4.073787732444121845e-01 -6.344548483112851800e-01
-7.794183705829125230e-01 -3.385014444046162696e-01 -5.271847643225912039e-01
-6.010126628064488274e-01 -4.318309450565926966e-01 -6.725368495761639975e-01
-5.864044220995037193e-01 -4.376548244582786351e-01 -6.816070043438083870e-01
-5.735677206340087375e-01 -4.425930357113393443e-01 -6.892978126953028806e-01
-6.081908902023273056e-01 -4.288870019686872315e-01 -6.679519298701156460e-01
-3.551684400928153407e-01 -5.050758495137395165e-01 -7.866090295693347612e-01
-3.838911134848070894e-01 -4.989034621497175914e-01 -7.769961058090446571e-01
-4.601007770086747439e-01 -4.797164247132489345e-01 -7.471140654922456825e-01
-4.805886877199868068e-01 -4.738160156416320046e-01 -7.379247228254856017e-01
-4.738151772952005625e-01 -4.758033460333273568e-01 -7.410198065289533842e-01
-5.411262671698459092e-01 -4.543625533443838571e-01 -7.076277503724682783e-01
