-9.970493859790937607e-01 4.147509832993370033e-02 6.459363851986037186e-02
-9.964297837356248522e-01 4.561535963126061438e-02 7.104171345263667059e-02
-9.973220892902442403e-01 3.951472097520231097e-02 6.154053168436316584e-02
-9.991827733604742301e-01 2.183907948699070900e-02 3.401235109239174326e-02
-9.995947955182636901e-01 1.537959644741633547e-02 2.395230230928128631e-02
-9.972639399952327732e-01 3.994085526977452644e-02 6.220419652647030118e-02
-9.994243817666063068e-01 1.832975178827641813e-02 2.854689702606869744e-02
-9.967702635279105383e-01 4.338947697848757196e-02 6.757510661503257632e-02
-9.971596612190033460e-01 4.069380367751743860e-02 6.337684419295570859e-02
-9.931671553809425790e-01 6.305353714425449008e-02 9.820006581527672418e-02
-9.935278139651835261e-01 6.137245084099975101e-02 9.558192902077625175e-02
-9.956488126797932159e-01 5.034806336905703339e-02 7.841246281238392624e-02
-9.902671972715640925e-01 7.519889761088319191e-02 1.171153440247225536e-01
-9.925403314330260018e-01 6.587189350034845792e-02 1.025893957750877161e-01
-9.993834839211179766e-01 1.896955202408505750e-02 2.954332685555309881e-02
-9.996864972160000029e-01 1.352815214575905922e-02 2.106884865211194890e-02
-9.985915642533198522e-01 2.866601775644360417e-02 4.464467748897985033e-02
-9.938725471762240860e-01 5.972078477047321893e-02 9.300961152398781739e-02
-9.903090803497620609e-01 7.503771134467093762e-02 1.168643112886152829e-01
-9.873737401899344013e-01 8.558821230555935244e-02 1.332957429840818941e-01
-9.880278708381320385e-01 8.335540234210722654e-02 1.298183474993151176e-01
-9.906550615385131264e-01 7.369245928191897610e-02 1.147692053344774449e-01
-9.832414108618314774e-01 9.850161223238899921e-02 1.534071717816844205e-01
-9.851418473627344685e-01 9.279295412991581116e-02 1.445164635554788413e-01
-9.875978327757382047e-01 8.483007865582840867e-02 1.321150197816700900e-01
-9.928439050831419088e-01 6.452254787376109080e-02 1.004879144730112389e-01
-9.919945594325750848e-01 6.822970817989340575e-02 1.062614745703157476e-01
-9.943726231950479333e-01 5.723912300622965854e-02 8.914465232237418768e-02
-9.886112631970407350e-01 8.131104575364669906e-02 1.266344507564975130e-01
-9.853265116837129911e-01 9.221880227154394261e-02 1.436222750161255668e-01
-9.894593188497020630e-01 7.824177433888042377e-02 1.218543437460780643e-01
-9.919574421610706239e-01 6.838706183424837770e-02 1.065065383671108534e-01
-9.890962551953208504e-01 7.957058667931760088e-02 1.239238463496916687e-01
-9.889766863968969535e-01 8.000327190131945043e-02 1.245977136567813781e-01
-9.844111443215198820e-01 9.502978962938235519e-02 1.480001284411303630e-01
-9.806850862875101660e-01 1.056795421182706307e-01 1.645861352329877347e-01
-9.772472124782695113e-01 1.145999986584119584e-01 1.784789231560522105e-01
-9.625578098449034670e-01 1.464632518919762594e-01 2.281029998746405274e-01
-9.723638767455234921e-01 1.261446689765471918e-01 1.964586818881101649e-01
-9.763676930116064190e-01 1.167679763690643024e-01 1.818553483895017919e-01
-9.805930023834847908e-01 1.059286938872976841e-01 1.649741661226819256e-01
-9.910356294741344829e-01 7.218321749279431321e-02 1.124187005137227136e-01
-9.920985691735635381e-01 6.778679551103265755e-02 1.055716789584844884e-01
-9.834877165693128864e-01 9.778115118742185252e-02 1.522851201849396430e-01
-9.692194544413795798e-01 1.330215598960311496e-01 2.071688049277236321e-01
-9.668426276757212667e-01 1.379785828637081768e-01 2.148889107888756200e-01
-9.650508296582741563e-01 1.415931196923230773e-01 2.205182183668100981e-01
-9.835583659113102950e-01 9.757348175186703054e-02 1.519616942018318373e-01
-9.875780980225025152e-01 8.489712261872642274e-02 1.322194345673789462e-01
-9.926178990928319346e-01 6.552979709801357022e-02 1.020566121955147204e-01
-9.922469123832395876e-01 6.714995843211639392e-02 1.045798639724336565e-01
-9.957600778246550322e-01 4.970154955541660619e-02 7.740557720492424743e-02
-9.983341615557453919e-01 3.117362577631136583e-02 4.855004558952848853e-02
-9.992097795579520936e-01 2.147534427764472703e-02 3.344586706762734535e-02
-9.997628829621936219e-01 1.176542048584480749e-02 1.832355674846773350e-02
-9.995787312187045526e-01 1.568143179610442806e-02 2.442238301290202904e-02
-9.999912379555561115e-01 -2.261796842036126968e-03 -3.522539873387126822e-03
-9.996367974794289069e-01 1.456085268113802185e-02 2.267718444316639895e-02
-9.995590528023995391e-01 1.604343029578961938e-02 2.498616227262523415e-02
-9.999944675655095816e-01 1.797253583554588507e-03 2.799056614191620593e-03
-9.963720201971313362e-01 -4.598222567320189164e-02 -7.161307346026958565e-02
-9.838977481996429297e-01 -9.656945269917981134e-02 -1.503980115993988342e-01
-9.927425370457605425e-01 -6.497627803329569796e-02 -1.011945573283793559e-01
-9.911644083691616425e-01 -7.166518048419677489e-02 -1.116119056748758054e-01
-9.882932131524110320e-01 -8.243201034853873954e-02 -1.283802496756470679e-01
-9.929742675192139156e-01 -6.393423473180374905e-02 -9.957167104121089629e-02
-9.827872106803560159e-01 -9.981607813662524142e-02 -1.554543311347374168e-01
-9.788633936046080564e-01 -1.105000204467694730e-01 -1.720935854183233971e-01
-9.702060435406077987e-01 -1.309051503524404636e-01 -2.038726923560021664e-01
-9.343278169886690687e-01 -1.925717540074238787e-01 -2.999127372415055226e-01
-9.321407678212919601e-01 -1.956413602605334701e-01 -3.046933657317474342e-01
-9.762276035205162961e-01 -1.171094075742865059e-01 -1.823870959859530960e-01
-9.668319481385139191e-01 -1.380004269261946026e-01 -2.149229309005297739e-01
-9.570511722141391564e-01 -1.566439295627462258e-01 -2.439584659213193396e-01
-9.554594098800872626e-01 -1.594553911234336263e-01 -2.483370578735042133e-01
-9.632948252009795320e-01 -1.450418165132847381e-01 -2.258892454357685764e-01
-9.656295289366931822e-01 -1.404366292701008101e-01 -2.187170912497517217e-01
-9.726896212141631359e-01 -1.254093920972911003e-01 -1.953135559965966106e-01
-9.782053656154071630e-01 -1.121882316831230714e-01 -1.747228186386697024e-01
-9.419848078211254805e-01 -1.813554463851526910e-01 -2.824443731084747555e-01
-9.515671717282279118e-01 -1.661110365871407979e-01 -2.587026115312461294e-01
-9.580939442393886507e-01 -1.547718509356025007e-01 -2.410428762062443442e-01
-8.686161191587592478e-01 -2.677120436804160120e-01 -4.169368048110304592e-01
-7.722870904398894121e-01 -3.432398347733386368e-01 -5.345643700852698021e-01
-8.819518161652719623e-01 -2.546658586471686747e-01 -3.966185754629739102e-01
-9.875087116997535164e-01 -8.513241579192214192e-02 -1.325858819728725213e-01
-9.971973063195080922e-01 4.042361267163978311e-02 6.295604663326957728e-02
-9.826372606277494759e-01 1.002461208422080197e-01 1.561240829663435303e-01
-9.724469191128906065e-01 1.259576550835554143e-01 1.961674250065469916e-01
-9.699134521060985836e-01 1.315365885111057787e-01 2.048560990219494005e-01
-9.613338794898511619e-01 1.487914192152436088e-01 2.317289056481862120e-01
-9.549326462661450465e-01 1.603739217658394500e-01 2.497675845913192305e-01
-9.617297415607218847e-01 1.480427373511135070e-01 2.305629027296809963e-01
-9.772867195095003012e-01 1.145016059033451827e-01 1.783256855192611179e-01
-9.638379808401525972e-01 1.439845802018541732e-01 2.242426974375609783e-01
-9.568677586301257421e-01 1.569706921866030058e-01 2.444673685558424181e-01
-9.648156248456981610e-01 1.420602726694833451e-01 2.212457660220350231e-01
-9.731115397311136395e-01 1.244502020676031689e-01 1.938197060349486633e-01
-9.744623927184601353e-01 1.213252950496293975e-01 1.889529517063279762e-01
-9.546255977959217098e-01 1.609066785476459260e-01 2.505973041186669303e-01
-8.925146681639193336e-01 2.436862635237884989e-01 3.795188692042383294e-01
-8.809628578054212733e-01 2.556631743665693790e-01 3.981718026682882772e-01
-9.166822602239150797e-01 2.159139102420519762e-01 3.362659916714169639e-01
-8.710378876110845825e-01 2.654050493145794221e-01 4.133438739649412108e-01
-6.919921103563065889e-01 3.900469698647403005e-01 6.074621638455842687e-01
-5.254568436607590654e-01 4.597001453801515258e-01 7.159405574400294903e-01
-5.337720314220704143e-01 4.568949832401071887e-01 7.115717762542149716e-01
-5.560503751269201267e-01 4.490715002363314112e-01 6.993874233904282534e-01
-5.475139934641544137e-01 4.521230928744734978e-01 7.041399973375707111e-01
-7.366464086002102452e-01 3.653946169007617484e-01 5.690683989085649763e-01
-6.379028684880932998e-01 4.160958985195883364e-01 6.480309665516291728e-01
-8.780078275627963835e-01 2.586136850431852707e-01 4.027669507877266186e-01
-3.912008395259622406e-01 -4.972430927024639180e-01 -7.744102336061108316e-01
-4.453211621381141794e-01 -4.837709660968284586e-01 -7.534286395629653521e-01
-2.829231834150398028e-01 -5.182269429877996991e-01 -8.070906441334948500e-01
-2.595160580394372252e-01 -5.217908965324764559e-01 -8.126411729142856144e-01
-5.918008262247640427e-01 -4.355291669277879252e-01 -6.782964888858511454e-01
-2.078719914979548500e-01 -5.284999629613805761e-01 -8.230899247958836096e-01
-2.838318921852433507e-01 -5.180818639753281829e-01 -8.068646969587863760e-01
-2.907536455965331612e-01 -5.169601387614363164e-01 -8.051177134457310203e-01
-3.325459870623597713e-01 -5.095521027682364812e-01 -7.935803809654000673e-01
-3.047426511406046701e-01 -5.146026812803408124e-01 -8.014461909541273910e-01
-2.904997602870770246e-01 -5.170018038367225621e-01 -8.051826029558298847e-01
-3.152443900961029999e-01 -5.127525743676832892e-01 -7.985648201569170990e-01
-4.270793439884297826e-01 -4.885489917010518712e-01 -7.608699735475819015e-01
-5.995663698416759946e-01 -4.324174640509908518e-01 -6.734502987886964442e-01
-6.112699727780607217e-01 -4.276072128568508268e-01 -6.659587764214124350e-01
-6.317203035313003756e-01 -4.188404022580602404e-01 -6.523052778742695068e-01
-6.304350226642698729e-01 -4.194053563054001565e-01 -6.531851416716717429e-01
-6.434056265384409112e-01 -4.136151605920488916e-01 -6.441674461404348628e-01
-6.422359810251433432e-01 -4.141454867448440824e-01 -6.449933801873845018e-01
-5.862105592549562427e-01 -4.377306340806362273e-01 -6.817250708352712296e-01
-5.825458596287373947e-01 -4.391565447372252073e-01 -6.839457951065106567e-01
-6.139213283466239401e-01 -4.264969272914190257e-01 -6.642296091052360962e-01
-5.981622837934180703e-01 -4.329847575407910765e-01 -6.743338060518578869e-01
-7.345616243282999669e-01 -3.666177969963834715e-01 -5.709733890381304411e-01
-8.446081689784544766e-01 -2.892697210988661727e-01 -4.505108981481432684e-01
-9.026388467797294979e-01 -2.325454548200843463e-01 -3.621680876701868779e-01
-9.904986094702634691e-01 -7.430385474996027695e-02 -1.157213973592239875e-01
-9.537311558388960053e-01 -1.624476927277291316e-01 -2.529972915065312744e-01
-8.995058968821517675e-01 -2.360627343721713733e-01 -3.676459260143779550e-01
-9.555381634183551798e-01 -1.593175679077041829e-01 -2.481224109326904126e-01
-9.537442637707330695e-01 -1.624252253049751349e-01 -2.529623005687811621e-01
-9.444928381826562802e-01 -1.775066001098285495e-01 -2.764501501882756784e-01
-9.678522385480832213e-01 -1.358965502007380144e-01 -2.116463370365820607e-01
-9.961810659393391942e-01 -4.717456094058188748e-02 -7.347002561606565119e-02
-9.894668477306479693e-01 -7.821397450907245641e-02 -1.218110480763910236e-01
-8.370408925806678280e-01 -2.956211836286135042e-01 -4.604027149548278186e-01
-5.446411155248213065e-01 -4.531349117208441912e-01 -7.057158118248597622e-01
-5.669445042434358983e-01 -4.450772602292983882e-01 -6.931667631493493298e-01
-6.687269304324846564e-01 -4.017191400436506132e-01 -6.256404918457058040e-01
-6.303472575280967272e-01 -4.194438643852727577e-01 -6.532451144527268161e-01
-5.928079991716853625e-01 -4.351291255475767117e-01 -6.776734613501287363e-01
-6.243228491756263043e-01 -4.220660194665549758e-01 -6.573288790315590102e-01
-6.520550370086380942e-01 -4.096418828456471761e-01 -6.379794326859893339e-01
-6.803540937793023380e-01 -3.959786753953958294e-01 -6.167002478594053594e-01
-7.116324858381674057e-01 -3.795904242154032326e-01 -5.911770588781001257e-01
-8.243916125121741878e-01 -3.058218294661405046e-01 -4.762892795786613509e-01
-9.952734480387976923e-01 -5.246990174636286669e-02 -8.171703029166926813e-02
-8.888764436091022292e-01 -2.475378772172988073e-01 -3.855174021228978676e-01
-8.131910443892219620e-01 -3.144542363102137972e-01 -4.897334566799849687e-01
-9.882499920205627397e-01 -8.258314090030734189e-02 -1.286156215644028433e-01
-9.877462640138809924e-01 8.432406870130357279e-02 1.313269559697408384e-01
-9.840470263785255911e-01 9.612439632509471588e-02 1.497048773644917841e-01
-9.859061310257354327e-01 9.039227026606172499e-02 1.407776199614581281e-01
-9.832193387175444110e-01 9.856590888998800759e-02 1.535073078928985979e-01
-9.868092582831422543e-01 8.746806456851857758e-02 1.362234394196245868e-01
-9.636712843234049863e-01 1.443099372789436730e-01 2.247494110626912789e-01
-9.862228974650478763e-01 8.937782015589228191e-02 1.391977075236032479e-01
-9.779681931417339991e-01 1.127902425661201080e-01 1.756603950381755708e-01
-9.618765909383257817e-01 1.477639622741969139e-01 2.301287362714498075e-01
-9.522559753920983860e-01 1.649547075078836300e-01 2.569017356909679139e-01
-9.546703765009130205e-01 1.608291040335881883e-01 2.504764889712370879e-01
-9.454768285569138397e-01 1.759707183799523456e-01 2.740581561180100989e-01
-9.409307606942469704e-01 1.829458370426449987e-01 2.849212598036722777e-01
-9.499579798146946530e-01 1.687783995068286580e-01 2.628567831468260896e-01
-9.184881979179104761e-01 2.136616777421143920e-01 3.327583473782952939e-01
-9.353060892493384459e-01 1.911803952182482558e-01 2.977458243154769146e-01
-9.058482142107668889e-01 2.288733659435456258e-01 3.564491480882461261e-01
-8.822229012229777512e-01 2.543916039925033235e-01 3.961914491452754317e-01
-8.461074968078124980e-01 2.879877706378137781e-01 4.485143785974753938e-01
-9.003288520517835902e-01 2.351450994138329087e-01 3.662167942418482758e-01
-9.048868012224277058e-01 2.299809169528463371e-01 3.581740565855804359e-01
-9.095195637491929608e-01 2.245826593065608778e-01 3.497667684275779787e-01
-9.431340842666194879e-01 1.796032637675178123e-01 2.797155103647641083e-01
-9.632728234816005930e-01 1.450844673397510554e-01 2.259556701623701147e-01
-9.803832350381814775e-01 1.064939990411356702e-01 1.658545767360564416e-01
-9.874588298374606943e-01 8.530115698496459897e-02 1.328486808103843120e-01
-9.950250693891939946e-01 5.382753766685733493e-02 8.383142296151631367e-02
-9.968859516345311977e-01 4.260652638380640206e-02 6.635573331085298232e-02
-9.968178023402807231e-01 4.306947887185011425e-02 6.707673909188045791e-02
-9.972282979037448980e-01 4.019980547189253017e-02 6.260748757154983857e-02
-9.969710090407386538e-01 4.202151341458647271e-02 6.544462959356656118e-02
-9.986680551885849244e-01 -2.787727195154878976e-02 -4.341627867964752141e-02
-9.999360559384424807e-01 -6.110053107986666322e-03 -9.515843908430125786e-03
-9.981940416101025004e-01 -3.245708558438950564e-02 -5.054891580891348463e-02
-9.948596437054444408e-01 -5.471288359293110387e-02 -8.521026754577534779e-02
-9.458362513099536351e-01 -1.754059508594989769e-01 -2.731785828190218535e-01
-8.826527702050840363e-01 -2.539559284831068298e-01 -3.955129247414984062e-01
-8.070208138734666914e-01 -3.190609351123876447e-01 -4.969079649796490639e-01
-7.825073650051619367e-01 -3.364145454116733713e-01 -5.239346117104074496e-01
-7.783031665825062007e-01 -3.392496957877275676e-01 -5.283500968066324743e-01
-7.961748803606951697e-01 -3.269188655424727363e-01 -5.091459665312643157e-01
-7.762476252873553584e-01 -3.406217710977623159e-01 -5.304869774932889914e-01
-7.521724509621531274e-01 -3.560410193645943133e-01 -5.545010338524247739e-01
-7.592571942730186318e-01 -3.516237066063851446e-01 -5.476214768405731625e-01
-7.508386696037688823e-01 -3.568619190218196846e-01 -5.557795093197540615e-01
-7.428051693404661426e-01 -3.617365218427633922e-01 -5.633712534077164324e-01
-7.728243268207232175e-01 -3.428866559372010236e-01 -5.340143266376844444e-01
-7.714715317752793844e-01 -3.437748205585960393e-01 -5.353975610798104023e-01
-7.532212279492510598e-01 -3.553931728219738018e-01 -5.534920726425566206e-01
-7.210101190618753986e-01 -3.743887228856064286e-01 -5.830758890457269361e-01
-6.463380965365369546e-01 -4.122782984776570125e-01 -6.420854067566823531e-01
-5.977428541362961312e-01 -4.331538180324888687e-01 -6.745971021675619683e-01
-4.733392209268650896e-01 -4.759416201764610221e-01 -7.412351557475896913e-01
-4.321164966736971147e-01 -4.872542334894655047e-01 -7.588535071072968208e-01
-4.374809356212389089e-01 -4.858547921558586946e-01 -7.566740063641361758e-01
-4.388785340796822476e-01 -4.854866916604376192e-01 -7.561007238091181915e-01
-4.398263222683598261e-01 -4.852362349489879878e-01 -7.557106605920148601e-01
-4.300785747950565119e-01 -4.877803073326285044e-01 -7.596728185743778505e-01
-4.438399591534331057e-01 -4.841681765166840901e-01 -7.540472581391619578e-01
-4.486906034125169862e-01 -4.828612340165130967e-01 -7.520118157937158987e-01
-4.687261877214682904e-01 -4.772725366371225464e-01 -7.433079353242943998e-01
-4.730874461007586462e-01 -4.760146930013776645e-01 -7.413489599295771670e-01
-4.725372777799196622e-01 -4.761741945600878601e-01 -7.415973688892070204e-01
-4.819426849981121586e-01 -4.734143629244957352e-01 -7.372991857811889149e-01
-4.898201036174881229e-01 -4.710482631447332480e-01 -7.336142037068825728e-01
-5.597755760214084830e-01 -4.477184027463355087e-01 -6.972800989072974742e-01
-7.077785509211546033e-01 -3.816881204852241027e-01 -5.944440272526989588e-01
-7.974129226507168378e-01 -3.260367988455781241e-01 -5.077722290438597685e-01
-8.340011886015780140e-01 -2.981186298719629701e-01 -4.642922570261308057e-01
-8.275271356230828879e-01 -3.033396114409174227e-01 -4.724234540519013370e-01
-8.056681065886051041e-01 -3.200573651706634659e-01 -4.984598128494860947e-01
-7.173763023752205426e-01 -3.764209972786763947e-01 -5.862409688841123678e-01
-8.679121374607914330e-01 -2.683777448656762266e-01 -4.179735729792665722e-01
-9.404582101506818725e-01 -1.836537966441721126e-01 -2.860238415558341574e-01
-9.686012354994795182e-01 -1.343296791463982898e-01 -2.092060799530152115e-01
-9.947749006104539271e-01 -5.516086227211250415e-02 -8.590795300121316369e-02
-9.964205032177567700e-01 -4.567450189973569497e-02 -7.113382207841337235e-02
-9.673700792194014353e-01 -1.368950868916135044e-01 -2.132014657923028966e-01
-9.829296887289096230e-01 -9.940567959958392097e-02 -1.548151732829622096e-01
-9.998371813265799490e-01 -9.749587611538825319e-03 -1.518408305841030190e-02
-9.891440620239904113e-01 -7.939691288897680888e-02 -1.236533654470448468e-01
-9.823865969624832051e-01 -1.009607652758419544e-01 -1.572370757276666808e-01
-9.801320963338024939e-01 -1.071667167421260641e-01 -1.669022724800909574e-01
-9.792871087235769378e-01 -1.093985540379658478e-01 -1.703781531248047543e-01
-9.814238389728430212e-01 -1.036581602082096432e-01 -1.614380194317810713e-01
-9.840468155306207887e-01 -9.612502644571180310e-02 -1.497058587192083012e-01
-9.866694957706629854e-01 -8.792713476032804065e-02 -1.369383988825074450e-01
-9.869787729564790668e-01 -8.690792692472168457e-02 -1.353510767263052805e-01
-9.847108910886933630e-01 -9.411883321464394048e-02 -1.465813978839928533e-01
-9.828621941749846602e-01 -9.960031138206536239e-02 -1.551182943244621415e-01
-9.845156344258257919e-01 -9.471326136906259296e-02 -1.475071648834368199e-01
-9.898763013719632520e-01 -7.668659678474502861e-02 -1.194322982100576858e-01
-9.984879253728696780e-01 -2.970121381934014843e-02 -4.625689983386727100e-02
-9.999812570669964762e-01 3.308023303028793244e-03 5.151941045475466434e-03
-9.997651180446779362e-01 -1.170984488366903081e-02 -1.823700287633683165e-02
-9.967340098600461218e-01 -4.363192391131127945e-02 -6.795269534103112741e-02
-9.997641470384334150e-01 -1.173402142624252117e-02 -1.827465561049623419e-02
-9.980205378317523746e-01 3.397898470467312221e-02 5.291913325498868309e-02
-9.943281012837247301e-01 5.746446382892123755e-02 8.949559986031413450e-02
-9.765871715942326947e-01 1.162309395091103703e-01 1.810189630353851165e-01
-9.727565933821025190e-01 1.252576556253492124e-01 1.950772404430823892e-01
-9.723703662239315815e-01 1.261300650399711787e-01 1.964359376044763350e-01
-9.663726473331392119e-01 1.389364098822023497e-01 2.163806379863616181e-01
-9.485611593119828155e-01 1.710564393897458235e-01 2.664046200575532208e-01
-9.573105294230900286e-01 1.561805944955843573e-01 2.432368643086179616e-01
-9.610261364172412168e-01 1.493706401804414108e-01 2.326309888536673698e-01
-9.607271547395536127e-01 1.499310512161906861e-01 2.335037773297250485e-01
-9.425553055795740098e-01 1.804880608284353261e-01 2.810935001421890345e-01
-9.572696467963560663e-01 1.562537298300303024e-01 2.433507658434292675e-01
-9.675340708769234466e-01 1.365563405147185161e-01 2.126738995682277422e-01
-9.446764677062167159e-01 1.772211094426664191e-01 2.760055248179204557e-01
-9.399495995675306581e-01 1.844123483832463273e-01 2.872052158938187549e-01
-9.226814344706401050e-01 2.083206785130347904e-01 3.244402339215508579e-01
-9.527689822821467924e-01 1.640876544068928522e-01 2.555513804937989408e-01
-9.233469693523059796e-01 2.074580564338859290e-01 3.230967796320265428e-01
-9.277693387032811545e-01 2.016160726660071456e-01 3.139984289846236010e-01
-9.502161990132016456e-01 1.683535298685095161e-01 2.621950878901364579e-01
-9.270630334974149234e-01 2.025623046859451881e-01 3.154720980417909382e-01
-9.485308130725493836e-01 1.711055567634938990e-01 2.664811158348432407e-01
-9.808839246230464104e-01 1.051394502735246567e-01 1.637449920219572475e-01
-9.806898145666169686e-01 1.056667323060457991e-01 1.645661851324773939e-01
-9.878419036676215903e-01 8.399637266206930186e-02 1.308165996268985665e-01
-9.819976570879045408e-01 1.020593749844117548e-01 1.589480589741741334e-01
-9.929105901644591503e-01 6.422228746927924337e-02 1.000202865996632218e-01
-9.953447632894388830e-01 5.207348915070334622e-02 8.109965425303861108e-02
-9.881750586712437778e-01 8.284449004689936613e-02 1.290226487441372138e-01
-9.963419216256580446e-01 -4.617222330090586108e-02 -7.190897723332184688e-02
-9.975157782341602664e-01 3.806072980543237505e-02 5.927607460498342945e-02
-9.934165183835093060e-01 6.189615350905659091e-02 9.639754760143035006e-02
-9.912178779555167463e-01 7.144896573774589532e-02 1.112751711585689002e-01
-9.999999983199950870e-01 -3.131894326174245764e-05 -4.877636416386629359e-05
-9.445395744783163794e-01 -1.774339875621292473e-01 -2.763370628455818490e-01
-8.749184313681922509e-01 -2.616523681157306158e-01 -4.074994192776868474e-01
-9.410329917533072352e-01 -1.827922701688341756e-01 -2.846820935681481091e-01
-9.743784665957185842e-01 -1.215219088830358923e-01 -1.892591596092492445e-01
-9.879768479840319584e-01 -8.353176369752104979e-02 -1.300930140365671728e-01
-9.993701456331903765e-01 1.917359258140806030e-02 2.986110119567083471e-02
-9.805619377240033518e-01 1.060126082976647760e-01 1.651048550735974840e-01
-9.653803573859678355e-01 1.409358297661552906e-01 2.194945499584584903e-01
-9.504377891616798690e-01 1.679879799576278199e-01 2.616257776351824105e-01
-9.321860225392863963e-01 1.955784040240179933e-01 3.045953172026830136e-01
-9.180630976622419226e-01 2.141943626633614761e-01 3.335879549894527063e-01
-9.093958993945382430e-01 2.247288040480966975e-01 3.499943753769636512e-01
-8.918912049899796468e-01 2.443517273634676912e-01 3.805552677286331842e-01
-8.724485334119564950e-01 2.640489798587123405e-01 4.112319209192052960e-01
-8.919004455923092989e-01 2.443418808746797566e-01 3.805399327309341162e-01
-9.896816988471761611e-01 -7.741635565750289161e-02 -1.205688303156262492e-01
-8.395669118325742586e-01 -2.935226281193575870e-01 -4.571344083940955816e-01
-6.112327903775062188e-01 -4.276227287942721556e-01 -6.659829410622076784e-01
-5.994604680471796732e-01 -4.324603239478604366e-01 -6.735170491231591283e-01
-9.945870940750265454e-01 -5.614079559580122114e-02 -8.743410872917271870e-02
-8.785290994321258706e-01 -2.580963781146232705e-01 -4.019612929811666735e-01
-4.188763658083988206e-01 -4.906178755766562594e-01 -7.640920692768620182e-01
-3.705928327445029424e-01 -5.018303129536694218e-01 -7.815544058600316646e-01
-4.089831411501053116e-01 -4.930485137901253201e-01 -7.678775640063602026e-01
-3.255585605697067231e-01 -5.108676514645018596e-01 -7.956292266671234348e-01
-5.918921890150208309e-01 -4.354929215264447540e-01 -6.782400400178161259e-01
-8.850584612139353879e-01 -2.514998533981077644e-01 -3.916878144317884058e-01
-2.921766332019890000e-01 -5.167258762834598951e-01 -8.047528712529335992e-01
-1.786695452752158630e-01 -5.316083765069715694e-01 -8.279309920632090813e-01
-2.028159539162204539e-01 -5.290731356598618040e-01 -8.239825883840597998e-01
-1.927730239431064141e-01 -5.301680582014881571e-01 -8.256878292082874271e-01
-2.360679447581980062e-01 -5.250314994541586122e-01 -8.176881129370526802e-01
-2.162050033983154707e-01 -5.275230700302425690e-01 -8.215685041987687010e-01
-1.405357557111273914e-01 -5.349401317515205534e-01 -8.331198934177289628e-01
-1.353213689455252944e-01 -5.353324754465037527e-01 -8.337309325190156439e-01
-1.408889780512230516e-01 -5.349130073662750062e-01 -8.330776496906211470e-01
-2.058913933421161468e-01 -5.287262471176304990e-01 -8.234423414887944714e-01
-1.715564985593934499e-01 -5.322919367642621191e-01 -8.289955740881803647e-01
-1.803982456745679419e-01 -5.314379184059050409e-01 -8.276655192998780830e-01
-3.900365761980730261e-01 -4.975100197533744439e-01 -7.748259478571183356e-01
-8.474125430150147853e-01 -2.868654086920789381e-01 -4.467664034333292400e-01
-7.221450189104544615e-01 3.737496325070558956e-01 5.820805647534197380e-01
-7.561738635508022943e-01 3.535580290921226942e-01 5.506340056218345103e-01
-9.999499869857707557e-01 5.403658610159319323e-03 8.415699660860096257e-03
-8.434695129994920215e-01 -2.902379975642938037e-01 -4.520188993950018386e-01
-3.882173481870790366e-01 -4.979252309722872472e-01 -7.754726010168164763e-01
-4.886753478241657178e-01 -4.713952315916931646e-01 -7.341545750463894793e-01
-5.696661958187824171e-01 -4.440615853606529884e-01 -6.915849432631832050e-01
-4.019021677773843004e-01 -4.947454271839304418e-01 -7.705203500339425915e-01
-7.254412542057677715e-01 -3.718814801929297698e-01 -5.791710899085676933e-01
-8.127411377412032678e-01 -3.147936088844244251e-01 -4.902619981485965561e-01
-8.747476790038843930e-01 -2.618189787175134176e-01 -4.077588999159127980e-01
-8.632251143956846118e-01 -2.727549655987516752e-01 -4.247906903614778740e-01
-8.891686232066584594e-01 -2.472313538347873096e-01 -3.850400202391870974e-01
-9.406777388578362320e-01 -1.833252902486651181e-01 -2.855122231578730019e-01
-9.120589434595793854e-01 -2.215558892379121403e-01 -3.450528533419102151e-01
-8.686467984015666666e-01 -2.676829827512612892e-01 -4.168915450954792101e-01
-8.766157950839243984e-01 -2.599885896432765353e-01 -4.049082378325723486e-01
-8.633629957320101411e-01 -2.726275370693121425e-01 -4.245922321853873305e-01
-9.049754672037196856e-01 -2.298790459472994374e-01 -3.580154018946233307e-01
-8.929432691779196629e-01 -2.432274624325777845e-01 -3.788043288407066389e-01
-9.003016642964954963e-01 -2.351754856992547271e-01 -3.662641180774877658e-01
-9.112364450748404732e-01 -2.225416858640919260e-01 -3.465881406224614047e-01
-8.757047150394234869e-01 -2.608833623913771049e-01 -4.063017638222748418e-01
-9.023492053039249283e-01 -2.328733724584867715e-01 -3.626787891332854397e-01
-9.020379321463140032e-01 -2.332251493526684150e-01 -3.632266491856389612e-01
-9.158011387266352665e-01 -2.170027030307021543e-01 -3.379616859710092291e-01
-9.284902291202684621e-01 -2.006449509963997291e-01 -3.124859965947971996e-01
