-9.925328125411134739e-01 6.590495822191429209e-02 1.026408910278679143e-01
-9.906188836158530409e-01 7.383429676090345894e-02 1.149901041198934659e-01
-9.889240352269378365e-01 8.019304455529180364e-02 1.248932670540061907e-01
-9.738899930086005741e-01 1.226596688056788703e-01 1.910311157015761874e-01
-9.061705746570017928e-01 2.285005395037772447e-01 3.558685053109952867e-01
-8.947130662652319488e-01 2.413213715783280033e-01 3.758357682204039873e-01
-8.982149501562529670e-01 2.374933822881709622e-01 3.698740281300171850e-01
-8.668341256024284514e-01 2.693929084773118432e-01 4.195545966298164786e-01
-8.893178461118237399e-01 2.470746196102346359e-01 3.847959211471509433e-01
-8.935072260445217074e-01 2.426221094418434809e-01 3.778615474167940635e-01
-9.045966056317323867e-01 2.303139466233381782e-01 3.586927195669436519e-01
-8.989457299336782725e-01 2.366848349132576745e-01 3.686147902025777578e-01
-9.066190608318019928e-01 2.279806066429800326e-01 3.550587578572877434e-01
-9.033066575020806122e-01 2.317872222724004783e-01 3.609872104433392570e-01
-9.036036275768574155e-01 2.314490637405820228e-01 3.604605597337272593e-01
-8.973809179073253262e-01 2.384120203758656187e-01 3.713047221839549938e-01
-9.139431397269175417e-01 2.192775071288867450e-01 3.415044834455985279e-01
-9.242701196513540829e-01 2.062545198275229641e-01 3.212223824243719550e-01
-9.260286888352323720e-01 2.039387980043881610e-01 3.176158593688698795e-01
-8.506256551675646094e-01 2.840757205738822511e-01 4.424217216086716586e-01
-8.696399748460460488e-01 2.667399290817248914e-01 4.154228260257790684e-01
-9.170229220907540890e-01 2.154912013440710150e-01 3.356076615684210340e-01
-8.981145553649153568e-01 2.376041945989691984e-01 3.700466080788411549e-01
-8.864312322569536384e-01 2.500844950676734957e-01 3.894835244348154868e-01
-9.042236044371826376e-01 2.307411419045606038e-01 3.593580367978556067e-01
-9.098008706755278396e-01 2.242497859607552602e-01 3.492483489074886260e-01
-9.081949846943525584e-01 2.261420890152014695e-01 3.521954363018712786e-01
-9.057039335729878404e-01 2.290399944189577264e-01 3.567086565630004369e-01
-9.159736958076529767e-01 2.167899889277372094e-01 3.376304033839086505e-01
-9.121924916874830647e-01 2.213953280514652233e-01 3.448027941098580906e-01
-9.019783369117025940e-01 2.332924249584113208e-01 3.633314247337038339e-01
-8.947713807825186105e-01 2.412582454315584379e-01 3.757374550717972883e-01
-8.847636709068271710e-01 2.518024663634075844e-01 3.921591062015271079e-01
-8.820450120956918605e-01 2.545716158788574601e-01 3.964718010476131482e-01
-9.201008809652756470e-01 2.116263978930794099e-01 3.295885868195737589e-01
-9.434164955503755445e-01 1.791697485235692611e-01 2.790403503750830128e-01
-9.524078140253575686e-01 1.646986032426549507e-01 2.565028769299837474e-01
-9.533849954877053889e-01 1.630397910303059417e-01 2.539194299767194574e-01
-9.239668823973887779e-01 2.066507644823556977e-01 3.218394969106616599e-01
-9.217236037929978920e-01 2.095548393376928387e-01 3.263623255233397136e-01
-9.258189154726546022e-01 2.042166436755154801e-01 3.180485783633454355e-01
-9.210937836517193444e-01 2.103617203331883401e-01 3.276189682186017027e-01
-9.235467457810063729e-01 2.071982969177712242e-01 3.226922281550769211e-01
-9.322635742626438349e-01 1.954704634533190877e-01 3.044272097240728892e-01
-9.378463753122510127e-01 1.875122840778856992e-01 2.920330796905835635e-01
-9.444720236889410092e-01 1.775389281461894897e-01 2.765004981218270874e-01
-9.257558310987115124e-01 2.043001129835186891e-01 3.181785741084012242e-01
-8.915651652440744757e-01 2.446988260120292191e-01 3.810958418451201868e-01
-9.281714261472923111e-01 2.010750864876127975e-01 3.131558929314606221e-01
-9.233992432083819590e-01 2.073901241513694815e-01 3.229909813704819888e-01
-9.113390104612880682e-01 2.224190441261968132e-01 3.463971374324984476e-01
-8.977450108030473608e-01 2.380115341886856473e-01 3.706810019024233682e-01
-8.924567125630115116e-01 2.437482196224455278e-01 3.796153601108762654e-01
-8.803539135106034363e-01 2.562747798209192851e-01 3.991243217273338639e-01
-8.853416198547595650e-01 2.512087424286704174e-01 3.912344359592549448e-01
-9.053241524681583385e-01 2.294778953777662223e-01 3.573906468988825580e-01
-9.146764986512292417e-01 2.183830156080229234e-01 3.401113954413669260e-01
-9.159541058402231872e-01 2.168141503385784541e-01 3.376680325517913417e-01
-9.036922334951029701e-01 2.313480512722401738e-01 3.603032421352451720e-01
-9.144017418349016380e-01 2.187186542344123075e-01 3.406341216307983699e-01
-9.166232771668961776e-01 2.159869991800363875e-01 3.363798209480206580e-01
-9.121622600192201835e-01 2.214316869685768463e-01 3.448594197682278151e-01
-9.027659456419933059e-01 2.324013804929822846e-01 3.619437052002336674e-01
-8.950849321831962913e-01 2.409184681616911294e-01 3.752082833270438678e-01
-8.952340646413675662e-01 2.407566519520795978e-01 3.749562695122204969e-01
-9.178406584477251107e-01 2.144724716492676375e-01 3.340210840723988883e-01
-9.143244257302285405e-01 2.188129913985239483e-01 3.407810430589078843e-01
-9.066388378166052586e-01 2.279576458295636543e-01 3.550229985091087892e-01
-9.107740175295736540e-01 2.230936217239790076e-01 3.474477297941636067e-01
-9.071700928116652740e-01 2.273398101559286899e-01 3.540607764584222661e-01
-9.055532023062959901e-01 2.292139149775741236e-01 3.569795217844659030e-01
-9.152739435643272303e-01 2.176510504354188247e-01 3.389714272273749995e-01
-9.223605613600804887e-01 2.087350778980489319e-01 3.250856227248641317e-01
-9.311862139383292325e-01 1.969638948973334303e-01 3.067530913912233648e-01
-9.348775486183841243e-01 1.917913136202898106e-01 2.986972733539502989e-01
-9.386137260260465354e-01 1.863880648534988749e-01 2.902822119863179839e-01
-9.397084450004736800e-01 1.847707798549400038e-01 2.877634398365939150e-01
-9.309426304418395581e-01 1.972997442405695911e-01 3.072761457526996254e-01
-9.564378990192893282e-01 1.577336173664129204e-01 2.456555541242120555e-01
-9.777561206431484297e-01 1.133257116778869228e-01 1.764943387691553511e-01
-9.732273028908984269e-01 1.241856575905691401e-01 1.934077024229010622e-01
-9.783255207194619940e-01 1.118819517777023403e-01 1.742458159480608781e-01
-9.747692704615263937e-01 1.206034982841303060e-01 1.878288198481087579e-01
-9.886387275084126403e-01 8.121350525680681720e-02 1.264825404332524383e-01
-9.803714914982657458e-01 1.065255546431797679e-01 1.659037216744360110e-01
-9.936071503341370459e-01 6.099635146096050314e-02 9.499618894106520717e-02
-9.883435945549927659e-01 8.225548375009615609e-02 1.281053257876255402e-01
-9.854345943823111797e-01 9.188104058351176384e-02 1.430962423540917683e-01
-9.986908096217549380e-01 2.763828120088984014e-02 4.304407263845019815e-02
-9.978105448418084222e-01 3.573403010910923550e-02 5.565245452497757234e-02
-9.982410952643965274e-01 3.203184271062199662e-02 4.988663927245351459e-02
-9.971464434320794767e-01 4.078824504506310678e-02 6.352392790829830549e-02
-9.989641449334144552e-01 2.458605339480498392e-02 3.829050947584716064e-02
-9.999682432917105235e-01 4.305921526347293755e-03 6.706075446891101091e-03
-9.985558681563750927e-01 -2.902674848408248742e-02 -4.520648231072502826e-02
-9.984414003357361400e-01 -3.015433943690937896e-02 -4.696260117090861330e-02
-9.791627026374724041e-01 -1.097231494074788899e-01 -1.708836804606715387e-01
-9.646868481352538494e-01 -1.423153453526817824e-01 -2.216430181891967111e-01
-9.664877473644052364e-01 -1.387024888574931447e-01 -2.160163275755203061e-01
-9.399879855509899462e-01 -1.843552219613958931e-01 -2.871162467631469539e-01
-9.485043719595862566e-01 -1.711483406621835124e-01 -2.665477478091532459e-01
-8.834378711318093824e-01 -2.531577375194157264e-01 -3.942698159688961534e-01
-8.730889702110401496e-01 -2.634302889861949160e-01 -4.102683669751731599e-01
-8.515450389551870725e-01 -2.832704803866754606e-01 -4.411676343209132156e-01
-8.450584001102672271e-01 -2.888856022256345302e-01 -4.499126684477865457e-01
-8.107483755542715942e-01 -3.162901601304990429e-01 -4.925927386195750879e-01
-8.316638087861560891e-01 -3.000187874571683677e-01 -4.672515771273912377e-01
-8.329618415652669805e-01 -2.989657100346340690e-01 -4.656115062148765693e-01
-7.377673624759029103e-01 -3.647337994365527081e-01 -5.680392366852188291e-01
-7.172521433911169808e-01 -3.764900606150146101e-01 -5.863485286576159972e-01
-6.969630104564936701e-01 -3.874546080756818278e-01 -6.034247995702044509e-01
-7.149679115835230192e-01 -3.777562840682197054e-01 -5.883205548447768551e-01
-7.206920741905542549e-01 -3.745674461941154165e-01 -5.833542341069747339e-01
-6.965743724310915486e-01 -3.876585809564921936e-01 -6.037424685103986999e-01
-6.388364414125303758e-01 -4.156775684744552501e-01 -6.473794561078836107e-01
-6.427010755784200446e-01 -4.139348062642963511e-01 -6.446652647795454438e-01
-6.138718032926929746e-01 -4.265177370624366748e-01 -6.642620184033672937e-01
-5.994588873181025956e-01 -4.324609636009021929e-01 -6.735180453237473719e-01
-6.125755521082594246e-01 -4.270614477918905916e-01 -6.651087976933965917e-01
-6.160703936668717740e-01 -4.255913179943583424e-01 -6.628192061904744081e-01
-6.127447039750102409e-01 -4.269906017305576396e-01 -6.649984614902153535e-01
-6.237384688913879538e-01 -4.223181729812224838e-01 -6.577215848631010608e-01
-6.258173217750143680e-01 -4.214194090075856769e-01 -6.563218429079175076e-01
-5.995426128874308258e-01 -4.324270798418664574e-01 -6.734652744956849402e-01
-5.963887969875254491e-01 -4.336983430151735708e-01 -6.754451495818627471e-01
-6.087935913017895606e-01 -4.286373044497406304e-01 -6.675630490252810745e-01
-6.491184311525273198e-01 -4.110011356025052298e-01 -6.400963434292784582e-01
-6.696406666927239293e-01 -4.012745519975516317e-01 -6.249480869884220802e-01
-6.765057569947989791e-01 -3.978987947660031499e-01 -6.196906565994488858e-01
-6.821585495892188433e-01 -3.950713637658752608e-01 -6.152871937189209328e-01
-6.898917526895425034e-01 -3.911316161022243554e-01 -6.091514002743598777e-01
-7.048908449596265058e-01 -3.832449594960323225e-01 -5.968686603541758506e-01
-7.337870899449528972e-01 -3.670703110496979504e-01 -5.716781379202772184e-01
-7.683259875224220936e-01 -3.458252073084235323e-01 -5.385908492425216521e-01
-7.818654071507293857e-01 -3.368499917749775974e-01 -5.246127792402902612e-01
-8.129951040387276562e-01 -3.146021056844170438e-01 -4.899637495856088987e-01
-7.660291374999180780e-01 -3.473094828573526915e-01 -5.409024714479403473e-01
-7.644456545577835715e-01 -3.483265067821211813e-01 -5.424863923645336650e-01
-7.804872307430962275e-01 -3.377817232447206663e-01 -5.260638650285722751e-01
-8.099185139119293719e-01 -3.169102175769541452e-01 -4.935584208764140501e-01
-8.400619429338667121e-01 -2.931088628048129641e-01 -4.564900070970295820e-01
-8.539322176247073903e-01 -2.811648102407486860e-01 -4.378882473700717037e-01
-8.777188077835099689e-01 -2.588999289993350050e-01 -4.032127493361700177e-01
-9.614464443882307920e-01 -1.485789438366157955e-01 -2.313979948522122965e-01
-9.419152712382808934e-01 -1.814608506211471683e-01 -2.826085304798238163e-01
-9.426446914045835124e-01 -1.803517327543004978e-01 -2.808811817464441085e-01
-9.494085923686899076e-01 -1.696784313600959437e-01 -2.642584997075399511e-01
-9.667083892617543972e-01 -1.382528873652918155e-01 -2.153161147385495855e-01
-9.377351610048217934e-01 -1.876745856106831478e-01 -2.922858493514856604e-01
-9.365987580178664063e-01 -1.893239375072331698e-01 -2.948545627358468701e-01
-9.657468108984328392e-01 -1.402010018301666217e-01 -2.183501232546575521e-01
-9.644801918139486174e-01 -1.427236533495531423e-01 -2.222789202175625423e-01
-9.632567462923280477e-01 -1.451156247892601836e-01 -2.260041950149162260e-01
-9.516031292979213463e-01 -1.660508926616280634e-01 -2.586089429170615461e-01
-9.634648368967902998e-01 -1.447117882460480509e-01 -2.253752568630197073e-01
-9.663082422652150560e-01 -1.390671182914776371e-01 -2.165842042726443262e-01
-9.662160289993078077e-01 -1.392540339946813643e-01 -2.168753082326730919e-01
-9.653249320846695181e-01 -1.410466134039666530e-01 -2.196670852517513262e-01
-9.675503615228445708e-01 -1.365226410043431371e-01 -2.126214156904520647e-01
-9.627960524047014523e-01 -1.460054008312313967e-01 -2.273899390958950273e-01
-9.251782871291781563e-01 -2.050624404076513696e-01 -3.193658287274617202e-01
-7.808265244013449236e-01 -3.375527310587199681e-01 -5.257072308292092266e-01
-7.494266899520235503e-01 -3.577273126523313196e-01 -5.571272800447800710e-01
-6.261364944941686383e-01 -4.212809840122936356e-01 -6.561062587509643995e-01
-6.288193534256503181e-01 -4.201128286360610864e-01 -6.542869645444227000e-01
-5.497360971434976928e-01 -4.513352575500023667e-01 -7.029130165174833911e-01
-5.742484023449054842e-01 -4.423352956395319446e-01 -6.888964063165168294e-01
-5.892988510856165263e-01 -4.365184099673253271e-01 -6.798371436371879462e-01
-5.562329853143499481e-01 -4.490054764355491668e-01 -6.992845974130789122e-01
-5.533581420958632036e-01 -4.500412588044344075e-01 -7.008977328754421032e-01
-5.366347893028359239e-01 -4.559149817046295183e-01 -7.100455142926882512e-01
-5.272690526952388268e-01 -4.590939968981429531e-01 -7.149965371118615076e-01
-5.293151333671722858e-01 -4.584061459177022901e-01 -7.139252726815117356e-01
-5.295274800972520346e-01 -4.583345473851580532e-01 -7.138137645738534820e-01
-5.631332100079997627e-01 -4.464875278105305823e-01 -6.953631247741905996e-01
-5.635998576665254278e-01 -4.463156071517072054e-01 -6.950953742121114276e-01
-5.349324468072634842e-01 -4.564986260136159602e-01 -7.109544864479547810e-01
-4.519204197843408877e-01 -4.819811333166860723e-01 -7.506411401653310111e-01
-4.868470202950005987e-01 -4.719471762236847057e-01 -7.350141778798349179e-01
-4.722511912207613127e-01 -4.762570406566604686e-01 -7.417263940399667632e-01
-4.827515717589416222e-01 -4.731737106149386252e-01 -7.369243920153286664e-01
-5.018133578348337176e-01 -4.673484877564199613e-01 -7.278521449376353925e-01
-5.166323438037424554e-01 -4.626108039733958788e-01 -7.204736396169814094e-01
-4.793458651704559093e-01 -4.741833963294024290e-01 -7.384968843465082866e-01
-4.686657390101523490e-01 -4.772898657995678917e-01 -7.433349238957485117e-01
-4.715734130934513546e-01 -4.764530567449058451e-01 -7.420316710099568169e-01
-4.031939572540752525e-01 -4.944384994946266487e-01 -7.700423384797104864e-01
-3.667835254403917777e-01 -5.026466488240513009e-01 -7.828257736504773412e-01
-3.868744318381144853e-01 -4.982302652173571933e-01 -7.759476637063725812e-01
-3.430098078097643111e-01 -5.075231493801982685e-01 -7.904204732859045901e-01
-4.445066577402475017e-01 -4.839895937718118324e-01 -7.537691319928078171e-01
-4.210566549070968723e-01 -4.900727452306038456e-01 -7.632430790649762375e-01
-4.082591452377350438e-01 -4.932236451067121830e-01 -7.681503148716414264e-01
-3.849256095145374701e-01 -4.986707172933124155e-01 -7.766336271718055073e-01
-3.973040628245804173e-01 -4.958284173830573849e-01 -7.722070073357885089e-01
-4.425500309181972791e-01 -4.845127511360521333e-01 -7.545839013130857253e-01
-3.751112760863125062e-01 -5.008493178799175993e-01 -7.800265965543222713e-01
-3.604948980339689468e-01 -5.039730191518787539e-01 -7.848914730447889010e-01
-4.186072375068519147e-01 -4.906849267352415001e-01 -7.641964952691897572e-01
-4.196755638325116999e-01 -4.904184536462534716e-01 -7.637814880219871982e-01
-4.018030505179824297e-01 -4.947689287939824876e-01 -7.705569516229795468e-01
-3.764782908556236207e-01 -5.005498016321442423e-01 -7.795601276363803844e-01
-3.261428283947573337e-01 -5.107588481538888336e-01 -7.954597755507066825e-01
-3.679609306232966004e-01 -5.023953724347455241e-01 -7.824344338607489568e-01
-4.145561186247114782e-01 -4.916879302071025526e-01 -7.657585806241218318e-01
-4.209245992781716628e-01 -4.901058604596658652e-01 -7.632946529785211709e-01
-4.441558729373518699e-01 -4.840835970692352053e-01 -7.539155334543580222e-01
-4.171720660586927809e-01 -4.910416065327039004e-01 -7.647519911409861315e-01
-4.299690505018985420e-01 -4.878084937446300340e-01 -7.597167163101593568e-01
-5.171822830808715521e-01 -4.624313845267857825e-01 -7.201942103848774090e-01
-6.770592863666649031e-01 -3.976238528881225753e-01 -6.192624599950065090e-01
-7.735611221269078630e-01 -3.424012946303834903e-01 -5.332584211891983061e-01
-7.764412275990620893e-01 -3.404929317965946223e-01 -5.302863221704111618e-01
-7.782979448977466186e-01 -3.392531929028286264e-01 -5.283555432407048835e-01
-8.134272407594785870e-01 -3.142758472283431193e-01 -4.894556321458854442e-01
-8.477964053311544124e-01 -2.865341135781293014e-01 -4.462504418637236459e-01
-8.780156018879188284e-01 -2.586059797065258792e-01 -4.027549504368922451e-01
-8.990878391205149311e-01 -2.365272053014742248e-01 -3.683692966275518010e-01
-9.161884911646155372e-01 -2.165248589249493816e-01 -3.372174878695290978e-01
-9.509185639550885583e-01 -1.671918187441259196e-01 -2.603858300112039670e-01
-9.842178326064271454e-01 -9.561253169871995750e-02 -1.489076954413981468e-01
-9.993101397242835082e-01 -2.006584596660315745e-02 -3.125070351012316366e-02
-9.951562599763170702e-01 5.311481721338068979e-02 8.272142662175224759e-02
-9.767567838682171821e-01 1.158141303092743574e-01 1.803698211678533281e-01
-9.864340931945718705e-01 8.869483207766556965e-02 1.381340166147257409e-01
-9.905652409535208314e-01 7.404409608438003443e-02 1.153168472069032585e-01
-9.909323764027289094e-01 7.259585383422391403e-02 1.130613435393385130e-01
-9.942262873521686695e-01 5.797645039581040410e-02 9.029297169450688221e-02
-9.973323836149908805e-01 3.943879896736008500e-02 6.142229016287836796e-02
-9.965462566211529261e-01 4.486643285353920929e-02 6.987532910381244466e-02
-9.851013314107160967e-01 9.291843599982235746e-02 1.447118899889754673e-01
-9.841422680431282100e-01 9.583932842516401651e-02 1.492609104150885713e-01
-9.817833221311859093e-01 1.026595827870747241e-01 1.598828272424395736e-01
-9.654963560417133550e-01 1.407036696675276199e-01 2.191329820274991735e-01
-9.565161454542517872e-01 1.575950441520339584e-01 2.454397391297080122e-01
-9.142381368792559249e-01 2.189182192343488431e-01 3.409449257032702851e-01
-9.697501363228083759e-01 1.318876413540054915e-01 2.054028314312434378e-01
-9.377506257012288016e-01 1.876520266306927753e-01 2.922507158217883538e-01
-9.374015001592922447e-01 1.881605611624584118e-01 2.930427114298138624e-01
-9.317331723179780312e-01 1.962073403473265365e-01 3.055748274909197981e-01
-8.867757341362008106e-01 2.497277008421306954e-01 3.889278503518428520e-01
-8.892142752771461378e-01 2.471834171542294512e-01 3.849653632825920102e-01
-9.114973952486206121e-01 2.222294966832302765e-01 3.461019347806337243e-01
-9.161331391660115786e-01 2.165932189708969779e-01 3.373239523331456047e-01
-9.346577304996597224e-01 1.921038194959935885e-01 2.991839724187713712e-01
-9.382111121502844098e-01 1.869788781473766814e-01 2.912023491740320935e-01
-9.087138509108435569e-01 2.255327819074076090e-01 3.512464967055059506e-01
-8.894585402512109606e-01 2.469267282270190267e-01 3.845655939645210575e-01
-8.763152325860403824e-01 2.602842153089952038e-01 4.053686475279688617e-01
-8.828833463790588532e-01 2.537218418963423372e-01 3.951483564830333139e-01
-9.044007058799357068e-01 2.305384297061930376e-01 3.590423312542361800e-01
-9.082014842463668192e-01 2.261344688631659883e-01 3.521835686182280822e-01
-9.254621513183950432e-01 2.046881689666175674e-01 3.187829354940779347e-01
-9.223412786964497734e-01 2.087599501747496589e-01 3.251243590007276141e-01
-9.491206492508587056e-01 1.701480446983603678e-01 2.649898791481539728e-01
-9.474664417263901628e-01 1.728184960525708247e-01 2.691488607155165247e-01
-9.568714713609485223e-01 1.569640850933547993e-01 2.444570786177801547e-01
-9.633531712719975992e-01 1.449286458470902539e-01 2.257129925660329717e-01
-9.655565690982306215e-01 1.405829968797956964e-01 2.189450452957298066e-01
-9.708402372932458668e-01 1.295252752731328449e-01 2.017236642484296349e-01
-9.719039686527658484e-01 1.271751301967593839e-01 1.980635301524259484e-01
-9.890557222058123932e-01 7.971753294276177904e-02 1.241527015954888152e-01
-9.912382778532534688e-01 7.136629903909257056e-02 1.111464254035144927e-01
-9.934237696020102870e-01 6.186216961231404132e-02 9.634462081812963929e-02
-9.934464193877358129e-01 6.175589603741708095e-02 9.617910953165842436e-02
-9.942751864022578712e-01 5.773112744525241841e-02 8.991090383627271809e-02
-9.979187178236834654e-01 3.484104811775531191e-02 5.426171747366525383e-02
-9.987096082919624251e-01 2.743926366976037756e-02 4.273412119812743104e-02
-9.999998337764852696e-01 3.115286773606795257e-04 4.851771685730470077e-04
-9.949453882960466178e-01 5.425580680537630401e-02 8.449841262607706016e-02
-9.979320344735956860e-01 3.472952340445089464e-02 5.408802802367503743e-02
-9.987101776948856813e-01 2.743321293493988788e-02 4.272469773697815804e-02
-9.971903435060330834e-01 4.047372375094080571e-02 6.303409001526377731e-02
-9.901389979045456258e-01 -7.569009521458577860e-02 -1.178803389670609325e-01
-9.905040458100308198e-01 -7.428269620542918283e-02 -1.156884448785287511e-01
-9.882215362810081727e-01 -8.268248716514278729e-02 -1.287703442046731483e-01
-9.812606573838555946e-01 -1.041081680965962319e-01 -1.621388651933100278e-01
-9.546989789765498724e-01 -1.607795316829802035e-01 -2.503992846094709734e-01
-9.454160013756437442e-01 -1.760660968090907164e-01 -2.742066992203156528e-01
-9.342744359413568400e-01 -1.926473449549540584e-01 -3.000304631671030231e-01
-9.398957374746853555e-01 -1.844924727582076818e-01 -2.873300022143167598e-01
-9.368179240793791385e-01 -1.890071198820680032e-01 -2.943611485191078292e-01
-9.369748724724838995e-01 -1.887798692584103377e-01 -2.940072266423907621e-01
-9.418994259334158015e-01 -1.814848594377864999e-01 -2.826459219963178282e-01
-9.367121039520813763e-01 -1.891601646984489293e-01 -2.945995016983578574e-01
-9.274435467908759279e-01 -2.020531738964123636e-01 -3.146791738173128072e-01
-9.319771854133728217e-01 -1.958687341881139021e-01 -3.050474796429462621e-01
-9.164885112285497959e-01 -2.161538842082328382e-01 -3.366397289800630577e-01
-8.903379410280128914e-01 -2.459997945865894375e-01 -3.831219803526735301e-01
-8.785273702491090964e-01 -2.580980963670718165e-01 -4.019639690008029453e-01
-8.690950068277305540e-01 -2.672579395382247980e-01 -4.162295795121840891e-01
-8.605122639526006090e-01 -2.752460544979380974e-01 -4.286703314558729105e-01
-8.750308307924872242e-01 -2.615426193584609593e-01 -4.073284957153437968e-01
-8.819570301410656343e-01 -2.546605872885360777e-01 -3.966103658083200423e-01
-8.674715570418749522e-01 -2.687932551595391684e-01 -4.186206919206024168e-01
-8.830797854968966965e-01 -2.535221932817184887e-01 -3.948374221884014545e-01
-8.761421159059840091e-01 -2.604542902469865751e-01 -4.056335235501667968e-01
-8.702467800406353815e-01 -2.661615707832610256e-01 -4.145220863441332337e-01
-8.659068285706809087e-01 -2.702620889259940706e-01 -4.209082649747132310e-01
-8.367872952190947844e-01 -2.958306960777714045e-01 -4.607290112615578526e-01
-8.155529820011171438e-01 -3.126634413779755817e-01 -4.869444588192443080e-01
-8.106183128490566103e-01 -3.163874628988488924e-01 -4.927442787026334869e-01
-8.023917120927920310e-01 -3.224511941063411546e-01 -5.021879805254129137e-01
-7.994597897185725666e-01 -3.245701881177713299e-01 -5.054881181673117618e-01
-8.138303140449135720e-01 -3.139710692471004427e-01 -4.889809685635933545e-01
-8.034796153318835010e-01 -3.216593964429961816e-01 -5.009548287281557766e-01
-7.960878712762662346e-01 -3.269807158576420458e-01 -5.092422926898814151e-01
-7.859190026318979561e-01 -3.340848331107923452e-01 -5.203062997767917697e-01
-7.613051368946703867e-01 -3.503286521926248787e-01 -5.456045490927344810e-01
-7.410710296008339304e-01 -3.627733602781844646e-01 -5.649860335962603175e-01
-7.315634401688027033e-01 -3.683637258587459384e-01 -5.736925121350715528e-01
-7.251780010614646832e-01 -3.720313377350191186e-01 -5.794044792022154944e-01
-7.248346171232199486e-01 -3.722266375822571582e-01 -5.797086406929279345e-01
-7.386899695268301924e-01 -3.641882548863251690e-01 -5.671896013885512344e-01
-7.638381446122692875e-01 -3.487153479034489356e-01 -5.430919765305529667e-01
-7.290091202684887417e-01 -3.698390803207725064e-01 -5.759902405708358097e-01
-7.190973117986585450e-01 -3.754611441745452360e-01 -5.847460862452045216e-01
-7.463444574335130755e-01 -3.596035366366415187e-01 -5.600493257711276485e-01
-7.500720915610539219e-01 -3.573322121270752771e-01 -5.565119474347312023e-01
-7.454835916250416306e-01 -3.601244427846322371e-01 -5.608605890298286045e-01
-7.863176217743504948e-01 -3.338109022067216047e-01 -5.198796776707702572e-01
-7.957737662395037992e-01 -3.272038435993110950e-01 -5.095897935583415528e-01
-7.918770126652937558e-01 -3.299521370349421945e-01 -5.138700069846117158e-01
-7.795742358958499540e-01 -3.383966486033063159e-01 -5.270215545321197403e-01
-8.071758861402071883e-01 -3.189464000226412410e-01 -4.967295871461337997e-01
-7.284446133398222445e-01 -3.701636473312406306e-01 -5.764957237401071577e-01
-6.544783789576267274e-01 -4.085121551240191717e-01 -6.362199860055689493e-01
-6.918971549827402923e-01 -3.900961421339739776e-01 -6.075387451175275899e-01
-7.038139615890161016e-01 -3.838222957966904159e-01 -5.977678083685443733e-01
-7.190598981610610840e-01 -3.754820613407801044e-01 -5.847786628014766119e-01
-7.748400046203011149e-01 -3.415560961331963741e-01 -5.319421025208124210e-01
-7.986769409188539948e-01 -3.251323364297754592e-01 -5.063636122908287129e-01
-7.525096759889554621e-01 -3.558329370848185014e-01 -5.541769649025379829e-01
-7.278651740403683235e-01 -3.704962429552750569e-01 -5.770137107341646310e-01
-8.414588772545820161e-01 -2.919367696301704562e-01 -4.546645801328260683e-01
-7.518586322522908816e-01 -3.562344660483408032e-01 -5.548023092120003552e-01
-6.144526766231700465e-01 -4.262734921864768101e-01 -6.638816295468399353e-01
-5.616127229750045302e-01 -4.470462550143429747e-01 -6.962332908373829454e-01
-5.306836798421172841e-01 -4.579440021326147137e-01 -7.132055263807151047e-01
-4.058738370211846247e-01 -4.937980085824466014e-01 -7.690448329855099630e-01
-3.712651385179978059e-01 -5.016852230641815069e-01 -7.813284417453739694e-01
-3.674616289818883330e-01 -5.025020447825450098e-01 -7.826005661992190277e-01
-3.622226149443580345e-01 -5.036112484212869056e-01 -7.843280485144108471e-01
-3.637864783426070225e-01 -5.032820702270871527e-01 -7.838153838519764660e-01
-3.606261531281850230e-01 -5.039456051452355645e-01 -7.848487782590790607e-01
-3.420974786448350291e-01 -5.077028795741500566e-01 -7.907003864783187508e-01
-2.573766795770272009e-01 -5.221001442631897360e-01 -8.131227977189304790e-01
-2.742378891484030246e-01 -5.195881336763960023e-01 -8.092105730266428987e-01
-2.950871812981161191e-01 -5.162428235968508083e-01 -8.040005612673933877e-01
-2.165578027477426948e-01 -5.274808228931852083e-01 -8.215027081811708820e-01
-2.599381328714162609e-01 -5.217295613890714501e-01 -8.125456490881538540e-01
-1.162062429177651290e-01 -5.366418144516977851e-01 -8.357701071998968612e-01
-9.023198767216203398e-02 -5.380982907398922377e-01 -8.380384346219076352e-01
-1.211081935538197707e-01 -5.363253096387832208e-01 -8.352771801593731338e-01
-1.267598051986508489e-01 -5.359439255521983858e-01 -8.346832096368655973e-01
-1.786097381554456742e-01 -5.316142434268453787e-01 -8.279401292495405240e-01
-1.776633501490781364e-01 -5.317068115534872019e-01 -8.280842955650291604e-01
-1.016282057441182246e-01 -5.375048638743679108e-01 -8.371142270375222516e-01
-3.182138555494258558e-02 -5.400286813687337206e-01 -8.410448398988666918e-01
2.453698129491299618e-02 -5.401396332441977810e-01 -8.412176372067792229e-01
-2.986860956043049450e-02 -5.400612411059781959e-01 -8.410955486851640073e-01
-3.531881038150976732e-02 -5.399652092002190651e-01 -8.409459878533214194e-01
5.044472958693883326e-03 -5.402954313670552677e-01 -8.414602784068043739e-01
-2.292163513854274942e-02 -5.401603494372032577e-01 -8.412499007657914252e-01
-3.922500005355403219e-02 -5.398864911294817270e-01 -8.408233917218852493e-01
-1.143915842403567945e-01 -5.367556199512927284e-01 -8.359473487640741718e-01
-4.554194446313358097e-02 -5.397417029829837398e-01 -8.405978975440906442e-01
-1.435103973096827357e-01 -5.347095336958710421e-01 -8.327607582245701856e-01
-1.753710467696182607e-01 -5.319289224366058333e-01 -8.284302127701281826e-01
-1.491173807721022093e-01 -5.342614568038305256e-01 -8.320629198116669123e-01
1.520984454474199991e-02 -5.402398056554257311e-01 -8.413736464938229576e-01
1.089264474352674011e-02 -5.402702515614838941e-01 -8.414210631831021692e-01
-4.810983757150284063e-02 -5.396766635380776389e-01 -8.404966046101866040e-01
-2.066765006479013289e-01 -5.286368190281889312e-01 -8.233030654914968993e-01
