-9.913141270300865893e-01 7.105807616428674867e-02 1.106663967173765334e-01
-9.746408737086598162e-01 1.209060478976258651e-01 1.883000129532581002e-01
-9.406336724322387211e-01 1.833912853372025031e-01 2.856150044185504777e-01
-9.436133651526672494e-01 1.788668454630139293e-01 2.785686068087525058e-01
-8.714909121029358330e-01 2.649705473392232058e-01 4.126671772321435783e-01
-8.883724468547464781e-01 2.480654900924958717e-01 3.863391104903571849e-01
-9.579475827447621050e-01 1.550360996216179066e-01 2.414544191510746840e-01
-9.951985412684215548e-01 5.288304825242239743e-02 8.236046785162055850e-02
-9.987534385854818231e-01 -2.696952346826507474e-02 -4.200254417973769278e-02
-9.913493265339436977e-01 -7.091457530815015176e-02 -1.104429073755348323e-01
-9.986587518721458112e-01 -2.797439547351469186e-02 -4.356753960300291384e-02
-9.999961158470624945e-01 1.505911875150783190e-03 2.345318787009378122e-03
-9.841846717538708100e-01 9.571212778882898231e-02 1.490628071614793493e-01
-9.657561065619265639e-01 1.401823080450600167e-01 2.183210094093294695e-01
-9.559992572273019462e-01 1.585079932313933349e-01 2.468615730781188733e-01
-9.109290646992015406e-01 2.229087468407647543e-01 3.471598042229510628e-01
-9.187352727671157515e-01 2.133513482557838903e-01 3.322750378390959547e-01
-8.964284210912698558e-01 2.394557924568539997e-01 3.729303008856654778e-01
-9.204818727606245421e-01 2.111421787957401819e-01 3.288344602569522324e-01
-8.899943897807155446e-01 2.463624394386098593e-01 3.836867662465164863e-01
-8.817512551261000864e-01 2.548685205856333624e-01 3.969342027314323174e-01
-8.555881977727471943e-01 2.796913052878856054e-01 4.355933993741654686e-01
-7.855677115337929006e-01 3.343259391340360209e-01 5.206818001598523260e-01
-7.418965486018281874e-01 3.622804565204987837e-01 5.642183814765292516e-01
-7.323318638385795110e-01 3.679177200272670256e-01 5.729978992078852418e-01
-7.746169799244614351e-01 3.417037416377393666e-01 5.321720467700982171e-01
-8.100239403896889456e-01 3.168315473147798045e-01 4.934358992024031609e-01
-7.966907646985541547e-01 3.265517700485331409e-01 5.085742491733168391e-01
-8.673280023283223006e-01 2.689284570702543120e-01 4.188312564207382627e-01
-9.819369992616113763e-01 1.022296075222293432e-01 1.592131804435588660e-01
-9.993336225559006358e-01 1.972148438112191274e-02 3.071439211682026882e-02
-9.882773945528916526e-01 8.248735585283314964e-02 1.284664451915601135e-01
-9.552975349365508961e-01 1.597382725653790081e-01 2.487776196163515030e-01
-9.762877010760305785e-01 1.169630636974993143e-01 1.821591789017887875e-01
-9.998370094479963610e-01 9.754731882631911127e-03 1.519209478594839464e-02
-9.999848418966396091e-01 2.974901598962994068e-03 4.633134730313186352e-03
-9.984896141954145987e-01 2.968463521868995245e-02 4.623108019315069067e-02
-9.959752111426626309e-01 4.842681911588121030e-02 7.542030217153906924e-02
-9.865302496677867961e-01 8.838207331894362695e-02 1.376469237079387398e-01
-9.324153903743312988e-01 1.952589590262198971e-01 3.040978110955098734e-01
-9.502060395249969371e-01 1.683702685699991208e-01 2.622211568731370734e-01
-9.784647091693637888e-01 1.115260563774519709e-01 1.736915417025418074e-01
-9.918654608161356911e-01 6.877542759861800248e-02 1.071113822085316275e-01
-9.928571032967146159e-01 6.446323338224879684e-02 1.003955376257460314e-01
-9.962051162912252122e-01 4.702606492192237114e-02 7.323875676952483482e-02
-9.976202068287666203e-01 -3.725314040251195141e-02 -5.801832863052573674e-02
-9.997247784690036498e-01 -1.267544275327611367e-02 -1.974083245737321898e-02
-9.959908942679704946e-01 -4.833256613410973068e-02 -7.527351184965640207e-02
-9.990867507344791676e-01 -2.308592642402342368e-02 -3.595420014358879923e-02
-9.938756241276828218e-01 -5.970583431197366842e-02 -9.298632756443349356e-02
-9.967190538594306037e-01 -4.373154820259865516e-02 -6.810785098184533870e-02
-9.989591717019515871e-01 2.464497197172474743e-02 3.838226972266766540e-02
-9.978645121840020726e-01 3.529135930645629915e-02 5.496303559744670358e-02
-9.945229288293494507e-01 -5.647165683554163096e-02 -8.794939457973334485e-02
