-9.976988628100800227e-01 3.663305077098434615e-02 5.705259624840623017e-02
-9.916318132773289662e-01 6.975205860265738800e-02 1.086323948783600307e-01
-9.982768188159716338e-01 3.170517232742042085e-02 4.937788029423940961e-02
-9.996816896257405549e-01 1.363146875922620696e-02 2.122975474401087026e-02
-4.221029581043136414e-01 4.898099200839431400e-01 7.628337531513332825e-01
-9.774374625050261667e-01 -1.141253625719855780e-01 -1.777397212486517830e-01
-9.629282332609906403e-01 1.457507082165459544e-01 2.269932788503713772e-01
-7.704570268313850612e-01 3.444383635614711170e-01 5.364309680781286227e-01
-9.958039765663445619e-01 -4.944412722875843325e-02 -7.700466568488814612e-02
-9.999414317894035342e-01 -5.847583574236851593e-03 -9.107071829081594613e-03
-8.203465380047862965e-01 3.089809132002152570e-01 4.812092609889410122e-01
-9.818075224642442977e-01 1.025919963618521918e-01 1.597775676217162155e-01
-9.840550003601742368e-01 9.610056288650947742e-02 1.496677589831340305e-01
-9.830436760877551139e-01 9.907607947870805676e-02 1.543018515086629350e-01
-9.705294946423305147e-01 1.302033272457437663e-01 2.027796676282914157e-01
-9.718882379641357039e-01 1.272102198532320538e-01 1.981181790544719601e-01
-9.542065227175349218e-01 1.616307028696137016e-01 2.517249051905376400e-01
-9.465101956170535180e-01 1.743414554382588244e-01 2.715207294271226868e-01
-9.596147962590887426e-01 1.519964046170877991e-01 2.367203746704245326e-01
-9.586884944840874390e-01 1.536933292585287714e-01 2.393631782151619813e-01
-9.532819407573136505e-01 1.632156071548132859e-01 2.541932473671461024e-01
-8.995165449166430127e-01 2.360508894246991507e-01 3.676274786016865970e-01
-9.516026781574753457e-01 1.660516474044018143e-01 2.586101183592874886e-01
-9.434583309651922711e-01 1.791054288113875237e-01 2.789401783584835592e-01
-9.511525241707102785e-01 1.668028606166028771e-01 2.597800636188322687e-01
-9.610475071275684789e-01 1.493304957085559714e-01 2.325684675430507997e-01
-9.600441247457580651e-01 1.512028821202540951e-01 2.354845366041683208e-01
-8.704970253411897785e-01 2.659225728673450528e-01 4.141498691437092150e-01
-7.662779403705275438e-01 3.471492216498673899e-01 5.406528794054402676e-01
-9.468529812388009059e-01 1.737972312016103638e-01 2.706731503970219443e-01
-9.861034154950447661e-01 8.976184826973367115e-02 1.397957958745844609e-01
-9.781986763301542265e-01 1.122052572530339298e-01 1.747493343927655207e-01
-9.706514689161670484e-01 1.299376225771174675e-01 2.023658571248959370e-01
-9.707871916614283503e-01 1.296412892182257359e-01 2.019043452626850532e-01
-9.708502304354051926e-01 1.295034073343546699e-01 2.016896069516542767e-01
-9.711406843132306399e-01 1.288660884647254978e-01 2.006970416210253905e-01
-9.769205244911062236e-01 1.154102531598782955e-01 1.797408197755722414e-01
-9.781412421773282295e-01 1.123513277083981882e-01 1.749768256482936435e-01
-9.834356632559151379e-01 9.793386745819465666e-02 1.525229616847216807e-01
-9.965674300476229375e-01 4.472893012213122882e-02 6.966118128775650176e-02
-9.993146361552410761e-01 -2.000036809846067118e-02 -3.114872777248412286e-02
-6.172977742578962257e-01 4.250718150449254717e-01 6.620101282840467061e-01
-9.807504672940067225e-01 -1.055022690437369820e-01 -1.643100487773357099e-01
-9.320399800771169696e-01 -1.957814877086189453e-01 -3.049116013018319249e-01
-9.913584318721929689e-01 7.087740666060875216e-02 1.103850206367388703e-01
-3.339213087975311800e-01 5.092894692604206242e-01 7.931713535115744174e-01
-9.419674742777890408e-01 -1.813817271999911274e-01 -2.824853030525143471e-01
-9.989643083673042101e-01 2.458411476896388281e-02 3.828749024498701720e-02
-4.139383424026300551e-01 4.918398477086992071e-01 7.659951781146188132e-01
-7.411055790018635792e-01 -3.627527558261268159e-01 -5.649539440634633314e-01
-6.408402932708945343e-01 4.147761549052573771e-01 6.459755876521060536e-01
-8.695122570558502240e-01 2.668614485033939943e-01 4.156120813117821777e-01
-9.743399769964222745e-01 1.216119665422969037e-01 1.893994161034466828e-01
-9.884426286820263696e-01 8.190735220360099988e-02 1.275631430279179079e-01
-9.895898030030881865e-01 7.775853472431241975e-02 1.211017426374906142e-01
-9.904835360013859447e-01 7.436248945568441071e-02 1.158127155028516042e-01
-9.932479976544117406e-01 6.268069185802570276e-02 9.761939368640286385e-02
-9.894422945471812447e-01 7.830459813342420528e-02 1.219521860089926718e-01
-9.890601132752394609e-01 7.970162715626277761e-02 1.241279298007285647e-01
-9.885559756907540407e-01 8.150703913578020987e-02 1.269396923638135277e-01
-9.868081670389952098e-01 8.747165850258693809e-02 1.362290366403045572e-01
-9.894504999998225969e-01 7.827432445788488902e-02 1.219050375528540342e-01
-9.819044281851800893e-01 1.023208950866190126e-01 1.593553524015042799e-01
-9.888801950395529339e-01 8.035070978592079305e-02 1.251388161020972611e-01
-9.566342237389908743e-01 1.573856768720723331e-01 2.451136689106058197e-01
-9.987479996740965538e-01 2.702825844555922438e-02 4.209401848708303057e-02
-9.572453378186445150e-01 -1.562971986963521132e-01 -2.434184645916208645e-01
-9.927613815933651331e-01 6.489217213596230882e-02 1.010635701541832965e-01
-9.910969617031429868e-01 7.193697087622867581e-02 1.120351941309132571e-01
-9.847778894216158152e-01 9.391397304782245214e-02 1.462623470777109358e-01
-9.864757156076132683e-01 8.855959024432251414e-02 1.379233899387808104e-01
-9.842967068599438596e-01 9.537520748917367730e-02 1.485380848842031420e-01
-9.840012169662285535e-01 9.626119804356447762e-02 1.499179334175826661e-01
-9.947260497874781393e-01 5.541744047430896547e-02 8.630754987529198896e-02
-9.930240162318905162e-01 6.370827084449423583e-02 9.921975313762200488e-02
-9.407533379342127855e-01 1.832120084150520856e-01 2.853357971551410133e-01
-9.764690219793807913e-01 1.165203595347852616e-01 1.814697080190410261e-01
-9.360317040215634377e-01 1.901408558597785792e-01 2.961268376885134446e-01
-9.610901314583202293e-01 1.492503918025550325e-01 2.324437131010698987e-01
-9.794239761659851995e-01 1.090402808372986782e-01 1.698201756745488511e-01
-9.828672506236332262e-01 9.958574391465355169e-02 1.550956068381863506e-01
-9.921069784382964274e-01 6.775085714179687746e-02 1.055157082646251965e-01
-9.966512538008501787e-01 4.418033915409958629e-02 6.880680147646811573e-02
-9.904866024379426204e-01 7.435056505774791102e-02 1.157941443533934411e-01
-9.892937548344278298e-01 7.885057645899010148e-02 1.228024968707231573e-01
-9.891740174332093183e-01 7.928789201066342718e-02 1.234835754890109272e-01
-9.946711100749807688e-01 5.570457235695269738e-02 8.675473128731604755e-02
-9.982429014374560872e-01 3.201540662659561193e-02 4.986104158822773913e-02
-9.974086694928708807e-01 3.887153494465742098e-02 6.053882879200242484e-02
-9.993318741996768395e-01 1.974733015847048717e-02 3.075464453011264587e-02
-9.993690023072201445e-01 -1.919098137488716924e-02 -2.988818263695763172e-02
-9.934020419806176561e-01 -6.196394280111201108e-02 -9.650312316852635575e-02
-9.889635945648619364e-01 -8.005050226853664685e-02 -1.246712705955237283e-01
-9.932070417579476063e-01 -6.286986095426723431e-02 -9.791400709815539782e-02
-9.942427294790758818e-01 -5.789407880072933166e-02 -9.016468553603547431e-02
-9.965681933421741689e-01 -4.472396524787896482e-02 -6.965344895424409322e-02
-9.977177823823207836e-01 -3.648231723906667640e-02 -5.681784268143314637e-02
-9.999995589635176652e-01 -5.074450597421656731e-04 -7.902988558804171452e-04
-9.971204054783818771e-01 -4.097364636972754964e-02 -6.381267336349197294e-02
-9.980260045651984102e-01 -3.393207835083444229e-02 -5.284608093718493049e-02
-9.980554422902230272e-01 -3.367836556334456027e-02 -5.245094668210446148e-02
-9.999465807411812568e-01 5.584636980494940908e-03 8.697556772816248880e-03
-9.992533843095696700e-01 -2.087465455164126682e-02 -3.251034824822871677e-02
-9.944070240334833555e-01 -5.706439209160277942e-02 -8.887252504619827520e-02
-9.948481722387654269e-01 -5.477374203420357079e-02 -8.530504895232356166e-02
-9.948383584435801508e-01 -5.482575202089235572e-02 -8.538604970735186317e-02
-9.968485730491764008e-01 -4.286107007726987217e-02 -6.675216162531517894e-02
-9.990432315009818431e-01 -2.362932676803956161e-02 -3.680049603693966165e-02
-9.977954222969018794e-01 -3.585708933118170183e-02 -5.584410790802325775e-02
-9.874778140302241658e-01 -8.523697732119908665e-02 -1.327487269062701536e-01
-9.907925728085327233e-01 -7.315078206169890740e-02 -1.139255930474371292e-01
-9.938080043750403547e-01 -6.003352007143769598e-02 -9.349666789748217743e-02
-9.896080595545526659e-01 -7.769067797135544018e-02 -1.209960620062654063e-01
-9.910333964328901235e-01 -7.219216693582321265e-02 -1.124326384454272937e-01
-9.936581884149087163e-01 -6.075315535093661623e-02 -9.461743344070798478e-02
-9.891857222605625610e-01 -7.924525135747489957e-02 -1.234171666063507561e-01
-9.946950294521720304e-01 -5.557974658550611513e-02 -8.656032666662913377e-02
-9.924282122282459540e-01 -6.636320906563251965e-02 -1.033545744317042880e-01
-9.880870272984116909e-01 -8.315044734193499654e-02 -1.294991489988402411e-01
-9.809534343731584061e-01 -1.049499638058878914e-01 -1.634498843335421836e-01
-9.532502640130448013e-01 -1.632696072851487767e-01 -2.542773475872630029e-01
-9.318173134710469041e-01 -1.960906574585895845e-01 -3.053931046586658149e-01
-9.304162721239540579e-01 -1.980232353407050949e-01 -3.084029163807696650e-01
-9.324975494466625214e-01 -1.951443881594294161e-01 -3.039193775425499955e-01
-9.133484498240278526e-01 -2.199996671215802002e-01 -3.426291809966560131e-01
-9.174222927875338440e-01 -2.149943848915218392e-01 -3.348339157874852812e-01
-9.077939832467077919e-01 -2.266116270357823592e-01 -3.529266984421430831e-01
-8.779188046913023458e-01 -2.587018967137245107e-01 -4.029043323248291397e-01
-8.513918489667708922e-01 -2.834048707895551744e-01 -4.413769349724775970e-01
-7.970915995095992912e-01 -3.262660925324520345e-01 -5.081293328030118683e-01
-7.977670189464102224e-01 -3.257838244259024241e-01 -5.073782447285167807e-01
-7.936668012408518713e-01 -3.286943670399853357e-01 -5.119111462786267719e-01
-7.478072781689177884e-01 -3.587152723220334294e-01 -5.586659360660216622e-01
-7.338791438470769757e-01 -3.670165836680052140e-01 -5.715944624810035402e-01
-7.522989837716435035e-01 -3.559629683930590205e-01 -5.543794766664388307e-01
-7.464568292553720452e-01 -3.595354408507347443e-01 -5.599432728681398297e-01
-7.495144145765195720e-01 -3.576736551805680953e-01 -5.570437134837705750e-01
-7.734751923287633835e-01 -3.424579598548035952e-01 -5.333466720474294709e-01
-8.842304531051273786e-01 -2.523486566010992860e-01 -3.930097470968392792e-01
-9.332246461020311523e-01 -1.941270619952690235e-01 -3.023349859159930042e-01
-9.366037500159473117e-01 -1.893167280009025455e-01 -2.948433345949966200e-01
-9.489000905113949003e-01 -1.705067884220527463e-01 -2.655485893946039622e-01
-9.526477565769345679e-01 -1.642929978199450247e-01 -2.558711839114933273e-01
-9.050222110489110072e-01 -2.298253183439870617e-01 -3.579317261101974679e-01
-8.603977708839628535e-01 -2.753505211071303194e-01 -4.288330285599974423e-01
-8.608013876466558134e-01 -2.749820115334117299e-01 -4.282591089032787846e-01
-9.081141829675948296e-01 -2.262367959395894246e-01 -3.523429335974913035e-01
-9.390813478949072701e-01 -1.856991766572830826e-01 -2.892093321881079593e-01
-9.240395183355289976e-01 -2.065559310841669494e-01 -3.216918026437671774e-01
-8.971022682327060016e-01 -2.387179593950473355e-01 -3.717811939757019735e-01
-9.142534728023457014e-01 -2.188995217499330459e-01 -3.409158060966094861e-01
-9.793839732388596175e-01 -1.091451219397680111e-01 -1.699834560173959230e-01
-9.964872363103558506e-01 4.524749674904266633e-02 7.046880095825662493e-02
-9.334864675999750006e-01 1.937592281996686483e-01 3.017621187213359035e-01
-7.849838244850063651e-01 3.347260633178629763e-01 5.213049566545656655e-01
-6.995456316197208313e-01 3.860935061657896905e-01 6.013050089416959176e-01
-7.643427626211607429e-01 3.483924157880193828e-01 5.425890395594438198e-01
-8.841530066360728801e-01 2.524278615949596682e-01 3.931331015661086448e-01
-9.996838650266443027e-01 1.358481611003472395e-02 2.115709754778443558e-02
-8.267158031471354418e-01 -3.039847471652071809e-01 -4.734281934123609759e-01
-6.782480743327943262e-01 -3.970319686568652418e-01 -6.183406549211448722e-01
-6.923462970972188435e-01 -3.898634413746817073e-01 -6.071763351574728240e-01
-6.994652073572666939e-01 -3.861360400842254181e-01 -6.013712515948275161e-01
-6.803004383333904892e-01 -3.960055857098099819e-01 -6.167421581909470207e-01
-6.712129621186304629e-01 -4.005069552436832936e-01 -6.237526258745273999e-01
-6.797949924681692124e-01 -3.962588928822746159e-01 -6.171366607380538438e-01
-6.156733097277017341e-01 -4.257590314841088741e-01 -6.630804044749407655e-01
-7.335918095440220332e-01 -3.671842383808368582e-01 -5.718555692258423528e-01
-6.314446487311869971e-01 -4.189617293554437905e-01 -6.524942336329446757e-01
-5.068575102776251562e-01 -4.657567163039768032e-01 -7.253731077817152650e-01
-5.393504551721968188e-01 -4.549785228799928527e-01 -7.085870660853780256e-01
-5.016181708096617564e-01 -4.674096541779330649e-01 -7.279474059949894160e-01
-4.488279963986477328e-01 -4.828239565755652607e-01 -7.519537596192281681e-01
-4.065475970242285464e-01 -4.936361811735943683e-01 -7.687928017289026306e-01
-4.156821986687624926e-01 -4.914103114804462824e-01 -7.653262150747185411e-01
-4.242514223931674877e-01 -4.892677483365145963e-01 -7.619893706837984615e-01
-4.573008620808676761e-01 -4.804973510280148852e-01 -7.483302861672485040e-01
-4.745921668047537456e-01 -4.755772310066329611e-01 -7.406676532397188373e-01
-4.580138501262684403e-01 -4.802990637005559171e-01 -7.480214719517626065e-01
-4.273962751135650384e-01 -4.884680753929138697e-01 -7.607439538642370991e-01
-3.957667979712162221e-01 -4.961871871425563296e-01 -7.727657581306046630e-01
-3.677055772453400317e-01 -5.024499478463397839e-01 -7.825194300283422333e-01
-3.671598359878154860e-01 -5.025664395759809056e-01 -7.827008551479437415e-01
-3.744168273274359748e-01 -5.010009876171654941e-01 -7.802628081747083888e-01
-3.800920584424271054e-01 -4.997518948220696644e-01 -7.783174614068153474e-01
-4.150540856318139515e-01 -4.915652758655085774e-01 -7.655675578050609165e-01
-4.286741075812724455e-01 -4.881410840614787694e-01 -7.602346950387648405e-01
-4.277390909861844559e-01 -4.883804677090484714e-01 -7.606075129806461055e-01
-4.281039302037664696e-01 -4.882871374463222391e-01 -7.604621597085321483e-01
-4.272160685171946248e-01 -4.885140932986381523e-01 -7.608156225060845879e-01
-4.499161429918396848e-01 -4.825282157084406220e-01 -7.514931705082722457e-01
-4.833508949521564957e-01 -4.729950662566947961e-01 -7.366461699118336259e-01
-5.899315802769168338e-01 -4.362688460493326370e-01 -6.794484708635109005e-01
-6.184675315071186397e-01 -4.245751462474081084e-01 -6.612366124621982255e-01
-6.588501768287730043e-01 -4.064554750320465981e-01 -6.330168965431870465e-01
-6.704829569591908012e-01 -4.008637514329028706e-01 -6.243083030157454694e-01
-6.163013077779703197e-01 -4.254937083157568356e-01 -6.626671881230193906e-01
-6.425374320621378699e-01 -4.140089638071449141e-01 -6.447807583096193396e-01
-6.678401934015103514e-01 -4.021495419165616036e-01 -6.263108030472832599e-01
-7.170734874651492063e-01 -3.765893946386889013e-01 -5.865032322334073900e-01
-7.816575875985878330e-01 -3.369907607818448669e-01 -5.248320139789773853e-01
-8.004425296274858548e-01 -3.238623386478691746e-01 -5.043857079349932659e-01
-7.675769805946128788e-01 -3.463104198876324480e-01 -5.393465230614813422e-01
-7.980285185166887674e-01 -3.255968048669861670e-01 -5.070869790227990892e-01
-8.184434521319422506e-01 -3.104507257314936264e-01 -4.834983583789485007e-01
-8.169514432686824090e-01 -3.115958293673303237e-01 -4.852817516269309905e-01
-8.094829780017681609e-01 -3.172349035226117442e-01 -4.940640892762681591e-01
-7.936286349236804094e-01 -3.287212682389106244e-01 -5.119530424136355951e-01
-7.911331876409563035e-01 -3.304726179346939019e-01 -5.146806079584204108e-01
-7.966118311320340428e-01 -3.266079801303937158e-01 -5.086617911890100041e-01
-7.950768825446381527e-01 -3.276980258291004589e-01 -5.103594367804026311e-01
-7.969247474418139632e-01 -3.263850568996568557e-01 -5.083146088274552721e-01
-7.920100753393030102e-01 -3.298588901059328338e-01 -5.137247834970721794e-01
-7.975973645950658053e-01 -3.259050678571246418e-01 -5.075670701848659094e-01
-8.136223992538493821e-01 -3.141283367619764899e-01 -4.892258982060986305e-01
-8.332625848488042219e-01 -2.987209561978267924e-01 -4.652303246987940510e-01
-8.642841384268814542e-01 -2.717741695272598013e-01 -4.232631909834252970e-01
-8.820199261169640037e-01 -2.545969880506488980e-01 -3.965113158639523294e-01
-9.013290847882403645e-01 -2.340238097442886300e-01 -3.644704890489242621e-01
-9.120230949854054581e-01 -2.215989650202166983e-01 -3.451199398980169253e-01
-9.359361958275128623e-01 -1.902780547425419744e-01 -2.963405122883431830e-01
-9.506892040610945838e-01 -1.675721599185835131e-01 -2.609781762943085281e-01
-9.496094098026665042e-01 -1.693500579805422290e-01 -2.637470884696520024e-01
-9.530102169243662713e-01 -1.636781842909904860e-01 -2.549136685722772633e-01
-9.630174995550991879e-01 -1.455784336111738408e-01 -2.267249770492029970e-01
-9.711352974725925291e-01 -1.288779387853095926e-01 -2.007154974018427740e-01
-9.627226839683866721e-01 -1.461465641442341867e-01 -2.276097879300034432e-01
-9.559164942534635889e-01 -1.586536389881161024e-01 -2.470884029047021591e-01
-9.574604826415155090e-01 -1.559120212272269712e-01 -2.428185862258423477e-01
-9.789400110221370133e-01 -1.103016998693681777e-01 -1.717847194191206017e-01
-9.810966725613891048e-01 -1.045583650868041198e-01 -1.628400054634761562e-01
-9.847232459631660717e-01 -9.408109042488985163e-02 -1.465226169716797866e-01
-9.872477669663023425e-01 -8.601138679515951679e-02 -1.339547982030620810e-01
-9.936383053385234865e-01 -6.084801513548994401e-02 -9.476516880193043557e-02
-9.880537650618118617e-01 -8.326575213852210888e-02 -1.296787255797347549e-01
-9.931324164305052049e-01 -6.321306869162121589e-02 -9.844852147947182053e-02
-9.951395097770323606e-01 -5.320635312094622316e-02 -8.286398535127810494e-02
-9.959277775179918857e-01 -4.871076843043908172e-02 -7.586252702744196441e-02
-9.977074429178752757e-01 -3.656476981767014384e-02 -5.694625496426788253e-02
-9.973196283453226174e-01 -3.953284905940775834e-02 -6.156876450273792573e-02
-9.998152497843980635e-01 1.038542409351861547e-02 1.617433970706302557e-02
-9.993219832799218327e-01 1.989291346922347770e-02 3.098137710286019350e-02
-9.915799436352997764e-01 6.996699024669150724e-02 1.089671310810515353e-01
-9.865545964084755370e-01 8.830270245573071386e-02 1.375233109124583963e-01
-9.740448507345381701e-01 1.223001794453799085e-01 1.904712441949153179e-01
-9.729727331703478255e-01 1.247666249747444861e-01 1.943125055147882640e-01
-9.650614393984563444e-01 1.415720080901293476e-01 2.204853389944737008e-01
-9.548219472122594365e-01 1.605662181317276949e-01 2.500670684369767360e-01
-9.634347639736872138e-01 1.447702250947773828e-01 2.254662668626352395e-01
-9.603680501564701988e-01 1.506011709930287212e-01 2.345474270466166855e-01
-9.370452442367213086e-01 1.886778744679695474e-01 2.938483791678836998e-01
-9.007843694783359556e-01 2.346352701179283406e-01 3.654227821581511049e-01
-9.059409330449901265e-01 2.287662076754020390e-01 3.562822589736786560e-01
-9.043451443638821363e-01 2.306020494668069853e-01 3.591414131608570148e-01
-9.397622451398882637e-01 1.846908841894578934e-01 2.876390097100056109e-01
-9.360300882214893647e-01 1.901431779193298588e-01 2.961304540819957309e-01
-9.488788344805484387e-01 1.705413175643856472e-01 2.656023653475989565e-01
-9.269985566436012014e-01 2.026484279927460719e-01 3.156062271450754131e-01
-9.185753457531609101e-01 2.135522798406260803e-01 3.325879702414563655e-01
-9.401048279509919281e-01 1.841812124567755726e-01 2.868452430164879496e-01
-9.431356439423889126e-01 1.796008728178555003e-01 2.797117866812907638e-01
-9.265026207654265544e-01 2.033094426211285999e-01 3.166356964334282598e-01
-9.270384311657164922e-01 2.025951716470754949e-01 3.155232853009412031e-01
-9.522122658945995077e-01 1.650283505206864287e-01 2.570164278879738529e-01
-9.343194340560139199e-01 1.925836270213108492e-01 2.999312283650480415e-01
-9.057229120994101379e-01 2.290180847213761917e-01 3.566745342307420796e-01
-9.494542262900917962e-01 1.696038734350456267e-01 2.641423826191323654e-01
-9.005386324440366463e-01 2.349104761437813271e-01 3.658513901486860620e-01
-9.039368452926115349e-01 2.310689083592993853e-01 3.598685028063485225e-01
-9.014924982028591494e-01 2.338399889438021739e-01 3.641842051142943903e-01
-8.898060410976892376e-01 2.465609703303990041e-01 3.839959597909715638e-01
-8.871169510581279338e-01 2.493736686254678092e-01 3.883764778428353548e-01
-8.866661971410199072e-01 2.498412165674994412e-01 3.891046406194018648e-01
-8.816348885223493914e-01 2.549860111909520999e-01 3.971171835077300649e-01
-9.294648039228488035e-01 1.993233558352330015e-01 3.104277340819296405e-01
-9.062771417736169566e-01 2.283771260755574906e-01 3.556763002845597099e-01
-9.233786053041012076e-01 2.074169471755570870e-01 3.230327557555503493e-01
-9.409404213372253301e-01 1.829313314907624888e-01 2.848986687451200428e-01
-9.565538399300805850e-01 1.575282402678906679e-01 2.453356982445063506e-01
-9.318028055758417194e-01 1.961107820123378365e-01 3.054244467941285568e-01
-8.998668841308596900e-01 2.356607592797403949e-01 3.670198869003071240e-01
-9.160926392371974147e-01 2.166432203419742519e-01 3.374018248547047127e-01
-9.264451353420063429e-01 2.033859010467392314e-01 3.167547733760892048e-01
-9.747251989942343764e-01 1.207074367152100591e-01 1.879906943635608896e-01
-9.279086157338436447e-01 2.014288742073241101e-01 3.137068846590271298e-01
-9.370107779424612371e-01 1.887278367578574256e-01 2.939261908240964893e-01
-9.592122971493006744e-01 1.527362745492051588e-01 2.378726538179440630e-01
-9.706362554309548862e-01 1.299707945974236944e-01 2.024175194855632465e-01
-9.886796965955625405e-01 8.106777890029963352e-02 1.262555850799423340e-01
-9.953990436101518569e-01 5.176971322873449161e-02 8.062655128560017315e-02
-9.999975173004953533e-01 -1.203964351765437384e-03 -1.875063381648623892e-03
-9.983479988134644767e-01 3.104399168342109050e-02 4.834815245188254368e-02
-9.997720323778046536e-01 -1.153622322001021487e-02 -1.796660315618715809e-02
-9.996595906640383111e-01 -1.409663930343155180e-02 -2.195421494283819955e-02
-9.948567390100376828e-01 -5.472830005200447767e-02 -8.523427725822305123e-02
-9.847132408264023251e-01 -9.411165622512168705e-02 -1.465702203850710872e-01
-9.799189355368660426e-01 -1.077342743344288090e-01 -1.677861910585297656e-01
-9.563228250394236740e-01 -1.579371701414016005e-01 -2.459725687883543843e-01
-9.796063286015502802e-01 -1.085610278135297757e-01 -1.690737833132669454e-01
-9.836633868209592180e-01 -9.726393205763511629e-02 -1.514795991168705058e-01
-8.179049933054655108e-01 -3.108647156672696976e-01 -4.841431095028555509e-01
-8.360285565302998378e-01 -2.964562745973063906e-01 -4.617032920802597862e-01
-8.267839506125274074e-01 -3.039306363158605917e-01 -4.733439207576009555e-01
-8.228542920812106365e-01 -3.070280933962706849e-01 -4.781679243414186931e-01
-8.115678497788704204e-01 -3.156760438684489967e-01 -4.916363092092221887e-01
-8.078799705004034992e-01 -3.184255737022982924e-01 -4.959184482116281711e-01
-7.974423711595282072e-01 -3.260157719274824339e-01 -5.077394815591919075e-01
-7.995258335793458127e-01 -3.245226935644331401e-01 -5.054141497830638707e-01
-7.632366784596685827e-01 -3.490995899524211299e-01 -5.436903980657594726e-01
-6.826052835491481785e-01 -3.948460444468152031e-01 -6.149362796709028078e-01
-5.224283681810490965e-01 -4.607066866386462789e-01 -7.175081525711930475e-01
-3.978722539309081374e-01 -4.956953938855986896e-01 -7.719998355132857704e-01
-3.944339254841839337e-01 -4.964969209413531148e-01 -7.732481399414374845e-01
-4.006244932094032429e-01 -4.950478460380273171e-01 -7.709913394933943787e-01
-3.953106912282285390e-01 -4.962933169012749279e-01 -7.729310454366488115e-01
-3.262346053342556340e-01 -5.107417374638860696e-01 -7.954331272299220990e-01
-3.345421394272956594e-01 -5.091705148709434470e-01 -7.929860930265210106e-01
-3.457257062429249239e-01 -5.069848992454130121e-01 -7.895821983681935441e-01
-3.354251636635412481e-01 -5.090008941220943717e-01 -7.927219243620016176e-01
-3.308563479704324517e-01 -5.098730910841922093e-01 -7.940802906481934098e-01
-3.261353356580782292e-01 -5.107602448453049115e-01 -7.954619507687069602e-01
-3.407549244161264812e-01 -5.079663792061659411e-01 -7.911107628406640613e-01
-3.810963913871751041e-01 -4.995285601519086072e-01 -7.779696382663232601e-01
-4.015238273973991689e-01 -4.948350979907230052e-01 -7.706600040411174524e-01
-4.139494222761845310e-01 -4.918371254624678834e-01 -7.659909384673097010e-01
-6.173499069824482932e-01 -4.250497123059008842e-01 -6.619757053075537856e-01
-9.478379605140183628e-01 -1.722227483410390114e-01 -2.682210386276313585e-01
-9.989131507592381443e-01 2.518363618877127522e-02 3.922118953529112051e-02
-9.818707256134494576e-01 1.024152650726593006e-01 1.595023249467389936e-01
-9.541860280729291821e-01 1.616660195963107727e-01 2.517799077335051150e-01
-8.938167407723510705e-01 2.422890697134625626e-01 3.773428687711966600e-01
-8.833863629006928342e-01 2.532102034551834691e-01 3.943515268225420978e-01
-8.317600013899041356e-01 2.999409307299811256e-01 4.671303224590535041e-01
-8.854585727227273217e-01 2.510883793218702253e-01 3.910469815269608795e-01
-9.284707296630571038e-01 2.006712907799054202e-01 3.125270183770947341e-01
-9.595592695289464347e-01 1.520987058035666306e-01 2.368796993284880137e-01
-9.623559994687825858e-01 1.468498831033648588e-01 2.287051423098498126e-01
-9.669252135777829382e-01 1.378095355240252506e-01 2.146256351562210729e-01
-9.619833977248802848e-01 1.475608453910697837e-01 2.298124004686597777e-01
-9.503361080186650822e-01 1.681558292071018146e-01 2.618871873528907934e-01
-9.481100557052623001e-01 1.717849715380358466e-01 2.675392416529595030e-01
