-9.902539542394347416e-01 7.524978991997692546e-02 1.171946041000306443e-01
-9.878045076399155633e-01 8.412466073573511560e-02 1.310163964638068057e-01
-9.844145131305632734e-01 9.501960158533648282e-02 1.479842615026342179e-01
-9.780934883158992621e-01 1.124726276293208510e-01 1.751657390821386440e-01
-9.773245152536250702e-01 1.144073922015236694e-01 1.781789563722759595e-01
-9.814030060978854442e-01 1.037157241831656723e-01 1.615276700110394315e-01
-9.909999314619598598e-01 7.232615069226830395e-02 1.126413057826931574e-01
-9.833819934770168247e-01 9.809106879153120517e-02 1.527677882555860678e-01
-9.777094280825257000e-01 1.134432522733177656e-01 1.766773974004398895e-01
-9.715235040943024369e-01 1.280209584212623208e-01 1.993808295629979632e-01
-9.635815976780774950e-01 1.444846606741651829e-01 2.250215266280871929e-01
-9.607085755141400174e-01 1.499658012475285906e-01 2.335578972969627742e-01
-9.742455639886596908e-01 1.218325763962942038e-01 1.897429955941970781e-01
-9.941898516520560891e-01 5.815856503526944249e-02 9.057659844077312061e-02
-9.914522583884923801e-01 7.049323860893939864e-02 1.097867143455033972e-01
-9.947442931072741912e-01 5.532176214338040132e-02 8.615853970362176428e-02
-9.939274247708191901e-01 5.945357115962451172e-02 9.259345098231910876e-02
-9.936709539970093319e-01 6.069217312785610968e-02 9.452245925541577498e-02
-9.869187234576677348e-01 8.710677513337906908e-02 1.356607644625021092e-01
-9.778896087317396901e-01 1.129889725314259935e-01 1.759698986212633876e-01
-9.813956175634664936e-01 1.037361317093840885e-01 1.615594528500131077e-01
-9.769792067776155164e-01 1.152651484005197957e-01 1.795148325024631675e-01
-9.655145556245492422e-01 1.406672076531053084e-01 2.190761958045813751e-01
-9.652887762308464126e-01 1.411188311322235100e-01 2.197795576995955069e-01
-9.776298919219766903e-01 1.136431782444189409e-01 1.769887636521919605e-01
-9.828565186713215107e-01 9.961665970054456309e-02 1.551437553219467969e-01
-9.557315548941902605e-01 1.589785664353460803e-01 2.475944474209705037e-01
-9.311050602985936342e-01 1.970758616830652898e-01 3.069274693282268984e-01
-9.550038253702709534e-01 1.602501421966003869e-01 2.495748093340318940e-01
-9.723388718762427940e-01 1.262009232778869838e-01 1.965462927715617980e-01
-9.786867123024068915e-01 1.109559416013612410e-01 1.728036405463181935e-01
-9.881123313081487947e-01 8.306262023497569535e-02 1.293623663840277327e-01
-9.888345896614577635e-01 8.051438824765391744e-02 1.253937302027600675e-01
-9.827182772172632363e-01 1.000140106405277146e-01 1.557625927452754300e-01
-9.930560286942240467e-01 6.356243609704512187e-02 9.899262897542164541e-02
-9.962229562196316390e-01 4.691560846477008107e-02 7.306673102991782798e-02
-9.728487255587626725e-01 1.250485970338356123e-01 1.947516509777536264e-01
-9.999088437124592499e-01 -7.295166968237461191e-03 -1.136154938898030313e-02
-9.999084138750096162e-01 -7.312345732973118441e-03 -1.138830372987964523e-02
-9.991680872330959140e-01 2.203435645668636728e-02 3.431647695344296201e-02
-9.955230585588454861e-01 5.106882940866348808e-02 7.953498941013595336e-02
-9.872139355012932160e-01 8.612467150769245738e-02 1.341312286894461581e-01
-9.895052868503078081e-01 7.807188334476176939e-02 1.215897541994883785e-01
-9.679888634821453008e-01 1.356121764402437591e-01 2.112034511452990926e-01
-9.873736377331773229e-01 8.558855735471361526e-02 1.332962803663001183e-01
-9.905713532927409304e-01 7.402022098968771835e-02 1.152796639500025672e-01
-9.940288168765712973e-01 5.895664089613510128e-02 9.181952795134590284e-02
-9.397733480624449465e-01 1.846743909697986519e-01 2.876133230423038589e-01
-9.461685447650551861e-01 1.748819976964815781e-01 2.723625741155812352e-01
-9.481691558201401637e-01 1.716897205458572662e-01 2.673908970219595616e-01
-9.509633402758576048e-01 1.671174556985192960e-01 2.602700164295473351e-01
-9.485690438468949992e-01 1.710436751885499040e-01 2.663847409920116482e-01
-9.437236988224660950e-01 1.786968341676719307e-01 2.783038299041083463e-01
-9.231556241913301264e-01 2.077064960114221037e-01 3.234837013491913549e-01
-9.617998513754389966e-01 1.479097135379971728e-01 2.303557304155705032e-01
-9.488431725447419307e-01 1.705992307969294020e-01 2.656925598633222974e-01
-9.395725189598398419e-01 1.849724621516349587e-01 2.880775414033927562e-01
-9.396731477634506779e-01 1.848231766183477398e-01 2.878450429606720373e-01
-9.390796532523858486e-01 1.857016783943342408e-01 2.892132284127164610e-01
-9.437663158571372168e-01 1.786311176499148501e-01 2.782014824917160012e-01
-9.572186933883545246e-01 1.563448286253004971e-01 2.434926438108898361e-01
-9.616931731068359968e-01 1.481120697520935947e-01 2.306708815465362272e-01
-9.477262256843206334e-01 1.724021613966493505e-01 2.685004579063428598e-01
-9.365483797305055313e-01 1.893966769532458849e-01 2.949678477109541341e-01
-9.274815527309399066e-01 2.020022395697593509e-01 3.145998483035333804e-01
-9.400466604354310585e-01 1.842678626486735360e-01 2.869801926946926596e-01
-9.463631933236509308e-01 1.745742639112531358e-01 2.718833071413291336e-01
-9.410844108544096365e-01 1.827149756244333956e-01 2.845617144476247362e-01
-9.448224139155697587e-01 1.769938372940830507e-01 2.756515694181178588e-01
-9.490229394964355691e-01 1.703070753199092957e-01 2.652375546666109751e-01
-9.573841149474705547e-01 1.560488623759220539e-01 2.430317036878706927e-01
-9.645503371675768767e-01 1.425852022528986962e-01 2.220632954101459944e-01
-9.579724406411869175e-01 1.549912544822000249e-01 2.413845769845320288e-01
-9.551549133352190690e-01 1.599870541003108604e-01 2.491650739006058546e-01
-9.558096699581124511e-01 1.588414116674094489e-01 2.473808415259127758e-01
-9.569066401334590521e-01 1.569014844554766641e-01 2.443595839007804138e-01
-9.657242897703360862e-01 1.402462812402707204e-01 2.184206417577214676e-01
-9.636801766895978227e-01 1.442926011650466356e-01 2.247224116649925163e-01
-9.603895347416681050e-01 1.505611698401899956e-01 2.344851289421905627e-01
-9.610738754633380010e-01 1.492809471840467195e-01 2.324913002882348090e-01
-9.696889382034900029e-01 1.320189331682507516e-01 2.056073063169329695e-01
-9.619024529904575127e-01 1.477148075196069721e-01 2.300521822769479030e-01
-9.657726895397573674e-01 1.401489526707071220e-01 2.182690614916535377e-01
-9.819215758753429002e-01 1.022728454692471978e-01 1.592805195562427001e-01
-9.683484790999032921e-01 1.348606060902744208e-01 2.100329496766352999e-01
-9.872253597963438487e-01 8.608643434286686325e-02 1.340716778335779014e-01
-9.929894214606408420e-01 6.386548980843301249e-02 9.946460716652248679e-02
-9.909317641583803571e-01 7.259829345990376215e-02 1.130651430312175770e-01
-9.968640805598191212e-01 4.275565088012135695e-02 6.658798095334916844e-02
-9.973017728317943309e-01 3.966412884296565550e-02 6.177322065174201821e-02
-9.973768588754345910e-01 3.910908507098359577e-02 6.090879119373556611e-02
-9.998246656876296212e-01 1.011733752016491517e-02 1.575681960684571087e-02
-9.999370921738027773e-01 6.060344714824967942e-03 9.438427672939913096e-03
-9.972365244754524127e-01 4.014018613678181635e-02 6.251463595850960397e-02
-9.977313596518619931e-01 3.637375945629743590e-02 5.664877395197692039e-02
-9.999288522190861173e-01 6.445027480539614918e-03 1.003753558380551802e-02
-9.983734851272278998e-01 3.080379111925268809e-02 4.797406223778021006e-02
-9.988842416833092486e-01 -2.551618307261063756e-02 -3.973910062099245133e-02
-9.944997915240136876e-01 -5.659048214840006752e-02 -8.813445403986359949e-02
-9.970153424164771572e-01 -4.171332205862421372e-02 -6.496464999511906979e-02
-9.960559849765068252e-01 -4.793938522651682715e-02 -7.466116886698440092e-02
-9.904127173993566569e-01 -7.463734022067797236e-02 -1.162407702073798843e-01
-9.762832597721401440e-01 -1.169738853139378892e-01 -1.821760325708234596e-01
-9.761004675567278577e-01 -1.174183663809279937e-01 -1.828682708180167371e-01
-9.802903583795147258e-01 -1.067432990841917784e-01 -1.662428385488688154e-01
-9.935252843763550112e-01 -6.138440412659024181e-02 -9.560054516008988090e-02
-9.857725821748625217e-01 -9.081647040162246776e-02 -1.414382725293800991e-01
-9.564150058997781256e-01 -1.577741355676159640e-01 -2.457186574837548487e-01
-9.726045170908632631e-01 -1.256019299886437790e-01 -1.956134159958780039e-01
-9.792110819441594005e-01 -1.095970391946832073e-01 -1.706872754411057069e-01
-9.898072360388840973e-01 -7.694640029901606004e-02 -1.198369182100758740e-01
-9.734761256545299002e-01 -1.236150191066865273e-01 -1.925189856401169075e-01
-9.604841358187165001e-01 -1.503848992528387385e-01 -2.342106037678202413e-01
-9.415580442546143125e-01 -1.820012542203486294e-01 -2.834501592196515540e-01
-9.607138164053519169e-01 -1.499559997237194520e-01 -2.335426323280690442e-01
-9.750461639971661487e-01 -1.199483021127222826e-01 -1.868084122695935767e-01
-9.580574430989020618e-01 -1.548377979907995805e-01 -2.411455826594265106e-01
-9.674250525450212024e-01 -1.367816321153259573e-01 -2.130247704473136605e-01
-9.401753277866795599e-01 -1.840761293521286923e-01 -2.866815857775801835e-01
-9.406377554930674956e-01 -1.833851715615117395e-01 -2.856054827770628246e-01
-9.456037238889203334e-01 -1.757715571737308580e-01 -2.737479809169892087e-01
-9.132305631391820500e-01 -2.201424854340385817e-01 -3.428516073397009367e-01
-9.098194058601646317e-01 -2.242278321178406697e-01 -3.492141578229475685e-01
-9.326046877022882153e-01 -1.949948674995396758e-01 -3.036865129118421769e-01
-8.828239024181289141e-01 -2.537822173715008622e-01 -3.952423857144249375e-01
-8.450462845073395401e-01 -2.888959481335616752e-01 -4.499287812447108625e-01
-8.642184374797214907e-01 -2.718351552824072592e-01 -4.233581706695858093e-01
-9.568473614409015449e-01 -1.570069851543379469e-01 -2.445238915041434424e-01
-9.509700063504761269e-01 -1.671063817708031696e-01 -2.602527698089799890e-01
-9.369025690365934134e-01 -1.888845984217922269e-01 -2.941703326504383487e-01
-9.366007983414463833e-01 -1.893209908841086975e-01 -2.948499736422312001e-01
-9.574403435396700024e-01 -1.559481206414349286e-01 -2.428748077323853449e-01
-9.647734454928562631e-01 -1.421438729964356884e-01 -2.213759658170142419e-01
-9.269523515014378434e-01 -2.027101191401911029e-01 -3.157023054146491092e-01
-9.486316625288757631e-01 -1.709422647664057826e-01 -2.662268036172038554e-01
-9.601274281556483325e-01 -1.510483892947902806e-01 -2.352439282843871993e-01
-9.498634975841623307e-01 -1.689335632070363691e-01 -2.630984362921155451e-01
-8.882763809104305963e-01 -2.481658962765870280e-01 -3.864954838570637818e-01
-7.126372848149030714e-01 -3.790397243314940212e-01 -5.903193946249334356e-01
-6.858460676084273677e-01 -3.932031874996647636e-01 -6.123776815709077725e-01
-8.723348248905483659e-01 -2.641586285650140975e-01 -4.114026886613980638e-01
-9.941194685918706142e-01 5.850873314793567093e-02 9.112195296436734204e-02
-9.704203801878438229e-01 1.304405316512545487e-01 2.031490916017560655e-01
-9.600954770505134572e-01 1.511076654287525911e-01 2.353362453933077469e-01
-9.483130925967716562e-01 1.714574930067571668e-01 2.670292240586874533e-01
-9.238488775232707173e-01 2.068047229197347570e-01 3.220792729703115809e-01
-9.293604108128785679e-01 1.994654057972623240e-01 3.106489637900810008e-01
-9.301555204777122166e-01 1.983805158936535473e-01 3.089593478738005827e-01
-9.354289006692385611e-01 1.910049059012139949e-01 2.974725158975333739e-01
-9.590036808771297272e-01 1.531182227389519535e-01 2.384675028790736728e-01
-9.214387903117529088e-01 2.099201746802311641e-01 3.269313016078984058e-01
-9.304473854962449497e-01 1.979805542076648328e-01 3.083364444544757776e-01
-9.461266000929812181e-01 1.749482318492531496e-01 2.724657276967435982e-01
-9.488303702876346168e-01 1.706200157079671154e-01 2.657249304443286553e-01
-9.429544594820730152e-01 1.798783857254721841e-01 2.801439874273044528e-01
-9.482783706769800647e-01 1.715135453424977974e-01 2.671165203993548509e-01
-9.562478437364584360e-01 1.580696493305340788e-01 2.461788929008653370e-01
-9.629775094298900218e-01 1.456556375365063716e-01 2.268452150388895194e-01
-9.608692379227447011e-01 1.496650140029508746e-01 2.330894489187797514e-01
-9.593783031286873264e-01 1.524315967026141916e-01 2.373981461861320030e-01
-9.665422118533278928e-01 1.385916518052884849e-01 2.158437090942387504e-01
-9.639592814796078546e-01 1.437473281017213611e-01 2.238731991841234892e-01
-9.594478765225481487e-01 1.523037087326668537e-01 2.371989724738455818e-01
-9.210813331008713689e-01 2.103776343562664686e-01 3.276437528410738875e-01
-7.346540355139489220e-01 3.665637374727390707e-01 5.708891963184153928e-01
-5.931703312089746660e-01 4.349849535433577552e-01 6.774489267570791284e-01
-7.456662896948903496e-01 3.600140062169622235e-01 5.606885942662548361e-01
-9.265443764271156235e-01 -2.032538845391234361e-01 -3.165491698473464344e-01
-5.368237112643862163e-01 -4.558500497590887712e-01 -7.099443887791263563e-01
-2.608958036577206929e-01 -5.215899979037665890e-01 -8.123282918380602124e-01
-2.200261404658241937e-01 -5.270616446762018681e-01 -8.208498767880340052e-01
-2.568314774480300877e-01 -5.221785149664378567e-01 -8.132448528575557667e-01
-2.347771066989240707e-01 -5.252004416721399727e-01 -8.179512248523570506e-01
-1.919739420732541890e-01 -5.302526955216844140e-01 -8.258196440245549885e-01
-2.320621587213632653e-01 -5.255525707484749454e-01 -8.184996333959166925e-01
-2.864932920572829111e-01 -5.176540477136525320e-01 -8.061984126081197521e-01
-2.455737733812680679e-01 -5.237571170853040359e-01 -8.157033799916344474e-01
-2.518855663763184261e-01 -5.228813526899229736e-01 -8.143394577572903303e-01
-2.769050769201618079e-01 -5.191750148675041698e-01 -8.085671786024746233e-01
-3.044960967985330669e-01 -5.146452856158822975e-01 -8.015125432754034440e-01
-3.406409186788499355e-01 -5.079887008062532461e-01 -7.911455266730667013e-01
-2.631776570713580399e-01 -5.212552378029935429e-01 -8.118069338712100569e-01
-1.974854623222508654e-01 -5.296614926445202265e-01 -8.248989000968214302e-01
-2.800664275723631635e-01 -5.186797440862723763e-01 -8.077958400619882351e-01
-2.748297281469939124e-01 -5.194968376262668608e-01 -8.090683878529414397e-01
-2.396077519419718971e-01 -5.245631795773301187e-01 -8.169587479432703914e-01
-2.734906115218244671e-01 -5.197031034552327400e-01 -8.093896278483051487e-01
-2.378033919215678804e-01 -5.248028212823627747e-01 -8.173319677858377208e-01
-1.712342770365484768e-01 -5.323222243792369301e-01 -8.290427442537036118e-01
-2.107385124206160587e-01 -5.281684502737989950e-01 -8.225736243754230292e-01
-1.205709034168463284e-01 -5.363606482114582352e-01 -8.353322167254354502e-01
-1.417806060323108241e-01 -5.348442291073185473e-01 -8.329705338988341312e-01
-5.201065745608126484e-02 -5.395710228061102454e-01 -8.403320789181824013e-01
1.489187569929621875e-02 -5.402423916756177169e-01 -8.413776739816460903e-01
3.219644649829663668e-02 -5.400221915549699991e-01 -8.410347326127796119e-01
2.691418079269635583e-02 -5.401065801814978196e-01 -8.411661601116069420e-01
9.534137036039773416e-02 -5.378410321288232820e-01 -8.376377780737946921e-01
2.251777857187026166e-01 -5.264260956009583214e-01 -8.198600677488524502e-01
3.119492299721676187e-01 -5.133405577018890220e-01 -7.994805499435775342e-01
1.734568895877647010e-01 -5.321121134312101209e-01 -8.287155158402121913e-01
1.532467209761233240e-01 -5.339202329328180952e-01 -8.315314951191155046e-01
1.615455743371208841e-01 -5.332055717314213572e-01 -8.304184762435490308e-01
2.213269057591818467e-01 -5.269026316069945759e-01 -8.206022286057295112e-01
3.154846655822556301e-01 -5.127094317621155861e-01 -7.984976295297443460e-01
3.730871964392220019e-01 -5.012904714023935782e-01 -7.807136524579850745e-01
4.194249884084250701e-01 -4.904810287556591319e-01 -7.638789429807466558e-01
4.397864763133886301e-01 -4.852467778828882805e-01 -7.557270802387116015e-01
5.018560887903003032e-01 -4.673350927682028977e-01 -7.278312834795145347e-01
4.689256123210727711e-01 -4.772153461832702726e-01 -7.432188664696883773e-01
4.991594267159376597e-01 -4.681774404172813209e-01 -7.291431622150339464e-01
5.296765018879853182e-01 -4.582842767638613535e-01 -7.137354727199227700e-01
4.771870283685559766e-01 -4.748186193510173236e-01 -7.394861855872498779e-01
4.215339250372303059e-01 -4.899529562053202558e-01 -7.630565187116705728e-01
4.816961580113611197e-01 -4.734876027648296515e-01 -7.374132500742774932e-01
4.237219983794012768e-01 -4.894016615723011943e-01 -7.621979281916458904e-01
3.672527156823643946e-01 -5.025466279741139797e-01 -7.826700004061583060e-01
2.270005551858223225e-01 -5.261975135965477612e-01 -8.195040723694662077e-01
6.887597943061386785e-02 -5.390192121409022041e-01 -8.394726847256405167e-01
1.876763676498821934e-02 -5.402071437168486367e-01 -8.413227785383809998e-01
8.855506528937040489e-02 -5.381796109039117537e-01 -8.381650832735216827e-01
-1.143879098197083249e-01 -5.367558485495534937e-01 -8.359477047847713171e-01
-3.873040340020029726e-01 -4.981328193196615239e-01 -7.757959007125654338e-01
-3.796776418836250166e-01 -4.998438483325939319e-01 -7.784606705144151428e-01
-4.047721072760728234e-01 -4.940619360283415862e-01 -7.694558756284951562e-01
-3.193579395659223441e-01 -5.120089232604658758e-01 -7.974066521780884820e-01
-3.254439553226309290e-01 -5.108889678394550327e-01 -7.956624249541370819e-01
-3.575201401079696195e-01 -5.045912564915658871e-01 -7.858543206532877523e-01
-2.815181415371583173e-01 -5.184502684089079549e-01 -8.074384528694404928e-01
-2.802282863825989456e-01 -5.186542224854200356e-01 -8.077560925236754175e-01
-2.904986851708207252e-01 -5.170019801893411815e-01 -8.051828776087606165e-01
-3.315119675879308336e-01 -5.097487582027807607e-01 -7.938866536582547262e-01
-4.568531194672740825e-01 -4.806216719590952757e-01 -7.485239045456493212e-01
-4.677841171006688059e-01 -4.775422798419349801e-01 -7.437280354751425460e-01
-4.298732833538334575e-01 -4.878331324961925897e-01 -7.597550888921686951e-01
-4.341594312994399019e-01 -4.867237947944749177e-01 -7.580273977862626023e-01
-4.991419032281847468e-01 -4.681828943883873939e-01 -7.291516562717647032e-01
-5.188836999103472181e-01 -4.618746399473112052e-01 -7.193271320761440712e-01
-5.079369346310123046e-01 -4.654133047127390066e-01 -7.248382759167854017e-01
-4.149025837175139286e-01 -4.916026111527299625e-01 -7.656257040697818095e-01
-4.310253307741132578e-01 -4.875362894564480576e-01 -7.592927832490604656e-01
-5.083936629541631058e-01 -4.652677032508434896e-01 -7.246115150753084100e-01
-5.495594902389681069e-01 -4.513980397230336616e-01 -7.030107939587330046e-01
-6.372439964212633923e-01 -4.163905155112699874e-01 -6.484898053302886600e-01
-7.335250626901544946e-01 -3.672231636933572796e-01 -5.719161918082461549e-01
-7.676015496041895814e-01 -3.462945221767882997e-01 -5.393217638438083661e-01
-8.314300494327928615e-01 -3.002078668163301600e-01 -4.675460507819226286e-01
-8.824360577378402848e-01 -2.541756880986082989e-01 -3.958551800642476914e-01
-7.434023459355851848e-01 -3.613782203168361407e-01 -5.628132318434816428e-01
-8.931873417724420783e-01 -2.429657062062611783e-01 -3.783966676718646394e-01
-8.897900106430746137e-01 -2.465778580774497519e-01 -3.840222608986804120e-01
-8.535605493256227527e-01 -2.814940731830803400e-01 -4.384010440199015979e-01
-8.372937593064018191e-01 -2.954120635754023394e-01 -4.600770297685766175e-01
-8.846297332292000215e-01 -2.519398048996493444e-01 -3.923729982987628206e-01
-8.476239809436404427e-01 -2.866829916012421098e-01 -4.464823056469508500e-01
-8.296032394145531619e-01 -3.016796033151034062e-01 -4.698381445737686013e-01
-8.092502682046113227e-01 -3.174081777800118465e-01 -4.943339479432269368e-01
-8.066836973199276173e-01 -3.193097090188775078e-01 -4.972954073833088517e-01
-8.187709832386674824e-01 -3.101985022358845767e-01 -4.831055435585475122e-01
-8.822381810780636213e-01 -2.543761341676373244e-01 -3.961673563205301840e-01
-8.891034889116223860e-01 -2.472997273619977621e-01 -3.851465056986265734e-01
-8.607872656309951687e-01 -2.749949164514783884e-01 -4.282792071223618935e-01
-8.641467079012259411e-01 -2.719017160982430403e-01 -4.234618329983278473e-01
-8.550845293618404286e-01 -2.801405962107135772e-01 -4.362931285279951221e-01
-8.527551415436592785e-01 -2.822057796736763269e-01 -4.395094612060428951e-01
-8.638112080443544061e-01 -2.722127508170711363e-01 -4.239462408720665598e-01
-8.529790565624484344e-01 -2.820081626249518747e-01 -4.392016908878358938e-01
-8.376999081086018428e-01 -2.950757370980278682e-01 -4.595532323147075715e-01
-8.399104683738560784e-01 -2.932355587435662714e-01 -4.566873243307264518e-01
-8.471029950574338052e-01 -2.871321787440139217e-01 -4.471818731729193530e-01
-8.888639242938887186e-01 -2.475510004062121128e-01 -3.855378402786834857e-01
-9.454868777606443286e-01 -1.759549554285901596e-01 -2.740336067757953020e-01
-9.992341532104727087e-01 -2.114168511793741712e-02 -3.292622371489731248e-02
-9.985613650911070449e-01 -2.897149203623054087e-02 -4.512042549200342284e-02
-9.985075839114530005e-01 -2.950765400235823288e-02 -4.595544827971684981e-02
-9.996111442757423804e-01 1.506620399682508278e-02 2.346422248588194565e-02
-9.999984905400663981e-01 9.387770194096410094e-04 1.462058581757079813e-03
-9.999877409005388795e-01 -2.675344861718338251e-03 -4.166602753755940629e-03
-9.970906593271960938e-01 4.118442438556474405e-02 6.414094067354425555e-02
-9.923649155892527718e-01 6.663895608614278654e-02 1.037840249714975516e-01
-9.963096723585975756e-01 4.637492706380186291e-02 7.222466963947268836e-02
-9.955487197252681497e-01 5.092258700088758694e-02 7.930723035459362469e-02
-9.963631585531822488e-01 4.603824695825377289e-02 7.170032144235446991e-02
-9.947677221693262961e-01 5.519864099700826782e-02 8.596678987919342818e-02
-9.944274995605612011e-01 5.696013415972470822e-02 8.871015293773480692e-02
-9.961458044347807350e-01 4.739143124538349600e-02 7.380778110401194081e-02
-9.867028829349266950e-01 8.781769385767386471e-02 1.367679547753206104e-01
-9.951608854248648051e-01 5.308951214240896499e-02 8.268201630874794095e-02
-9.884121228028370787e-01 8.201474976852744792e-02 1.277304048251434732e-01
-9.839831830942326052e-01 9.631499796884271380e-02 1.500017218367968586e-01
-9.789288381610981027e-01 1.103306434634112182e-01 1.718297963960625230e-01
-9.680585424578419529e-01 1.354668999330628509e-01 2.109771963908046721e-01
-9.537275077794840072e-01 1.624539450129143248e-01 2.530070288637754627e-01
-9.732975488203224890e-01 1.240248396066480213e-01 1.931572432524788774e-01
-9.725284054683476231e-01 1.257738595119913261e-01 1.958811803636357207e-01
-9.763814397808286971e-01 1.167344157932701521e-01 1.818030808895161332e-01
-9.794493184647514727e-01 1.089738084260051115e-01 1.697166510277237916e-01
-9.791993928876590036e-01 1.096275228899832310e-01 1.707347509836419641e-01
-9.676321618585195239e-01 1.363532909153561401e-01 2.123576685536927577e-01
-9.599803866568691335e-01 1.513209739427693046e-01 2.356684537207720254e-01
-9.648626647181530736e-01 1.419669763135683327e-01 2.211004655566508326e-01
-9.540684706112807500e-01 1.618684331557549705e-01 2.520951481745584699e-01
-9.466674052002955753e-01 1.740920970127515788e-01 2.711323766890298970e-01
-9.705198603710858407e-01 1.302242896963717311e-01 2.028123147108270852e-01
-9.682124703774767083e-01 1.351453786786807887e-01 2.104764567055893154e-01
-9.579119710160255430e-01 1.551003207005789419e-01 2.415544375555342405e-01
-9.450911533954747812e-01 1.765744901371183728e-01 2.749984749165489961e-01
-9.643848347372558916e-01 1.429116354716784831e-01 2.225716850266575841e-01
-9.617551590153677887e-01 1.479945261335426920e-01 2.304878182070211334e-01
-9.668750079084609261e-01 1.379123292958047975e-01 2.147857269704369354e-01
-9.774371011453726332e-01 1.141262660515084959e-01 1.777411283346398418e-01
-9.790650506837460521e-01 1.099772390459134441e-01 1.712794016263243235e-01
-9.808542337652720322e-01 1.052202806905931931e-01 1.638708779378868496e-01
-9.801177889735350757e-01 1.072049091720360947e-01 1.669617536654561529e-01
-9.938566172305310920e-01 5.979812554591948381e-02 9.313006264509862686e-02
-9.912886235243884014e-01 7.116186454483422463e-02 1.108280375429706172e-01
-9.992144493573086317e-01 2.141182110116494550e-02 3.334693558188311924e-02
-9.983113948907088586e-01 3.138574579581281110e-02 4.888040294645398798e-02
-9.998614033319809247e-01 -8.995248492321058012e-03 -1.400926948713117522e-02
-9.965818354455535655e-01 -4.463513596079835694e-02 -6.951510553636916501e-02
-9.905939346447312221e-01 -7.393194899239852180e-02 -1.151421884595536516e-01
-9.853679718691630285e-01 -9.208938878235908843e-02 -1.434207254483945149e-01
-9.842218484480796947e-01 -9.560046315329188971e-02 -1.488888997955231108e-01
-9.578701226914921874e-01 -1.551757516443346974e-01 -2.416719142900174699e-01
-9.593603672965109741e-01 -1.524645469796692132e-01 -2.374494632021470764e-01
-9.542850564815761327e-01 -1.614952935975034753e-01 -2.515140177441632652e-01
-9.862504400996672249e-01 -8.928905424289941550e-02 -1.390594628050220993e-01
-9.800957986110745424e-01 -1.072635832030589403e-01 -1.670531330546077831e-01
-9.723870620346392046e-01 -1.260924845289136398e-01 -1.963774094262588366e-01
-9.565360413723421606e-01 -1.575597875483338295e-01 -2.453848302227603084e-01
-9.536511178691721158e-01 -1.625848063678569100e-01 -2.532108333488218843e-01
-9.588049494179006205e-01 -1.534811121732382044e-01 -2.390326696872266954e-01
-9.501985114608031413e-01 -1.683826705670194990e-01 -2.622404718390977663e-01
-9.532912973960603331e-01 -1.631996528993177042e-01 -2.541684000863961845e-01
-9.409703271108921241e-01 -1.828864194353080064e-01 -2.848287223630250886e-01
-8.958243169427206887e-01 -2.401148633183966263e-01 -3.739567429365268647e-01
-8.712021084878912580e-01 -2.652476511697034467e-01 -4.130987408782649806e-01
-8.734289621005238979e-01 -2.631010653478435546e-01 -4.097556315376657543e-01
-8.895510551014264022e-01 -2.468294197072314067e-01 -3.844140449241290614e-01
-8.955627113503386028e-01 -2.403995739272464238e-01 -3.744001534380407281e-01
-8.945957237956843056e-01 -2.414483336943318292e-01 -3.760335000006068129e-01
-8.762110524792554589e-01 -2.603865822581542533e-01 -4.055280746053384622e-01
-7.871612256240189121e-01 -3.332299764210106541e-01 -5.189749393646527764e-01
-8.589822717195966240e-01 -2.766376598475335236e-01 -4.308376283770040116e-01
-7.459710380713665545e-01 -3.598296575084968807e-01 -5.604014881636607548e-01
-7.024479322612149357e-01 -3.845521346338627855e-01 -5.989044650113096724e-01
-6.620038447950497007e-01 -4.049568159510445464e-01 -6.306828733138103438e-01
-5.867442146478453191e-01 -4.375218571751412489e-01 -6.813999200699237813e-01
-5.576600740006109058e-01 -4.484884216066707951e-01 -6.984793322285136608e-01
-5.370442382945911364e-01 -4.557742146221150370e-01 -7.098262825510031071e-01
-5.422536561153109558e-01 -4.539700138925834572e-01 -7.070164063980026725e-01
-5.248077961196896402e-01 -4.599165378049538400e-01 -7.162775686739734082e-01
-5.313665374330774904e-01 -4.577127870738044169e-01 -7.128454302620673699e-01
-5.145943982680437623e-01 -4.632734226861653926e-01 -7.215056071187495590e-01
-4.792484449050677386e-01 -4.742121417253464810e-01 -7.385416526481998201e-01
-4.553086991923350757e-01 -4.810493180541007274e-01 -7.491899238774293313e-01
-4.509372567020460409e-01 -4.822498764677695671e-01 -7.510596828247766421e-01
-5.019748835647168672e-01 -4.672978458377504696e-01 -7.277732748223081360e-01
-5.132069370524848795e-01 -4.637225048900051050e-01 -7.222050112120145249e-01
-4.588548132792609202e-01 -4.800646829276992711e-01 -7.476564455256051733e-01
-4.783287614171648494e-01 -4.744831353615991398e-01 -7.389637002306320701e-01
-4.855421405796577217e-01 -4.723394419789329057e-01 -7.356250955971760375e-01
-5.277088473406816860e-01 -4.589464584803527036e-01 -7.147667596403116663e-01
-5.114734753252176969e-01 -4.642812665418596940e-01 -7.230752309248537069e-01
-5.103091083189370547e-01 -4.646551498184092188e-01 -7.236575196278713928e-01
-5.146895336617081096e-01 -4.632425696410134019e-01 -7.214575563479006526e-01
-5.146655636835999470e-01 -4.632503439965329206e-01 -7.214696641892410778e-01
-5.154549498485566650e-01 -4.629940575779432632e-01 -7.210705217412052281e-01
-5.217047229894992144e-01 -4.609460115373001377e-01 -7.178808790170588816e-01
-5.062534398420811543e-01 -4.659484682235486841e-01 -7.256717437024737816e-01
-5.094017030283850556e-01 -4.649457229474598940e-01 -7.241100604636320215e-01
-5.096416965589687376e-01 -4.648689391712363395e-01 -7.239904768174132421e-01
-4.444400677376799669e-01 -4.840074456690858784e-01 -7.537969346755221123e-01
-4.779142838244959668e-01 -4.746050445454353950e-01 -7.391535625352450012e-01
-4.162511332340706471e-01 -4.912697027252835857e-01 -7.651072299132739563e-01
-4.114469469604367102e-01 -4.924497357851246870e-01 -7.669450225160188150e-01
-4.714825583163716471e-01 -4.764793047802805548e-01 -7.420725499030063066e-01
-4.875771878591798059e-01 -4.717270751616178259e-01 -7.346713907855672021e-01
-4.887152271904403600e-01 -4.713831623380032032e-01 -7.341357782974619051e-01
-4.966880278706581331e-01 -4.689441190676238436e-01 -7.303371934674054433e-01
-4.825578277845335995e-01 -4.732313993883502379e-01 -7.370142369566656804e-01
-4.569806547840197242e-01 -4.805862759776348692e-01 -7.484687785707011543e-01
-4.474228895212900015e-01 -4.832045161672218203e-01 -7.525464460669656352e-01
-4.465415016054332109e-01 -4.834424701907695243e-01 -7.529170375013516381e-01
-3.669016660534496488e-01 -5.026214778105405623e-01 -7.827865721195983451e-01
-3.483535249710834614e-01 -5.064595136493794669e-01 -7.887639587825084897e-01
-4.256573121131665416e-01 -4.889111503391467273e-01 -7.614340022081012016e-01
-5.031657088783973997e-01 -4.669238226080114074e-01 -7.271907681551121883e-01
-4.112398655785575174e-01 -4.925002292372006596e-01 -7.670236614083263404e-01
-3.908507106326629121e-01 -4.973234643965457336e-01 -7.745354051033175313e-01
-3.765443696137995566e-01 -5.005352914599707770e-01 -7.795375293821512619e-01
-3.304701679133418835e-01 -5.099461976189046952e-01 -7.941941473300774268e-01
-3.079459135024869565e-01 -5.140457020770906604e-01 -8.005787472405133665e-01
-2.692543599122430020e-01 -5.203484549616452792e-01 -8.103947032695097974e-01
-2.464122428205689774e-01 -5.236421426258911493e-01 -8.155243178804068016e-01
-2.329954717365019523e-01 -5.254320084844873451e-01 -8.183118687946805414e-01
-2.228748439780474377e-01 -5.267121181365412852e-01 -8.203055214551948637e-01
-2.175135224246869114e-01 -5.273660139122863244e-01 -8.213239037874591197e-01
-2.123998293116759750e-01 -5.279741443933815281e-01 -8.222710108963150466e-01
-2.048474940852868798e-01 -5.288446026548681012e-01 -8.236266693167437758e-01
-2.079089853427170953e-01 -5.284957148634920054e-01 -8.230833087754170219e-01
-2.906550123871779467e-01 -5.169763301631269403e-01 -8.051429300597967575e-01
-3.112889319106039721e-01 -5.134575568338980434e-01 -7.996627652955461407e-01
-3.126925981597900028e-01 -5.132085105728920738e-01 -7.992748987248591286e-01
-3.269345398812226744e-01 -5.106110659425128206e-01 -7.952296183931431006e-01
-3.153912400203560118e-01 -5.127262111028325631e-01 -7.985237618045912811e-01
-3.732938798163575322e-01 -5.012455513944461538e-01 -7.806436936906161472e-01
-4.965483006068637795e-01 -4.689873143484252771e-01 -7.304044661313943143e-01
-4.465324389006964378e-01 -4.834449138632403997e-01 -7.529208432957343877e-01
-3.438259574491663306e-01 -5.073619068964995149e-01 -7.901693529962496854e-01
-5.246323022175036765e-01 -4.599749840629529518e-01 -7.163685933276584539e-01
-5.394669703853558484e-01 -4.549381952607258750e-01 -7.085242595396146204e-01
-5.807538197974863037e-01 -4.398488878074527375e-01 -6.850240555521942554e-01
-6.170581712282112719e-01 -4.251733608960174826e-01 -6.621682765769441037e-01
-6.617612029514311489e-01 -4.050725735400729777e-01 -6.308631550771504060e-01
-6.773909500885930690e-01 -3.974589142801750463e-01 -6.190055833328951262e-01
-6.385687845891206971e-01 -4.157976099599061115e-01 -6.475664096446037687e-01
-7.412372548588124221e-01 -3.626742078933832270e-01 -5.648316129062528335e-01
-8.586392165338374571e-01 -2.769483875399130768e-01 -4.313215580853800302e-01
-8.742084684712566611e-01 -2.623442025418318835e-01 -4.085768875570792158e-01
-8.617081132182800030e-01 -2.741517154032830916e-01 -4.269659992964653372e-01
-8.875420963701974308e-01 -2.489316603173744313e-01 -3.876880906894490386e-01
-9.286362012331046412e-01 -2.004476449647330794e-01 -3.121787106569586245e-01
-9.046319516076227751e-01 -2.302734149031140654e-01 -3.586295951527730952e-01
-9.604603372213261769e-01 -1.504292643599524082e-01 -2.342796983283442214e-01
-9.730295289568269279e-01 -1.246372560724311601e-01 -1.941110253869954005e-01
-9.583715859263601811e-01 -1.542692270550149181e-01 -2.402600858920212468e-01
-9.672290919398347508e-01 -1.371856002691551613e-01 -2.136539135706018167e-01
-9.552923544120581756e-01 -1.597473166282962487e-01 -2.487917049098010702e-01
-9.604579369650828591e-01 -1.504337381062593182e-01 -2.342866657754007487e-01
-9.941978777401896394e-01 -5.811849824191436809e-02 -9.051419810729978421e-02
