-9.829564337652181294e-01 -9.932844662868374475e-02 -1.546948900574842412e-01
-9.662739365233171673e-01 -1.391366872275803523e-01 -2.166925514711267042e-01
-9.487892218843876346e-01 -1.706868025364590424e-01 -2.658289447669272554e-01
-9.465769680431985744e-01 -1.742355928224150197e-01 -2.713558581714553553e-01
-9.342923986036367756e-01 -1.926219124799071480e-01 -2.999908544340078587e-01
-9.298040993700376067e-01 -1.988608578536929239e-01 -3.097074361528417974e-01
-8.719428127189362554e-01 -2.645361866331547573e-01 -4.119907005132261157e-01
-9.536359770983704465e-01 1.626107298371445853e-01 2.532512067601403460e-01
-8.844767450487621696e-01 2.520965607011085297e-01 3.926171309948398025e-01
-9.256620524520852156e-01 2.044241215445809778e-01 3.183717059993230181e-01
-9.619941077956478681e-01 1.475404611362235163e-01 2.297806538727008852e-01
-9.542659178122946395e-01 1.615283043096448490e-01 2.515654288822485873e-01
-9.392000460435663278e-01 1.855238518645112578e-01 2.889362800015215504e-01
-9.474502592077930219e-01 1.728443935097804252e-01 2.691891936154236498e-01
-9.571719099714223189e-01 1.564284209747927312e-01 2.436228311817111025e-01
-9.018189293732565837e-01 2.334722591357125121e-01 3.636114998705897161e-01
-5.078330477175354574e-01 4.654463984359193951e-01 7.248898163369040804e-01
-3.466594845959113380e-01 5.067987248541564460e-01 7.892922489331173352e-01
-2.878794591559961091e-01 5.174295005100528755e-01 8.058487010586840027e-01
-3.758276803268776889e-01 5.006925101986501314e-01 7.797823830602309547e-01
-4.439865461964742077e-01 4.841289401581773122e-01 7.539861511313360465e-01
-5.408989971444999600e-01 4.544415453110553504e-01 7.077507730715483225e-01
-6.475970468083437348e-01 4.117011622449938124e-01 6.411865703297545682e-01
-7.112937595840237437e-01 3.797757149331728033e-01 5.914656320732613048e-01
-6.503240141438411115e-01 4.104443999559220235e-01 6.392292790326989937e-01
-5.377728282816414129e-01 4.555233547581959974e-01 7.094355914611297775e-01
-5.169596672064842302e-01 4.625040450485848331e-01 7.203073724428048497e-01
-6.004885244590889570e-01 4.320437555437219301e-01 6.728682822727066748e-01
-6.473891609716755369e-01 4.117965958359181555e-01 6.413351993414515562e-01
-6.354330509825355522e-01 4.171976495807593888e-01 6.497468421649437165e-01
-6.462379779533592439e-01 4.123241126504665344e-01 6.421567581033146288e-01
-7.655452547540892994e-01 3.476208054468429842e-01 5.413873276536721457e-01
-9.026523549634235533e-01 2.325301476711396920e-01 3.621442481981780315e-01
-8.338993852368482562e-01 2.982017538420596026e-01 4.644217149392631527e-01
-8.013726666290573730e-01 3.231901464563300963e-01 5.033388306234375387e-01
-7.794202100778336861e-01 3.385002079344210379e-01 5.271828386343578865e-01
-7.826349374596444086e-01 3.363279019985089824e-01 5.237996725894547012e-01
-8.633777834398138618e-01 2.726138656746151523e-01 4.245709402496793961e-01
-8.680233805260610946e-01 2.682726966482282815e-01 4.178099700739519862e-01
-8.970075188178947556e-01 2.388218771097199711e-01 3.719430362272616031e-01
-9.087776123714410570e-01 2.254577688553304204e-01 3.511296707987509591e-01
-9.652152488967995492e-01 1.412655724674891644e-01 2.200080937886644827e-01
-9.785184331428836702e-01 1.113883700940373062e-01 1.734771080211728045e-01
-9.984752569260826327e-01 2.982528095667240711e-02 4.645012295192434831e-02
-9.924290909377362357e-01 6.635937284632405231e-02 1.033485998741198453e-01
-9.806035073228638321e-01 1.059003014354564787e-01 1.649299474988625280e-01
-9.265195972166245797e-01 2.032868567026441531e-01 3.166005209495121320e-01
-9.224772582080527084e-01 2.085844788511026504e-01 3.248510786058243505e-01
-8.788760014997373249e-01 2.577513687566231337e-01 4.014239727419390280e-01
-7.773411684966793356e-01 3.398929714872577779e-01 5.293519393501636694e-01
-7.168256078492396544e-01 3.767271332028013231e-01 5.867177473371389951e-01
-6.341055064268891206e-01 4.177868868536312452e-01 6.506645248453688524e-01
-6.589156236407426315e-01 4.064245026973351549e-01 6.329686599898568522e-01
-7.422306944137113671e-01 3.620805966002194620e-01 5.639071180928372229e-01
-7.681442994239622291e-01 3.459430122969726074e-01 5.387743196416909797e-01
-7.849699294835406072e-01 3.347355757900949969e-01 5.213197714523004622e-01
-8.639250876293300685e-01 2.721072288936417505e-01 4.237819002133971780e-01
-8.994680585655728811e-01 2.361048200361830773e-01 3.677114705526070004e-01
-9.069247092358688755e-01 2.276254382267295651e-01 3.545056158222658627e-01
-9.381331239141520451e-01 1.870930765708266330e-01 2.913802026808565149e-01
-9.517657886239944132e-01 1.657785217634637209e-01 2.581847503762891849e-01
-9.570976928410692697e-01 1.565609317940951928e-01 2.438292045552931386e-01
-9.442876469673526785e-01 1.778250052386627089e-01 2.769460367954917346e-01
-9.205832272892383594e-01 2.110131419678811238e-01 3.286334973044795493e-01
-9.912669587914132441e-01 7.124990990142371361e-02 1.109651600614430800e-01
-3.828816346471985432e-01 -4.991298705227720789e-01 -7.773487159581662365e-01
-5.672039172436340593e-01 -4.449807625315602144e-01 -6.930164768894805372e-01
-8.735949679426792125e-01 -2.629401208554067448e-01 -4.095049753419040539e-01
-8.021673088797844908e-01 -3.226141442332489673e-01 -5.024417603117925513e-01
-5.992406054168128993e-01 -4.325492676152349336e-01 -6.736555706777873631e-01
