2.534765005111694336e-01
1.272597312927246094e+00
3.401582479476928711e+00
4.109601593017578125e+01
4.303827285766601562e+01
4.221970748901367188e+01
3.981515884399414062e+01
1.347493553161621094e+01
3.326217269897460938e+01
3.927319717407226562e+01
4.020924377441406250e+01
3.808962249755859375e+01
3.575016021728515625e+01
2.739977455139160156e+01
3.568023920059204102e+00
2.448435068130493164e+00
2.187588930130004883e+00
9.983902573585510254e-01
2.663720369338989258e+00
3.377801656723022461e+00
4.309459686279296875e+00
4.507429599761962891e+00
6.386073112487792969e+00
3.617388725280761719e+00
2.997149705886840820e+00
6.445789337158203125e+00
7.000527381896972656e+00
1.157514810562133789e+00
2.796543836593627930e+00
7.108435630798339844e+00
3.219437789916992188e+01
3.619339370727539062e+01
3.997104263305664062e+01
3.578349304199218750e+01
4.216152191162109375e+01
4.256475830078125000e+01
3.530607223510742188e+01
2.794588088989257812e+01
2.721456146240234375e+01
4.405953216552734375e+01
4.930176544189453125e+01
4.803326416015625000e+01
5.021171569824218750e+01
4.791529083251953125e+01
4.428087615966796875e+01
3.707944107055664062e+01
3.689894485473632812e+01
3.033209419250488281e+01
1.557297039031982422e+01
5.964226722717285156e+00
3.908067226409912109e+00
7.944355010986328125e+00
1.002115535736083984e+01
1.032195377349853516e+01
8.121344566345214844e+00
4.873891830444335938e+00
5.171575546264648438e+00
6.704665184020996094e+00
7.670917034149169922e+00
8.075533866882324219e+00
9.322546958923339844e+00
1.046449375152587891e+01
1.835152268409729004e+00
1.664059400558471680e+00
2.201394557952880859e+00
1.949328064918518066e+00
5.210509300231933594e+00
2.118098258972167969e+00
2.842466115951538086e+00
2.934103727340698242e+00
3.393983602523803711e+00
1.303935050964355469e+00
1.634359931945800781e+01
1.334311294555664062e+01
1.615864753723144531e+01
2.304751586914062500e+01
2.360874748229980469e+01
3.502416992187500000e+01
3.264931106567382812e+01
3.013411712646484375e+01
4.125959777832031250e+01
4.005486679077148438e+01
5.418057632446289062e+01
5.428952789306640625e+01
5.324471282958984375e+01
3.337184524536132812e+01
3.426986694335937500e+01
3.485846328735351562e+01
4.396410369873046875e+01
2.537132024765014648e+00
2.203777551651000977e+00
2.166676282882690430e+00
1.056670904159545898e+00
2.463446855545043945e+00
5.362528800964355469e+00
5.133090496063232422e+00
8.500385284423828125e-01
3.078004360198974609e+00
3.477406501770019531e+00
6.482419013977050781e+00
6.507058620452880859e+00
7.132463932037353516e+00
9.521079063415527344e+00
3.157257080078125000e+00
2.255514860153198242e+00
4.941647052764892578e+00
7.782691955566406250e+00
6.166827201843261719e+00
9.245059013366699219e+00
1.109870815277099609e+01
6.040886402130126953e+00
3.219533538818359375e+01
2.853964042663574219e+01
2.081209754943847656e+01
2.746013641357421875e+01
3.321680450439453125e+01
3.311779403686523438e+01
3.786592483520507812e+01
3.700707626342773438e+01
3.996385192871093750e+01
3.823538970947265625e+01
3.556280899047851562e+01
3.823651123046875000e+01
4.073455047607421875e+01
5.591240310668945312e+01
3.813751983642578125e+01
2.796959686279296875e+01
1.267732048034667969e+01
2.385234451293945312e+01
3.331248474121093750e+01
3.389174270629882812e+01
4.175848770141601562e+01
5.291477203369140625e+01
5.440221023559570312e+01
5.436636734008789062e+01
4.936246871948242188e+01
4.620122909545898438e+01
3.860859155654907227e+00
1.725954174995422363e+00
1.611933827400207520e+00
1.829627227783203125e+01
2.114556312561035156e+01
1.203881835937500000e+01
4.976871013641357422e+00
2.611260890960693359e+00
6.685460209846496582e-01
3.660834550857543945e+00
4.794818401336669922e+00
1.602115988731384277e+00
1.498678565025329590e+00
1.674642562866210938e+00
1.911197662353515625e+00
1.445567011833190918e+00
2.696215629577636719e+00
2.360769748687744141e+00
2.366249084472656250e+00
6.838084697723388672e+00
5.952668190002441406e+00
3.301807403564453125e+01
3.233912658691406250e+01
2.416321563720703125e+01
3.317955398559570312e+01
3.272045898437500000e+01
3.462973785400390625e+01
4.223757934570312500e+01
4.474727249145507812e+01
4.472760009765625000e+01
3.346903991699218750e+01
2.472677993774414062e+01
3.335937118530273438e+01
3.672751235961914062e+01
3.466357040405273438e+01
3.380199432373046875e+01
3.821511459350585938e+01
4.128848266601562500e+01
2.275086593627929688e+01
2.598076057434082031e+01
3.256290435791015625e+01
3.982054901123046875e+01
4.737391662597656250e+01
5.028087615966796875e+01
4.973124694824218750e+01
4.678025054931640625e+01
2.409374427795410156e+01
6.745928764343261719e+00
7.522171497344970703e+00
7.225111484527587891e+00
2.008266067504882812e+01
2.532342529296875000e+01
2.681981658935546875e+01
3.732989120483398438e+01
4.077124786376953125e+01
2.936868095397949219e+01
2.716119575500488281e+01
2.171319770812988281e+01
3.392888259887695312e+01
3.317265319824218750e+01
3.365855789184570312e+01
3.640250015258789062e+01
3.622638702392578125e+01
2.584997177124023438e+01
3.406062316894531250e+01
3.439985275268554688e+01
4.341704940795898438e+01
2.092801856994628906e+01
2.387708282470703125e+01
2.933517074584960938e+01
2.979155540466308594e+01
2.875014877319335938e+01
1.589314174652099609e+01
2.426295280456542969e+01
2.822350883483886719e+01
