2.500000000000000000e-01 2.500000000000000000e-01 2.500000000000000000e-01 2.500000000000000000e-01 2.500000000000000000e-01 2.500000000000000000e-01 2.500000000000000000e-01 2.500000000000000000e-01 1.250000000000000000e-01 2.500000000000000000e-01 2.500000000000000000e-01 6.250000000000000000e-02 3.571428571428571230e-02 2.500000000000000000e-01 2.500000000000000000e-01
2.500000000000000000e-01 2.500000000000000000e-01 2.500000000000000000e-01 2.500000000000000000e-01 2.500000000000000000e-01 6.254597426880362798e-01 8.036438862758030766e-01 5.000000000000000278e-02 1.250000000000000000e-01 2.500000000000000000e-01 2.500000000000000000e-01 3.125000000000000000e-02 2.500000000000000139e-02 2.500000000000000000e-01 2.500000000000000000e-01
2.500000000000000000e-01 2.500000000000000000e-01 7.089989811483962789e+00 3.271888029071958304e+00 2.500000000000000000e-01 2.500000000000000000e-01 8.333333333333332871e-02 8.938802993429094679e-01 2.777777777777777624e-02 1.250000000000000000e-01 6.250000000000000000e-02 8.333333333333332871e-02 2.500000000000000000e-01 2.500000000000000000e-01 2.500000000000000000e-01
2.500000000000000000e-01 2.500000000000000000e-01 4.632705574571638785e+00 4.467459020819676496e+00 2.434703217758007909e+00 5.241083626773186399e-01 3.479410672478985056e+00 1.653905621799880654e+00 1.462404242823232225e+00 1.943109588261898446e-01 5.000000000000000278e-02 6.250000000000000000e-02 1.250000000000000000e-01 2.500000000000000000e-01 2.500000000000000000e-01
2.500000000000000000e-01 7.670645905191600278e+00 4.735600762236649608e+00 2.199616995500194516e+00 3.017793520577063848e+00 1.858733593852690991e+00 4.014420849990513185e-01 4.250457761804995904e+00 1.462042976201147759e+00 2.625435997543357214e-01 4.594369398527403114e-01 8.333333333333333218e-03 1.250000000000000000e-01 2.500000000000000000e-01 2.500000000000000000e-01
5.308273201072429615e+00 7.281290384048594078e+00 3.701901690452780613e+00 2.415159318084670659e+00 2.213269264501838585e+00 3.963406534307805651e-01 1.208103539497536350e+00 1.250000000000000000e-01 5.000000000000000278e-02 1.923076923076923184e-02 6.097560975609756309e-03 2.840909090909090121e-03 2.500000000000000000e-01 2.500000000000000000e-01 2.500000000000000000e-01
2.500000000000000000e-01 2.375874408009674532e+00 2.317148524311038127e+00 2.977562948131534881e+00 1.575403357358641454e+00 9.331028790865583122e-01 1.964381538313914488e+00 1.190476190476190410e-02 3.333333333333332680e-03 1.000000000000000021e-02 9.615384615384615918e-03 8.064516129032257841e-03 1.923076923076923184e-02 2.500000000000000000e-01 2.500000000000000000e-01
8.445369689355961995e+00 1.819751488573430498e+00 2.872859728895007514e+00 4.147714409091467047e+00 5.986115139965950682e+00 1.089615414801052617e+00 7.394261237119926777e-01 1.519899317676154160e+00 3.574700359958010165e-01 7.352941176470588133e-03 3.472222222222221596e-03 1.923076923076923184e-02 1.562500000000000000e-02 5.000000000000000278e-02 2.500000000000000000e-01
5.700529769610349184e+00 2.597687681592692588e+00 1.896620308849770842e+00 6.397370469254417991e+00 6.762193679866689955e+00 5.952380952380952051e-03 9.259259259259258745e-03 4.729583749400654291e-01 1.626399575123802954e+00 1.546006978660042996e+00 6.097560975609756309e-03 1.785714285714285615e-02 6.250000000000000000e-02 1.250000000000000000e-01 2.500000000000000000e-01
2.796209811080483831e+00 1.358424622327659703e+00 2.878334460414981422e+00 3.435427149467118468e+00 2.206535016036710761e+00 4.602166972997993044e-01 2.518013830965865618e-01 1.932193245932255277e+00 1.275513878506898902e+00 3.263078886268057754e+00 8.333333333333332871e-02 6.250000000000000000e-02 8.333333333333332871e-02 2.500000000000000000e-01 2.500000000000000000e-01
1.779230873155147608e+00 2.445990299208599339e+00 5.642833479949040942e+00 6.180279997949615911e+00 2.414199513557023558e+00 1.923076923076923184e-02 1.770968396720696614e+00 5.000000000000000278e-02 2.295821115508120069e+00 2.500000000000000000e-01 1.250000000000000000e-01 2.500000000000000000e-01 2.500000000000000000e-01 2.500000000000000000e-01 2.500000000000000000e-01
1.104150151875122443e+00 1.682877244228421443e+00 7.803379636543564146e+00 4.216597665955670315e+00 1.724567581447427500e+00 1.273645686385044495e+00 1.470588235294117627e-02 2.233828218442182489e+00 7.011089228056498257e+00 8.333333333333332871e-02 2.500000000000000000e-01 1.250000000000000000e-01 2.500000000000000000e-01 2.500000000000000000e-01 2.500000000000000000e-01
1.492878259733586122e+00 2.468507845398817402e+00 8.006994541563992485e+00 2.964748661375307126e+00 1.330022166465339550e+00 4.166666666666666435e-02 6.941670062915464845e-01 2.500000000000000000e-01 1.250000000000000000e-01 2.500000000000000000e-01 2.500000000000000000e-01 2.500000000000000000e-01 2.500000000000000000e-01 2.500000000000000000e-01 2.500000000000000000e-01
1.135193448628323942e+00 1.937061428590879375e+00 6.117657936103829464e+00 3.126983663701699445e+00 1.317125207967683620e+00 2.500000000000000139e-02 4.166666666666666435e-02 6.250000000000000000e-02 2.500000000000000000e-01 2.500000000000000000e-01 2.500000000000000000e-01 2.500000000000000000e-01 2.500000000000000000e-01 2.500000000000000000e-01 2.500000000000000000e-01
1.191787466202455903e+00 3.041791639322798613e+00 3.328142473668485923e+00 2.656629723148731248e+00 1.190476190476190410e-02 8.333333333333332871e-02 1.190476190476190410e-02 1.250000000000000000e-01 1.250000000000000000e-01 2.500000000000000000e-01 2.500000000000000000e-01 1.250000000000000000e-01 2.500000000000000000e-01 2.500000000000000000e-01 2.500000000000000000e-01
3.274217797275341013e+00 2.153308255049963371e+00 2.137620015495809600e+00 1.391557459734860336e+00 5.000000000000000278e-02 1.250000000000000000e-01 8.064516129032257841e-03 2.500000000000000000e-01 2.500000000000000000e-01 2.500000000000000000e-01 2.500000000000000000e-01 2.500000000000000000e-01 2.500000000000000000e-01 2.500000000000000000e-01 2.500000000000000000e-01
9.912531199882307353e-01 2.574304682297322788e+00 1.127139886769581878e+00 1.299149904402444156e+00 8.333333333333332871e-02 2.500000000000000000e-01 3.571428571428571230e-02 2.500000000000000000e-01 2.500000000000000000e-01 2.500000000000000000e-01 2.500000000000000000e-01 2.500000000000000000e-01 2.500000000000000000e-01 2.500000000000000000e-01 2.500000000000000000e-01
7.366617711505284438e-01 1.237323396248091401e+00 1.227571927336691182e+00 2.500000000000000000e-01 2.500000000000000000e-01 2.500000000000000000e-01 2.500000000000000000e-01 2.500000000000000000e-01 2.500000000000000000e-01 2.500000000000000000e-01 2.500000000000000000e-01 2.500000000000000000e-01 2.500000000000000000e-01 2.500000000000000000e-01 2.500000000000000000e-01
2.500000000000000000e-01 2.248139396274733137e+00 1.095006152844022029e+00 2.500000000000000000e-01 2.500000000000000000e-01 2.500000000000000000e-01 2.500000000000000000e-01 2.500000000000000000e-01 2.500000000000000000e-01 2.500000000000000000e-01 2.500000000000000000e-01 2.500000000000000000e-01 2.500000000000000000e-01 2.500000000000000000e-01 2.500000000000000000e-01
2.500000000000000000e-01 2.500000000000000000e-01 2.500000000000000000e-01 2.500000000000000000e-01 2.500000000000000000e-01 2.500000000000000000e-01 2.500000000000000000e-01 2.500000000000000000e-01 2.500000000000000000e-01 2.500000000000000000e-01 2.500000000000000000e-01 2.500000000000000000e-01 2.500000000000000000e-01 2.500000000000000000e-01 2.500000000000000000e-01
2.500000000000000000e-01 2.500000000000000000e-01 2.500000000000000000e-01 2.500000000000000000e-01 2.500000000000000000e-01 2.500000000000000000e-01 2.500000000000000000e-01 2.500000000000000000e-01 2.500000000000000000e-01 2.500000000000000000e-01 2.500000000000000000e-01 2.500000000000000000e-01 2.500000000000000000e-01 2.500000000000000000e-01 2.500000000000000000e-01
2.500000000000000000e-01 1.250000000000000000e-01 2.500000000000000000e-01 2.500000000000000000e-01 2.500000000000000000e-01 2.500000000000000000e-01 2.500000000000000000e-01 2.500000000000000000e-01 2.500000000000000000e-01 2.500000000000000000e-01 2.500000000000000000e-01 2.500000000000000000e-01 2.500000000000000000e-01 2.500000000000000000e-01 2.500000000000000000e-01
2.500000000000000000e-01 2.500000000000000000e-01 2.500000000000000000e-01 2.500000000000000000e-01 2.500000000000000000e-01 2.500000000000000000e-01 2.500000000000000000e-01 2.500000000000000000e-01 2.500000000000000000e-01 2.500000000000000000e-01 2.500000000000000000e-01 2.500000000000000000e-01 2.500000000000000000e-01 2.500000000000000000e-01 2.500000000000000000e-01
2.500000000000000000e-01 2.500000000000000000e-01 2.500000000000000000e-01 2.500000000000000000e-01 2.500000000000000000e-01 2.500000000000000000e-01 2.500000000000000000e-01 2.500000000000000000e-01 2.500000000000000000e-01 2.500000000000000000e-01 2.500000000000000000e-01 2.500000000000000000e-01 2.500000000000000000e-01 2.500000000000000000e-01 2.500000000000000000e-01
2.500000000000000000e-01 2.500000000000000000e-01 2.500000000000000000e-01 2.500000000000000000e-01 2.500000000000000000e-01 2.500000000000000000e-01 2.500000000000000000e-01 2.500000000000000000e-01 2.500000000000000000e-01 2.500000000000000000e-01 2.500000000000000000e-01 2.500000000000000000e-01 2.500000000000000000e-01 2.500000000000000000e-01 2.500000000000000000e-01
2.500000000000000000e-01 2.500000000000000000e-01 2.500000000000000000e-01 2.500000000000000000e-01 2.500000000000000000e-01 2.500000000000000000e-01 2.500000000000000000e-01 2.500000000000000000e-01 2.500000000000000000e-01 2.500000000000000000e-01 2.500000000000000000e-01 2.500000000000000000e-01 2.500000000000000000e-01 2.500000000000000000e-01 2.500000000000000000e-01
2.500000000000000000e-01 2.500000000000000000e-01 1.250000000000000000e-01 2.500000000000000000e-01 2.500000000000000000e-01 2.500000000000000000e-01 2.500000000000000000e-01 2.500000000000000000e-01 2.500000000000000000e-01 2.500000000000000000e-01 2.500000000000000000e-01 2.500000000000000000e-01 2.500000000000000000e-01 2.500000000000000000e-01 2.500000000000000000e-01
2.500000000000000000e-01 2.500000000000000000e-01 2.500000000000000000e-01 2.500000000000000000e-01 2.500000000000000000e-01 2.500000000000000000e-01 2.500000000000000000e-01 2.500000000000000000e-01 2.500000000000000000e-01 2.500000000000000000e-01 1.250000000000000000e-01 2.500000000000000000e-01 2.500000000000000000e-01 2.500000000000000000e-01 2.500000000000000000e-01
2.500000000000000000e-01 2.500000000000000000e-01 2.500000000000000000e-01 2.500000000000000000e-01 2.500000000000000000e-01 1.250000000000000000e-01 2.500000000000000000e-01 2.500000000000000000e-01 2.500000000000000000e-01 2.500000000000000000e-01 2.500000000000000000e-01 2.500000000000000000e-01 2.500000000000000000e-01 2.500000000000000000e-01 2.500000000000000000e-01
2.500000000000000000e-01 2.500000000000000000e-01 2.500000000000000000e-01 2.500000000000000000e-01 2.500000000000000000e-01 2.500000000000000000e-01 2.500000000000000000e-01 1.250000000000000000e-01 2.500000000000000000e-01 2.500000000000000000e-01 2.500000000000000000e-01 2.500000000000000000e-01 2.500000000000000000e-01 2.500000000000000000e-01 2.500000000000000000e-01
