2.500000000000000000e-01 2.500000000000000000e-01 2.500000000000000000e-01 2.500000000000000000e-01 2.500000000000000000e-01 2.500000000000000000e-01 2.500000000000000000e-01 2.500000000000000000e-01 2.500000000000000000e-01 2.500000000000000000e-01 2.500000000000000000e-01 7.340362856402243841e-01 4.825838457456397279e-01 2.500000000000000000e-01 2.500000000000000000e-01
2.500000000000000000e-01 2.500000000000000000e-01 2.500000000000000000e-01 2.500000000000000000e-01 2.500000000000000000e-01 2.500000000000000000e-01 2.500000000000000000e-01 2.500000000000000000e-01 2.500000000000000000e-01 2.500000000000000000e-01 2.500000000000000000e-01 4.252965084741338608e-01 2.500000000000000000e-01 2.500000000000000000e-01 2.956340948212954900e-01
2.500000000000000000e-01 2.245297668624293141e-01 3.338856024933249955e-01 4.413048852049841209e-01 1.430243746915907943e+00 1.054503456223207181e+00 1.248786246254257826e+00 1.230133182807945369e+00 2.500000000000000000e-01 2.500000000000000000e-01 2.500000000000000000e-01 6.011490425031880136e-01 2.500000000000000000e-01 2.500000000000000000e-01 3.250609891696167875e-01
1.251406011525540762e+00 2.500000000000000000e-01 2.500000000000000000e-01 1.050499024296356554e+00 1.793979997134040438e+00 2.500000000000000000e-01 1.540678974228427700e+00 1.656460926945400258e+00 2.311504401092475902e+00 1.874878945595607638e+00 5.755680161693406127e-01 2.500000000000000000e-01 2.500000000000000000e-01 2.500000000000000000e-01 2.500000000000000000e-01
2.500000000000000000e-01 2.439790553926106664e+00 2.809217840863329929e+00 3.191162090189666234e+00 2.803927722525679123e+00 2.243173690965002187e+00 3.320462428455738912e+00 2.268582071134371159e+00 1.488199017356095499e+00 2.242652802953373659e+00 9.182380227403593720e-01 1.098587579605595721e+00 2.500000000000000000e-01 2.500000000000000000e-01 2.500000000000000000e-01
2.615651160856454771e-01 2.047228329033076388e+00 4.570742538879867922e+00 4.149902383805653905e+00 6.398425475615883151e+00 1.716041131500063877e+00 1.901545501806708671e+00 8.013332965591589696e-01 1.346696788504644360e+00 1.707406037660571307e+00 1.606255551306642770e+00 2.500000000000000000e-01 2.500000000000000000e-01 2.500000000000000000e-01 2.955925845556095499e-01
2.500000000000000000e-01 2.052181438570505279e+00 4.342985467507312514e+00 5.012162759723734595e+00 4.438643762452029407e+00 3.828916267390047423e+00 2.239156477774430609e+00 3.889619625504452838e+00 2.413910048673037156e+00 1.951522922997183329e+00 2.795125435551928383e+00 2.500000000000000000e-01 2.500000000000000000e-01 2.500000000000000000e-01 2.500000000000000000e-01
8.809441454791713255e-01 2.336950501101556998e+00 4.290368301391940697e+00 5.431869157682066351e+00 5.858682916219501102e+00 2.466400705026408069e+00 1.645928296694048276e+00 9.458292564223041987e-01 1.756044695864133809e+00 2.489108683657787591e+00 2.500000000000000000e-01 2.500000000000000000e-01 2.500000000000000000e-01 2.500000000000000000e-01 4.426235878057259709e-01
5.281340809677923964e+00 4.764859010727570343e+00 4.675570048726626737e+00 5.408843065638667014e+00 2.675564456095347321e+00 4.858906935565372898e+00 1.722438154838031865e+00 9.794888374909156425e-01 1.584742744633583333e+00 1.280316146262348020e+00 2.500000000000000000e-01 1.891031900231758156e+00 2.500000000000000000e-01 2.500000000000000000e-01 2.500000000000000000e-01
4.768228980920503624e+00 3.272530135630326242e+00 5.625017142258609937e+00 6.503140740292294275e+00 4.741863934148552673e+00 5.687388921530490471e+00 1.870458326921983216e+00 8.333333333333332871e-02 9.691188519250745204e-01 5.863743013728628384e-01 8.293133663443930104e-01 3.203098834261723038e+00 2.500000000000000000e-01 2.500000000000000000e-01 2.500000000000000000e-01
2.404356932573395333e+00 4.265813697207871513e+00 4.354407769826897479e+00 3.574396967554004600e+00 2.500000000000000000e-01 1.791573415624088339e+00 1.338562534404949433e+00 4.768803391910895750e-01 5.025571910135140374e-01 5.545778744793818937e-01 3.789916395563398321e+00 4.137233208347696589e+00 2.500000000000000000e-01 2.500000000000000000e-01 2.500000000000000000e-01
2.503038539047496069e+00 3.828541984473629700e+00 3.986162924034241772e+00 3.413466532321830726e+00 4.882163020108901463e+00 6.546884008350035700e-01 4.032928364551927380e+00 5.770530981471739373e+00 2.500000000000000000e-01 2.500000000000000000e-01 2.500000000000000000e-01 2.500000000000000000e-01 2.500000000000000000e-01 2.500000000000000000e-01 2.500000000000000000e-01
2.349102570185857441e+00 1.798937282986279751e+00 2.673908357267102076e+00 1.985346461021373798e+00 1.190743105665389878e+00 2.592282350565386917e+00 2.463179682831310391e+00 1.370612212862862611e+00 2.500000000000000000e-01 2.500000000000000000e-01 2.500000000000000000e-01 2.500000000000000000e-01 2.500000000000000000e-01 2.500000000000000000e-01 2.500000000000000000e-01
1.876390877135990509e+00 2.837771013506135365e+00 4.540839775724212934e+00 1.267201856626707812e+00 1.899618828138809334e+00 1.198879196810663572e+00 2.201145179169063493e+00 2.500000000000000000e-01 2.500000000000000000e-01 2.500000000000000000e-01 2.500000000000000000e-01 2.500000000000000000e-01 2.500000000000000000e-01 2.500000000000000000e-01 1.402869832478951917e+00
1.384803840598169300e+00 2.426956264759176918e+00 4.878995837627809196e-01 2.728081726245735084e+00 2.172324970414116319e+00 2.500000000000000000e-01 2.384210693538529602e-01 2.500000000000000000e-01 2.500000000000000000e-01 2.500000000000000000e-01 2.500000000000000000e-01 2.500000000000000000e-01 2.500000000000000000e-01 2.500000000000000000e-01 2.066280184142200049e+00
1.689638002308141873e+00 2.242443594991376354e+00 1.208148714079525510e-01 2.500000000000000000e-01 2.500000000000000000e-01 2.500000000000000000e-01 2.500000000000000000e-01 2.500000000000000000e-01 2.500000000000000000e-01 2.500000000000000000e-01 2.500000000000000000e-01 2.500000000000000000e-01 2.500000000000000000e-01 2.500000000000000000e-01 2.500000000000000000e-01
2.057332820563486209e+00 2.285056514111718950e+00 2.500000000000000000e-01 2.500000000000000000e-01 2.500000000000000000e-01 2.500000000000000000e-01 2.500000000000000000e-01 2.500000000000000000e-01 2.500000000000000000e-01 2.500000000000000000e-01 2.500000000000000000e-01 2.500000000000000000e-01 2.500000000000000000e-01 2.500000000000000000e-01 2.500000000000000000e-01
2.500000000000000000e-01 2.763216282955152980e+00 2.500000000000000000e-01 2.500000000000000000e-01 2.500000000000000000e-01 2.500000000000000000e-01 2.500000000000000000e-01 2.500000000000000000e-01 2.500000000000000000e-01 2.500000000000000000e-01 2.500000000000000000e-01 2.500000000000000000e-01 2.500000000000000000e-01 2.500000000000000000e-01 2.500000000000000000e-01
2.500000000000000000e-01 2.500000000000000000e-01 2.500000000000000000e-01 2.500000000000000000e-01 2.500000000000000000e-01 2.500000000000000000e-01 2.500000000000000000e-01 2.500000000000000000e-01 2.500000000000000000e-01 2.500000000000000000e-01 2.500000000000000000e-01 2.500000000000000000e-01 2.500000000000000000e-01 2.500000000000000000e-01 2.500000000000000000e-01
2.500000000000000000e-01 2.500000000000000000e-01 2.500000000000000000e-01 2.500000000000000000e-01 2.500000000000000000e-01 2.500000000000000000e-01 2.500000000000000000e-01 2.500000000000000000e-01 2.500000000000000000e-01 2.500000000000000000e-01 2.500000000000000000e-01 2.500000000000000000e-01 2.500000000000000000e-01 2.500000000000000000e-01 2.500000000000000000e-01
2.500000000000000000e-01 2.500000000000000000e-01 2.500000000000000000e-01 2.500000000000000000e-01 2.500000000000000000e-01 2.500000000000000000e-01 2.500000000000000000e-01 2.500000000000000000e-01 2.500000000000000000e-01 2.500000000000000000e-01 2.500000000000000000e-01 2.500000000000000000e-01 2.500000000000000000e-01 2.500000000000000000e-01 2.500000000000000000e-01
2.500000000000000000e-01 2.500000000000000000e-01 2.500000000000000000e-01 2.500000000000000000e-01 2.500000000000000000e-01 2.500000000000000000e-01 2.500000000000000000e-01 2.500000000000000000e-01 2.500000000000000000e-01 2.500000000000000000e-01 2.500000000000000000e-01 2.500000000000000000e-01 2.500000000000000000e-01 2.500000000000000000e-01 2.500000000000000000e-01
2.500000000000000000e-01 2.500000000000000000e-01 2.500000000000000000e-01 2.500000000000000000e-01 2.500000000000000000e-01 2.500000000000000000e-01 2.500000000000000000e-01 2.500000000000000000e-01 2.500000000000000000e-01 2.500000000000000000e-01 2.500000000000000000e-01 2.500000000000000000e-01 2.500000000000000000e-01 2.500000000000000000e-01 2.500000000000000000e-01
2.500000000000000000e-01 2.500000000000000000e-01 2.500000000000000000e-01 2.500000000000000000e-01 2.500000000000000000e-01 2.500000000000000000e-01 2.500000000000000000e-01 2.500000000000000000e-01 2.500000000000000000e-01 2.500000000000000000e-01 2.500000000000000000e-01 2.500000000000000000e-01 2.500000000000000000e-01 2.500000000000000000e-01 2.500000000000000000e-01
2.500000000000000000e-01 2.500000000000000000e-01 2.500000000000000000e-01 2.500000000000000000e-01 2.500000000000000000e-01 2.500000000000000000e-01 2.500000000000000000e-01 2.500000000000000000e-01 2.500000000000000000e-01 2.500000000000000000e-01 2.500000000000000000e-01 2.500000000000000000e-01 2.500000000000000000e-01 2.500000000000000000e-01 2.500000000000000000e-01
2.500000000000000000e-01 2.500000000000000000e-01 2.500000000000000000e-01 2.500000000000000000e-01 2.500000000000000000e-01 2.500000000000000000e-01 2.500000000000000000e-01 2.500000000000000000e-01 2.500000000000000000e-01 2.500000000000000000e-01 2.500000000000000000e-01 2.500000000000000000e-01 2.500000000000000000e-01 2.500000000000000000e-01 2.500000000000000000e-01
2.500000000000000000e-01 2.500000000000000000e-01 2.500000000000000000e-01 2.500000000000000000e-01 2.500000000000000000e-01 2.500000000000000000e-01 2.500000000000000000e-01 2.500000000000000000e-01 2.500000000000000000e-01 2.500000000000000000e-01 2.500000000000000000e-01 2.500000000000000000e-01 2.500000000000000000e-01 2.500000000000000000e-01 2.500000000000000000e-01
2.500000000000000000e-01 2.500000000000000000e-01 2.500000000000000000e-01 2.500000000000000000e-01 2.500000000000000000e-01 2.500000000000000000e-01 2.500000000000000000e-01 2.500000000000000000e-01 2.500000000000000000e-01 2.500000000000000000e-01 2.500000000000000000e-01 2.500000000000000000e-01 2.500000000000000000e-01 2.500000000000000000e-01 2.500000000000000000e-01
2.500000000000000000e-01 2.500000000000000000e-01 2.500000000000000000e-01 2.500000000000000000e-01 2.500000000000000000e-01 2.500000000000000000e-01 2.500000000000000000e-01 2.500000000000000000e-01 2.500000000000000000e-01 2.500000000000000000e-01 2.500000000000000000e-01 2.500000000000000000e-01 2.500000000000000000e-01 2.500000000000000000e-01 2.500000000000000000e-01
2.500000000000000000e-01 2.500000000000000000e-01 2.500000000000000000e-01 2.500000000000000000e-01 2.500000000000000000e-01 2.500000000000000000e-01 2.500000000000000000e-01 2.500000000000000000e-01 2.500000000000000000e-01 2.500000000000000000e-01 2.500000000000000000e-01 2.500000000000000000e-01 2.500000000000000000e-01 2.500000000000000000e-01 2.500000000000000000e-01
