1.665299892425537109e+00
3.323205709457397461e+00
1.232550859451293945e+00
3.572556495666503906e+00
7.247600555419921875e+00
6.157951831817626953e+00
6.226193428039550781e+00
5.540986061096191406e+00
3.736500978469848633e+00
6.871342182159423828e+00
2.314885520935058594e+01
2.120260047912597656e+01
2.318868827819824219e+01
3.122171974182128906e+01
1.900139999389648438e+01
2.996665000915527344e+01
2.589310264587402344e+01
2.005027770996093750e+01
2.077394866943359375e+01
2.506293678283691406e+01
6.106379508972167969e+00
3.072007894515991211e+00
3.468362808227539062e+00
6.369397163391113281e+00
2.458816289901733398e+00
4.011295795440673828e+00
9.857507348060607910e-01
2.002129173278808594e+01
5.722778320312500000e+00
4.399161815643310547e+00
1.137255072593688965e+00
2.363343954086303711e+00
2.433540153503417969e+01
2.835345745086669922e+00
2.255828475952148438e+01
2.721551704406738281e+01
3.615987014770507812e+01
3.410257720947265625e+01
2.221943473815917969e+01
3.062893104553222656e+01
2.637479782104492188e+01
2.996214485168457031e+01
3.640371704101562500e+01
3.054482078552246094e+01
3.270294952392578125e+01
3.879272842407226562e+01
3.986149215698242188e+01
3.133058357238769531e+01
3.454080963134765625e+01
3.584160995483398438e+01
3.024257087707519531e+01
3.082710266113281250e+01
3.673378372192382812e+01
3.825286865234375000e+01
3.665857315063476562e+01
2.025231170654296875e+01
3.186798095703125000e+01
3.291640090942382812e+01
3.155584335327148438e+00
1.733327627182006836e+00
2.519373416900634766e+00
2.770397663116455078e+00
2.342101335525512695e+00
3.571228504180908203e+00
2.589450836181640625e+01
2.267362976074218750e+01
2.548092460632324219e+01
2.392788124084472656e+01
2.378667068481445312e+01
3.470915603637695312e+01
4.243095397949218750e+01
3.677635192871093750e+01
2.026428604125976562e+01
3.319302368164062500e+01
3.990967559814453125e+01
3.025221443176269531e+01
2.825626373291015625e+01
2.104166603088378906e+01
3.436428451538085938e+01
4.883388042449951172e+00
9.590112686157226562e+00
1.000875663757324219e+01
9.064744949340820312e+00
1.663975119590759277e+00
7.528549432754516602e-01
5.679699897766113281e+00
1.068687200546264648e+00
1.839804053306579590e+00
2.158000469207763672e+00
6.941981315612792969e-01
1.965545463562011719e+01
1.859716987609863281e+01
7.791290283203125000e+00
2.556054878234863281e+01
3.009481811523437500e+01
2.152152061462402344e+01
2.149332618713378906e+01
2.476837730407714844e+01
2.928234100341796875e+01
4.015290451049804688e+01
4.040736007690429688e+01
2.235849189758300781e+01
2.566909027099609375e+01
2.933831977844238281e+01
3.604539489746093750e+01
4.346697998046875000e+01
4.261097335815429688e+01
3.707254791259765625e+01
1.723660850524902344e+01
2.326892471313476562e+01
2.517571640014648438e+01
3.741051483154296875e+01
4.242891311645507812e+01
4.393448638916015625e+01
2.685602188110351562e+01
2.870650100708007812e+01
4.035711765289306641e+00
5.115046977996826172e+00
4.143091678619384766e+00
6.111539840698242188e+00
4.826311111450195312e+00
5.816917896270751953e+00
1.298786067962646484e+01
8.847242355346679688e+00
9.671835899353027344e+00
1.077056789398193359e+01
7.302293777465820312e+00
1.253323554992675781e+01
1.083400058746337891e+01
1.110144996643066406e+01
7.949036121368408203e+00
9.597350120544433594e+00
8.058359146118164062e+00
8.199481010437011719e+00
7.595467090606689453e+00
1.515234231948852539e+00
1.462920546531677246e+00
3.044729423522949219e+01
2.506386375427246094e+01
2.132196044921875000e+01
3.138932228088378906e+01
2.948888206481933594e+01
2.386573219299316406e+01
2.475560951232910156e+01
2.304223442077636719e+01
3.150553512573242188e+01
2.803198814392089844e+01
2.610543823242187500e+01
2.455228996276855469e+01
2.165886497497558594e+01
2.399603462219238281e+01
3.046213531494140625e+01
2.888570213317871094e+01
2.572760581970214844e+01
2.183999443054199219e+01
2.337319374084472656e+01
8.131319999694824219e+00
4.653535366058349609e+00
4.665055751800537109e+00
7.322023868560791016e+00
6.038308620452880859e+00
1.680765151977539062e+01
3.335408210754394531e+00
9.117636680603027344e+00
1.147870159149169922e+01
1.277504158020019531e+01
8.216504096984863281e+00
1.112342739105224609e+01
1.047554016113281250e+01
2.725924491882324219e+01
2.387098503112792969e+01
2.344547653198242188e+01
2.034093093872070312e+01
2.141754722595214844e+01
1.507850170135498047e+01
4.599209785461425781e+00
5.348700046539306641e+00
4.775852203369140625e+00
2.064142942428588867e+00
6.724884510040283203e+00
6.714167118072509766e+00
7.078407764434814453e+00
2.177195167541503906e+01
