2.500000000000000000e-01 2.500000000000000000e-01 2.500000000000000000e-01 2.500000000000000000e-01 2.500000000000000000e-01 2.500000000000000000e-01 2.500000000000000000e-01 1.250000000000000000e-01 2.500000000000000000e-01 2.500000000000000000e-01 1.250000000000000000e-01 2.500000000000000000e-01 1.250000000000000000e-01 2.500000000000000000e-01 2.500000000000000000e-01
2.500000000000000000e-01 2.500000000000000000e-01 1.250000000000000000e-01 2.500000000000000000e-01 2.500000000000000000e-01 2.500000000000000000e-01 8.103548791398408335e-01 2.500000000000000000e-01 8.106938920030282159e-01 2.500000000000000000e-01 2.500095625724788051e-01 6.250000000000000000e-02 2.500000000000000000e-01 2.500000000000000000e-01 2.500000000000000000e-01
2.500000000000000000e-01 2.500000000000000000e-01 2.500000000000000000e-01 8.223258331643526375e+00 5.776915852505863924e-01 7.641959636947582846e-01 1.250000000000000000e-01 1.263663872994574833e+00 5.000000000000000278e-02 2.471259947282710145e-01 2.500000000000000000e-01 6.903598699256427995e-01 2.500000000000000000e-01 2.500000000000000000e-01 2.500000000000000000e-01
2.500000000000000000e-01 9.751257093117898123e+00 5.564951088397928736e+00 4.519419245217156877e+00 2.492537713487002815e+00 9.266624574166159034e-01 1.157439626069111993e+00 4.927396196590720368e-01 3.754915548346609011e-01 9.872637823774470522e-01 1.250000000000000000e-01 2.336538038952685470e-01 6.181779619862824982e-01 2.500000000000000000e-01 2.500000000000000000e-01
2.500000000000000000e-01 3.502046537973778406e+00 5.559216841232794692e+00 5.404690030069759565e+00 4.526847447925133494e+00 1.090188446286334933e+00 1.184689707423922433e+00 5.591414740963993601e-01 8.261447100581928993e-01 1.470990199973737145e+00 1.612459171821801318e+00 8.030155009123178811e-01 2.500000000000000000e-01 2.500000000000000000e-01 8.708415013396754389e+00
2.724954552377768735e+00 4.904942151588418398e+00 4.624130987149746908e+00 7.347369163423296712e+00 2.101568062397013215e+00 9.467187570728615720e-01 9.852158473974153008e-01 1.655989527259200234e+00 2.585097349824973634e+00 2.396631528209372863e+00 1.272309089191065556e+00 1.794498376977011089e+00 2.500000000000000000e-01 2.500000000000000000e-01 2.500000000000000000e-01
6.794156348581577021e+00 5.149385755984095425e+00 4.983325276158107719e+00 5.357417500553431466e+00 2.852399063945190605e+00 1.067465011277196618e+00 2.982649794760896533e+00 5.517464389545998493e-01 4.321845827627808778e-01 2.216343186304957635e-01 2.041521992904715699e+00 3.788282546421313235e-01 2.500000000000000000e-01 2.500000000000000000e-01 7.325807592870917873e+00
6.244802028728389409e+00 5.392410333390964539e+00 5.775919664192902481e+00 5.508388932451428133e+00 4.352291647135754893e+00 1.544504682148118535e+00 1.015818786918301520e+00 1.250000000000000000e-01 1.790651393730959606e+00 1.686710652182203951e+00 4.166666666666666435e-02 3.125000000000000000e-02 4.166666666666666435e-02 2.500000000000000000e-01 2.500000000000000000e-01
5.782391038110990422e+00 6.201661827709727071e+00 6.233176194830421402e+00 3.814349762886688477e+00 1.949612058559957672e+00 2.846798678876391042e-01 1.867700704287300617e+00 1.750373826656570930e+00 1.766843170047612377e+00 1.460768044948467459e+00 5.000000000000000278e-02 8.333333333333332871e-02 8.333333333333332871e-02 2.500000000000000000e-01 6.765956088947500113e+00
7.267816861115107940e+00 3.046755962655377292e+00 5.650040470317488683e+00 3.654359043389502570e+00 7.352027854619149760e-01 2.740541929751838524e-01 8.949449337743788924e-01 1.019301874921457296e+00 4.991105763120161076e-01 1.139240757053923359e+00 1.250000000000000000e-01 6.250000000000000000e-02 2.500000000000000000e-01 2.500000000000000000e-01 2.500000000000000000e-01
8.000758899952488790e+00 3.686317653426822272e+00 4.663379451559116262e+00 7.512865017911672938e-01 8.770471855852640664e-01 8.064516129032257841e-03 1.450688917921702514e-01 4.166666666666666435e-02 1.250000000000000000e-01 1.784255136271815090e+00 1.441095802976336770e+00 2.500000000000000000e-01 2.500000000000000000e-01 2.500000000000000000e-01 4.012395166425282156e+00
6.495554568252434713e+00 4.808688785104618724e+00 4.710816793846979600e+00 1.230395950903218072e+00 3.571428571428571230e-02 5.683907969559540696e-01 1.316934168964382756e+00 2.500000000000000000e-01 2.500000000000000000e-01 2.500000000000000000e-01 2.500000000000000000e-01 2.500000000000000000e-01 2.500000000000000000e-01 2.500000000000000000e-01 2.500000000000000000e-01
6.414882571536677958e+00 5.253067080742865436e+00 2.874908519392429085e+00 8.652155730064320371e-01 1.923076923076923184e-02 1.250000000000000000e-01 1.250000000000000000e-01 2.500000000000000000e-01 2.500000000000000000e-01 2.500000000000000000e-01 2.500000000000000000e-01 2.500000000000000000e-01 2.500000000000000000e-01 2.500000000000000000e-01 2.500000000000000000e-01
4.466291921522363317e+00 3.878246313017797320e+00 3.833552282631764729e+00 8.085212577416531765e-01 8.928571428571428076e-03 5.000000000000000278e-02 2.500000000000000000e-01 2.500000000000000000e-01 2.500000000000000000e-01 2.500000000000000000e-01 2.500000000000000000e-01 2.500000000000000000e-01 2.500000000000000000e-01 2.500000000000000000e-01 4.085887803642934024e+00
2.500000000000000000e-01 6.355357976921673036e+00 2.232953605152393717e+00 8.333333333333332871e-02 1.190476190476190410e-02 1.250000000000000000e-01 2.500000000000000000e-01 2.500000000000000000e-01 2.500000000000000000e-01 2.500000000000000000e-01 2.500000000000000000e-01 2.500000000000000000e-01 2.500000000000000000e-01 2.500000000000000000e-01 2.500000000000000000e-01
3.999377434738726755e+00 6.023072368811527966e+00 3.558652783356902827e+00 2.500000000000000000e-01 2.500000000000000000e-01 2.500000000000000000e-01 2.500000000000000000e-01 2.500000000000000000e-01 2.500000000000000000e-01 2.500000000000000000e-01 2.500000000000000000e-01 2.500000000000000000e-01 2.500000000000000000e-01 2.500000000000000000e-01 2.500000000000000000e-01
4.744642238260431633e+00 4.248185354671181635e+00 3.347739046073380909e+00 2.500000000000000000e-01 2.500000000000000000e-01 2.500000000000000000e-01 2.500000000000000000e-01 2.500000000000000000e-01 2.500000000000000000e-01 2.500000000000000000e-01 2.500000000000000000e-01 2.500000000000000000e-01 2.500000000000000000e-01 2.500000000000000000e-01 2.500000000000000000e-01
2.108179458838914666e+00 2.500000000000000000e-01 1.691644422680958604e+00 2.500000000000000000e-01 2.500000000000000000e-01 2.500000000000000000e-01 2.500000000000000000e-01 2.500000000000000000e-01 2.500000000000000000e-01 2.500000000000000000e-01 2.500000000000000000e-01 2.500000000000000000e-01 2.500000000000000000e-01 2.500000000000000000e-01 2.500000000000000000e-01
2.080449944501658432e+00 2.500000000000000000e-01 8.333333333333332871e-02 2.500000000000000000e-01 2.500000000000000000e-01 2.500000000000000000e-01 2.500000000000000000e-01 2.500000000000000000e-01 2.500000000000000000e-01 2.500000000000000000e-01 2.500000000000000000e-01 2.500000000000000000e-01 2.500000000000000000e-01 2.500000000000000000e-01 2.500000000000000000e-01
2.500000000000000000e-01 2.500000000000000000e-01 1.250000000000000000e-01 2.500000000000000000e-01 2.500000000000000000e-01 2.500000000000000000e-01 2.500000000000000000e-01 2.500000000000000000e-01 2.500000000000000000e-01 2.500000000000000000e-01 2.500000000000000000e-01 2.500000000000000000e-01 2.500000000000000000e-01 2.500000000000000000e-01 2.500000000000000000e-01
2.500000000000000000e-01 2.500000000000000000e-01 2.500000000000000000e-01 2.500000000000000000e-01 2.500000000000000000e-01 2.500000000000000000e-01 2.500000000000000000e-01 2.500000000000000000e-01 2.500000000000000000e-01 2.500000000000000000e-01 2.500000000000000000e-01 2.500000000000000000e-01 2.500000000000000000e-01 2.500000000000000000e-01 2.500000000000000000e-01
2.500000000000000000e-01 2.500000000000000000e-01 2.500000000000000000e-01 2.500000000000000000e-01 2.500000000000000000e-01 2.500000000000000000e-01 2.500000000000000000e-01 2.500000000000000000e-01 2.500000000000000000e-01 2.500000000000000000e-01 2.500000000000000000e-01 2.500000000000000000e-01 2.500000000000000000e-01 2.500000000000000000e-01 2.500000000000000000e-01
2.500000000000000000e-01 2.500000000000000000e-01 2.500000000000000000e-01 2.500000000000000000e-01 2.500000000000000000e-01 2.500000000000000000e-01 2.500000000000000000e-01 2.500000000000000000e-01 2.500000000000000000e-01 2.500000000000000000e-01 2.500000000000000000e-01 2.500000000000000000e-01 2.500000000000000000e-01 2.500000000000000000e-01 2.500000000000000000e-01
2.500000000000000000e-01 2.500000000000000000e-01 2.500000000000000000e-01 2.500000000000000000e-01 2.500000000000000000e-01 1.250000000000000000e-01 2.500000000000000000e-01 2.500000000000000000e-01 2.500000000000000000e-01 2.500000000000000000e-01 2.500000000000000000e-01 2.500000000000000000e-01 2.500000000000000000e-01 2.500000000000000000e-01 2.500000000000000000e-01
2.500000000000000000e-01 2.500000000000000000e-01 2.500000000000000000e-01 2.500000000000000000e-01 2.500000000000000000e-01 2.500000000000000000e-01 2.500000000000000000e-01 2.500000000000000000e-01 2.500000000000000000e-01 2.500000000000000000e-01 2.500000000000000000e-01 2.500000000000000000e-01 2.500000000000000000e-01 2.500000000000000000e-01 2.500000000000000000e-01
2.500000000000000000e-01 2.500000000000000000e-01 2.500000000000000000e-01 2.500000000000000000e-01 2.500000000000000000e-01 2.500000000000000000e-01 2.500000000000000000e-01 2.500000000000000000e-01 2.500000000000000000e-01 2.500000000000000000e-01 2.500000000000000000e-01 2.500000000000000000e-01 2.500000000000000000e-01 2.500000000000000000e-01 2.500000000000000000e-01
2.500000000000000000e-01 2.500000000000000000e-01 2.500000000000000000e-01 2.500000000000000000e-01 2.500000000000000000e-01 2.500000000000000000e-01 2.500000000000000000e-01 2.500000000000000000e-01 2.500000000000000000e-01 2.500000000000000000e-01 2.500000000000000000e-01 2.500000000000000000e-01 2.500000000000000000e-01 2.500000000000000000e-01 2.500000000000000000e-01
2.500000000000000000e-01 2.500000000000000000e-01 2.500000000000000000e-01 2.500000000000000000e-01 2.500000000000000000e-01 1.250000000000000000e-01 2.500000000000000000e-01 2.500000000000000000e-01 2.500000000000000000e-01 2.500000000000000000e-01 2.500000000000000000e-01 2.500000000000000000e-01 2.500000000000000000e-01 2.500000000000000000e-01 2.500000000000000000e-01
2.500000000000000000e-01 2.500000000000000000e-01 2.500000000000000000e-01 1.250000000000000000e-01 2.500000000000000000e-01 1.250000000000000000e-01 2.500000000000000000e-01 2.500000000000000000e-01 2.500000000000000000e-01 2.500000000000000000e-01 2.500000000000000000e-01 2.500000000000000000e-01 2.500000000000000000e-01 2.500000000000000000e-01 2.500000000000000000e-01
1.250000000000000000e-01 2.500000000000000000e-01 2.500000000000000000e-01 2.500000000000000000e-01 2.500000000000000000e-01 2.500000000000000000e-01 2.500000000000000000e-01 4.954652418822412252e-01 2.500000000000000000e-01 1.250000000000000000e-01 2.500000000000000000e-01 2.500000000000000000e-01 2.500000000000000000e-01 2.500000000000000000e-01 2.500000000000000000e-01
