5.004688262939453125e+00
2.711048126220703125e+00
1.226955318450927734e+01
1.297766876220703125e+01
2.626135110855102539e+00
5.753341674804687500e+00
9.917942047119140625e+00
4.665726184844970703e+00
1.655721068382263184e+00
8.791859626770019531e+00
1.094916152954101562e+01
1.590389013290405273e+00
1.033877468109130859e+01
1.063702011108398438e+01
4.842581272125244141e+00
1.027272033691406250e+01
1.099339127540588379e+00
4.620110034942626953e+00
4.022240638732910156e+00
2.099307537078857422e+00
1.181122112274169922e+01
1.176593589782714844e+01
1.486306190490722656e+00
5.075286865234375000e+00
5.776117801666259766e+00
1.297700405120849609e+01
5.923397064208984375e+00
7.933260440826416016e+00
4.782445430755615234e+00
1.806262779235839844e+01
1.409164905548095703e+01
3.113653421401977539e+00
2.401753616333007812e+01
2.350951957702636719e+01
1.326855850219726562e+01
2.033156204223632812e+01
1.320223903656005859e+01
3.131595993041992188e+01
1.803839492797851562e+01
9.449295043945312500e+00
1.548131465911865234e+01
1.664799499511718750e+01
3.252230072021484375e+01
1.775349617004394531e+01
1.178197574615478516e+01
1.865871810913085938e+01
2.709150314331054688e+01
2.318919181823730469e+01
1.612685966491699219e+01
1.260447311401367188e+01
1.719203376770019531e+01
2.717890548706054688e+01
1.312080264091491699e+00
1.713197708129882812e+01
9.843548774719238281e+00
9.241484642028808594e+00
2.507053184509277344e+01
3.062213659286499023e+00
1.197174787521362305e+00
1.464241981506347656e+01
7.954872608184814453e+00
1.863237380981445312e+01
2.622064590454101562e+01
2.397746324539184570e+00
1.330650806427001953e+01
1.697403526306152344e+01
1.746645927429199219e+01
1.271855640411376953e+01
3.252027034759521484e+00
3.340882301330566406e+00
3.515763759613037109e+00
1.208932113647460938e+01
2.206892013549804688e+01
2.780806779861450195e+00
2.838789176940917969e+01
2.413661003112792969e+01
2.858231163024902344e+01
2.559540987014770508e+00
2.375670051574707031e+01
1.522096514701843262e+00
1.423082542419433594e+01
2.245473670959472656e+01
2.372021865844726562e+01
1.483594417572021484e+01
9.452582359313964844e+00
3.086346864700317383e+00
2.389026451110839844e+01
7.607296466827392578e+00
1.902704238891601562e+01
3.729356288909912109e+00
1.092206668853759766e+01
7.303283214569091797e+00
2.350888824462890625e+01
1.917311477661132812e+01
3.912557601928710938e+00
5.698140621185302734e+00
2.472660636901855469e+01
1.944168472290039062e+01
4.143061637878417969e+00
5.644916057586669922e+00
2.217003059387207031e+01
1.885068702697753906e+01
7.901391029357910156e+00
6.683556556701660156e+00
3.270752191543579102e+00
1.581727147102355957e+00
5.156943798065185547e+00
4.226061820983886719e+00
4.502835273742675781e+00
9.374106407165527344e+00
2.371143913269042969e+01
2.486038208007812500e+01
9.370539665222167969e+00
1.813848686218261719e+01
1.521653175354003906e+01
2.367834091186523438e+01
8.223416328430175781e+00
1.552514171600341797e+01
6.368413925170898438e+00
8.666823387145996094e+00
1.259709930419921875e+01
1.525541496276855469e+01
1.359486198425292969e+01
1.542967796325683594e+01
1.251320362091064453e+01
1.189059829711914062e+01
1.206983566284179688e+01
1.113435935974121094e+01
1.174004173278808594e+01
1.345156955718994141e+01
9.464918136596679688e+00
1.021036434173583984e+01
6.500704288482666016e+00
1.050783038139343262e+00
1.158134460449218750e+01
8.467165946960449219e+00
9.756759643554687500e+00
1.236237239837646484e+01
9.167877197265625000e+00
6.426290988922119141e+00
3.593841791152954102e+00
7.473090648651123047e+00
8.449967384338378906e+00
8.301070213317871094e+00
1.882965469360351562e+01
3.519003152847290039e+00
6.750186443328857422e+00
1.095520591735839844e+01
1.160210990905761719e+01
3.415416717529296875e+00
1.862951850891113281e+01
1.627984619140625000e+01
1.278585529327392578e+01
6.051030635833740234e+00
1.058003711700439453e+01
1.096834278106689453e+01
1.718075180053710938e+01
1.381955242156982422e+01
6.907552719116210938e+00
6.687031269073486328e+00
1.739641952514648438e+01
9.365803718566894531e+00
1.097253131866455078e+01
8.674602508544921875e+00
2.050581932067871094e+01
9.881406784057617188e+00
2.238227272033691406e+01
1.445864868164062500e+01
9.480112046003341675e-02
2.089575004577636719e+01
2.097915077209472656e+01
1.286946678161621094e+01
1.185140800476074219e+01
6.988328933715820312e+00
2.131718635559082031e+01
1.955362129211425781e+01
1.140522670745849609e+01
2.616618156433105469e+00
7.947790622711181641e+00
8.898482322692871094e+00
1.232731628417968750e+01
2.073076248168945312e+01
2.116991615295410156e+01
5.509745121002197266e+00
5.206773757934570312e+00
4.999494552612304688e+00
7.095106124877929688e+00
1.540322780609130859e+01
5.916238784790039062e+00
7.644923210144042969e+00
1.566385746002197266e+01
1.793350601196289062e+01
9.955544471740722656e+00
8.088259696960449219e+00
1.179447650909423828e+01
1.253966522216796875e+01
1.894004440307617188e+01
1.236410045623779297e+01
7.277431964874267578e+00
9.955877304077148438e+00
1.072537326812744141e+01
1.948000907897949219e+01
1.542969322204589844e+01
3.971000909805297852e+00
9.188134193420410156e+00
5.370481491088867188e+00
1.389027309417724609e+01
8.492016792297363281e+00
2.636463737487792969e+01
1.628312492370605469e+01
3.583931446075439453e+00
1.053954505920410156e+01
1.802336502075195312e+01
1.529017162322998047e+01
7.278713703155517578e+00
2.970231056213378906e+01
3.068975067138671875e+01
9.130275726318359375e+00
1.913028907775878906e+01
8.079272270202636719e+00
2.037853622436523438e+01
2.020165824890136719e+01
1.456538295745849609e+01
3.232484054565429688e+01
6.626723289489746094e+00
5.717574119567871094e+00
1.502840805053710938e+01
2.418694496154785156e+00
3.243389511108398438e+01
1.596419143676757812e+01
3.004908180236816406e+01
1.498328113555908203e+01
1.931259346008300781e+01
1.618131065368652344e+01
3.320745086669921875e+01
2.494475173950195312e+01
2.025584030151367188e+01
2.170634460449218750e+01
1.821979331970214844e+01
3.016011619567871094e+01
4.998080730438232422e+00
1.374723720550537109e+01
1.528824615478515625e+01
2.539076805114746094e-01
1.322934627532958984e+01
2.312074279785156250e+01
5.046611309051513672e+00
9.812875747680664062e+00
1.253225612640380859e+01
1.089265346527099609e+01
9.201492309570312500e+00
6.958124637603759766e+00
1.661442184448242188e+01
2.310545158386230469e+01
1.128503990173339844e+01
1.033838844299316406e+01
1.286896038055419922e+01
7.766429901123046875e+00
7.208669662475585938e+00
1.272618961334228516e+01
1.838207626342773438e+01
6.719312191009521484e+00
1.044564819335937500e+01
2.336704015731811523e+00
7.115950584411621094e+00
8.440398216247558594e+00
8.408848762512207031e+00
2.757915496826171875e+00
6.183539390563964844e+00
1.983725666999816895e+00
7.742293357849121094e+00
1.761047935485839844e+01
2.044626998901367188e+01
5.953448295593261719e+00
5.357271194458007812e+00
2.497088241577148438e+01
2.278548049926757812e+01
3.462071990966796875e+01
3.469156646728515625e+01
8.189799308776855469e+00
2.643387031555175781e+01
2.713808822631835938e+01
1.169757270812988281e+01
3.199819564819335938e+01
3.480127716064453125e+01
1.428464984893798828e+01
3.135171127319335938e+01
2.735908126831054688e+01
1.172454738616943359e+01
3.107616615295410156e+01
1.886782455444335938e+01
2.016998672485351562e+01
3.001578330993652344e+01
1.282312679290771484e+01
2.987726402282714844e+01
1.253858184814453125e+01
3.180955123901367188e+01
4.957871913909912109e+00
4.690671920776367188e+00
1.461904525756835938e+01
1.196505832672119141e+01
2.573097991943359375e+01
1.262594985961914062e+01
3.134353256225585938e+01
5.691700935363769531e+00
1.333312797546386719e+01
9.546128273010253906e+00
1.051976585388183594e+01
1.015150356292724609e+01
2.891045951843261719e+01
4.245528221130371094e+00
7.539299964904785156e+00
2.883676253259181976e-02
5.631670475006103516e+00
