7.035850595609070002e-01 7.459915189868382424e-01 -4.272060525322854962e-01 3.013793933189787277e-02 -5.251835398445223735e-01 -2.961415776520498477e-01 -9.644083213324325388e-02 -1.881636674242418428e+00 -7.725826579179698728e-01 7.226261014084591761e-01
7.038760248876272385e-01 7.451240863627688338e-01 -4.272007475181477942e-01 -6.542075666831148606e-02 -1.691178429010549711e-01 -1.688970743685886955e-01 -5.047188543422249929e-02 -6.039218952685971864e-01 -9.882022341239193874e-02 5.953882825791931843e-01
7.041117201302393713e-01 7.447630514267999935e-01 -4.269918404045257021e-01 -1.114336328973702661e-01 -3.516813563853647961e-01 -3.183582408612166126e-01 5.828740475051716330e-02 -1.652567961243342376e+00 1.267101970823054924e-01 5.333110416726379865e-01
7.046019513104972987e-01 7.440836643256429905e-01 -4.263949425087668610e-01 -7.261595430113777783e-02 -4.978567615201914265e-01 -3.815932082370363521e-01 8.260604071711197260e-04 -2.097323195473792090e+00 -2.038808214091903104e-01 7.211143837007276680e-01
7.047488113096651574e-01 7.437479522202703475e-01 -4.263124603869997697e-01 -7.751797673624517826e-02 -3.497032911115753873e-01 -2.919769396517870597e-01 -5.753871888764645892e-02 -1.335602914169170763e+00 -2.053756243505560908e-01 7.868124693580289541e-01
7.049091583648967596e-01 7.431627193832193168e-01 -4.263818385497302188e-01 7.057483722346373500e-03 -5.600977811672395168e-01 -3.504088725702984020e-01 -1.680791242659531726e-01 -1.813293594608846426e+00 -8.455700038682094632e-01 1.046553703904306909e+00
7.051536522224888248e-01 7.423563538500456138e-01 -4.264174522087214592e-01 -1.129724609282463932e-01 -4.490169250509936094e-01 -3.893763847593790794e-01 -1.783894357311864853e-01 -1.430730694154325411e+00 -6.156595064789900373e-01 1.439654987057955804e+00
7.053815236778077091e-01 7.417020224834780517e-01 -4.264301532096357317e-01 -4.099983352103809403e-02 -4.649672737276808188e-01 -3.183577261397267932e-01 -9.969092460116384113e-02 -1.588332162541380210e+00 -6.324407563282641309e-01 8.704013903883752734e-01
7.055054556500877094e-01 7.413536992950280347e-01 -4.264189065196354878e-01 1.810182070150045952e-03 -4.300873012141145368e-01 -2.390923761565245664e-01 -5.459933564937942407e-02 -1.556156772946097444e+00 -5.228162785326214701e-01 4.949412801543159879e-01
7.055318561718970649e-01 7.412186506409049747e-01 -4.264286008170833364e-01 -1.384878563898314131e-02 -4.789555460729599257e-01 -2.759719380430263325e-01 -1.333429304176316221e-01 -1.571093333939529435e+00 -6.981991224005759111e-01 8.310644234486328497e-01
7.055730978947758469e-01 7.408546045342548902e-01 -4.264200476425125119e-01 7.626746994463162732e-02 -4.833388155511074702e-01 -1.943751797695078554e-01 -1.038277845683416856e-01 -1.577870789800713380e+00 -8.478153461961128734e-01 3.393813013276117951e-01
7.055799228247613408e-01 7.407704133865289364e-01 -4.264206633064442920e-01 3.438459050324469551e-02 -5.731893910215380972e-01 -2.884265188163808169e-01 -1.146380692608819779e-01 -1.911691956597715514e+00 -8.919023261982449435e-01 6.445679883378572228e-01
7.055050678038877754e-01 7.405103719564265496e-01 -4.264301991767498468e-01 1.681854352362507077e-01 -4.119167630446993189e-01 -6.169946237028874070e-02 -3.125868553568625363e-02 -1.425268297376668380e+00 -7.751754001154830265e-01 -2.980949819253236877e-01
7.055650548585018500e-01 7.405024798940569308e-01 -4.263338569708986503e-01 1.711324880891690603e-01 -6.049256673655608596e-01 -1.640601551532097635e-01 2.871281529822423961e-02 -2.338390213902405979e+00 -8.121609838986707519e-01 -3.231374327678461222e-01
7.055558066279477014e-01 7.404811262711370468e-01 -4.263284502754086658e-01 1.554107257351137750e-01 -5.685151900921767698e-01 -1.604535946406242808e-01 -3.278150749897358607e-02 -2.072257038379634153e+00 -8.718368756251833052e-01 -1.061669777432726752e-01
7.055574573978875552e-01 7.404192567596789010e-01 -4.263392553736702895e-01 1.389652433156984557e-01 -4.781773436389526455e-01 -1.326197606178843857e-01 -8.367374221300924453e-02 -1.628719129150716594e+00 -8.884659008547638459e-01 8.135354591384387490e-02
7.056164971382266060e-01 7.402434897462492058e-01 -4.263489739547503543e-01 2.009312447416883307e-01 -4.450872195172477230e-01 -6.106179441046399869e-02 -7.168474389588563866e-02 -1.509654314558967592e+00 -9.776202217812626216e-01 -1.965005292638236090e-01
7.056366123917438005e-01 7.401551941959629843e-01 -4.263579190662835083e-01 2.108981023194623772e-01 -3.339175159712446939e-01 1.171754571444104387e-02 -9.266591169591439914e-02 -1.046166344303262496e+00 -9.230113430225116433e-01 -2.913517861195900061e-01
7.056606619938796676e-01 7.401121425885140992e-01 -4.263454372379453794e-01 2.478451031382134517e-01 -3.358036704072624445e-01 4.658775396332505425e-02 -7.128137972626458208e-03 -1.194415004954591408e+00 -8.232324376675780320e-01 -6.963990195686736717e-01
7.056602267922942318e-01 7.400720866058313474e-01 -4.263476566419932556e-01 2.427844319084640490e-01 -2.524920398368368790e-01 9.011612267272792187e-02 -1.759711519860281126e-02 -8.277270660393950541e-01 -8.200422121307751055e-01 -6.810874776456969926e-01
7.056481035048601802e-01 7.400616031011013618e-01 -4.263431004350324849e-01 2.052820333476154946e-01 -2.268799654200447380e-01 7.457804632866313344e-02 -8.271485098301410710e-03 -7.594834892934777537e-01 -6.807659319802681352e-01 -6.121173080155212221e-01
7.057378737642556743e-01 7.398349994725996748e-01 -4.263010902552191173e-01 1.027089816223051844e-01 -2.503057263177265734e-01 -2.898351717436449537e-02 9.347677956597072457e-02 -1.161628464825611440e+00 -2.427108219303855119e-01 -4.846361477605404811e-01
7.058113917298858286e-01 7.396690831367702668e-01 -4.262716213325453696e-01 7.081898895933956550e-02 -2.944601545457157243e-01 -7.592819211036794247e-02 1.219270653007752253e-01 -1.427536032594969528e+00 -1.587602973510661986e-01 -3.886026668773309711e-01
7.058495254070110692e-01 7.396024250321638904e-01 -4.262504440155047147e-01 1.015189609282913380e-01 -3.388457401249956868e-01 -5.415832591459830703e-02 1.080986959825789157e-01 -1.542314021917263078e+00 -2.687632218565271791e-01 -4.652292886674873063e-01
7.063358476226073712e-01 7.398270049052854125e-01 -4.264004166470064527e-01 4.266167817266847129e-01 -8.598797865504343996e-01 5.643028613432199414e-02 1.094488989918647182e-01 -3.429434214730333164e+00 -1.391906437170923105e+00 -1.392812073593765021e+00
7.067266579514737135e-01 7.400036938788616681e-01 -4.265712956746743889e-01 3.634629739962900175e-01 -7.082030775040664139e-01 5.955605893804200024e-02 1.681305375813340469e-02 -2.659928557978115560e+00 -1.432874412737435099e+00 -8.989286736779388276e-01
7.068040536304072141e-01 7.398872142093011472e-01 -4.265728395311108589e-01 2.981639820178193512e-01 -4.522285172013762455e-01 1.019592409996285670e-01 2.012064288057961725e-02 -1.690912469228933013e+00 -9.802866438270148031e-01 -9.364046312810347938e-01
7.067873359789125232e-01 7.399381036252038468e-01 -4.265903010515801896e-01 2.973114271510443052e-01 -2.650035796336330240e-01 1.918748441337023158e-01 7.925277822389667493e-02 -1.089384115818885501e+00 -7.942372252824781986e-01 -1.247209537170895111e+00
7.067842345343642307e-01 7.398078100545131264e-01 -4.266217326173854518e-01 2.056889597416120818e-01 -4.788691212275117959e-01 9.825780335686901124e-03 -1.341547333303833578e-01 -1.341462764821097275e+00 -1.234694831215030764e+00 -1.422833145316597381e-01
7.068245015261453990e-01 7.395088489555668998e-01 -4.267637192240627542e-01 1.656654716215280598e-01 -7.039508746645520842e-01 -1.110949352071164686e-01 -2.893631576393387306e-01 -1.689117158648649974e+00 -1.748371491481481410e+00 6.043420557960957895e-01
7.083931255223703261e-01 7.372467301192163758e-01 -4.284644870289324725e-01 4.021598244829088231e-01 -1.079518744563244370e+00 6.162068125611547265e-02 -2.880871960513244900e-01 -2.954929049890202553e+00 -2.748843273446795799e+00 -1.721589075743154840e-01
7.098503505063744612e-01 7.361565950087096688e-01 -4.314517333151374201e-01 9.424122957611714702e-01 -2.070066923362882338e+00 3.626425681568377635e-01 -8.580724549532805501e-01 -4.433249834491778785e+00 -6.089044102801588920e+00 -1.036792913781912961e+00
7.110513455440941044e-01 7.352749871287480588e-01 -4.348587682887821160e-01 1.021926248285908390e+00 -2.533591113892744495e+00 3.580861893980146760e-01 -1.007942994078120380e+00 -5.380237228204677535e+00 -7.362968421168284650e+00 -6.959512770287105132e-01
7.118252100780505520e-01 7.345739394198909089e-01 -4.367613092259121643e-01 9.870858035113843076e-01 -2.645505904050238666e+00 3.155572030855234855e-01 -1.019616142025200789e+00 -5.619293216856087625e+00 -7.524627977469993567e+00 -6.107015810856333271e-01
7.172340806006973768e-01 7.296664911505574835e-01 -4.488623618170197171e-01 1.283370603184395664e+00 -2.934691994011664917e+00 6.839027398913374300e-01 -8.784473172633016080e-01 -6.877269526498130503e+00 -8.043272810766307401e+00 -2.270754834375564801e+00
7.195921798796696134e-01 7.291886977635411160e-01 -4.521911524879537181e-01 1.350066724923037365e+00 -2.923396935237003724e+00 8.012605727954049684e-01 -6.097028241550647154e-01 -7.793985121802060156e+00 -7.722625448821802685e+00 -2.970032323866493851e+00
7.244951718590537659e-01 7.292160896013653026e-01 -4.586357284808388335e-01 1.498643636158345505e+00 -3.915380107832981071e+00 8.406397266834347848e-01 -1.019188132058210128e+00 -9.536923455483183432e+00 -1.022234759232867951e+01 -2.682606348508010274e+00
7.257625846109440060e-01 7.290914738994433986e-01 -4.604797005293824741e-01 1.602612850851997450e+00 -3.629094106901389782e+00 1.026009562408047193e+00 -1.083052015466388740e+00 -8.571899125585870749e+00 -1.027869329030082035e+01 -2.927322258444378544e+00
7.315575806197081032e-01 7.278450695846743201e-01 -4.684716453824356863e-01 1.700368251425218746e+00 -4.103088487667721829e+00 1.058801847855530776e+00 -8.470286361492437299e-01 -1.107679055717719407e+01 -1.138483642651712913e+01 -3.350819354787434534e+00
7.348524815279480205e-01 7.269489207709598499e-01 -4.726260568010248742e-01 1.572221691510397257e+00 -4.013486582120560087e+00 9.447088516646146017e-01 -9.551945531929937339e-01 -1.015417578476374771e+01 -1.114779274760413230e+01 -3.087833692694641030e+00
7.421255837644653575e-01 7.247340046061094831e-01 -4.811632526666063114e-01 1.585532884649522689e+00 -4.524383615591001551e+00 9.629578439917078070e-01 -6.819191863666975717e-01 -1.207047145514814623e+01 -1.208286223976782736e+01 -3.304851156574023729e+00
7.461707925660787666e-01 7.236958204734106337e-01 -4.856824932694701613e-01 1.771539693351274369e+00 -5.008209591618790313e+00 1.242879141810536048e+00 -1.069571021680898459e+00 -1.141130721606172038e+01 -1.251765411552279517e+01 -4.236581842565991352e+00
7.543526201243391238e-01 7.219097601175583634e-01 -4.959663504604374662e-01 2.141400169939754683e+00 -5.171565197971857764e+00 1.595064525947105682e+00 -1.148346797972109368e+00 -1.215498867461253241e+01 -1.296078082863173186e+01 -5.388403832320311615e+00
7.604855138758139788e-01 7.205420999226317402e-01 -5.043942632238455070e-01 2.202904248109266661e+00 -6.216420332043647967e+00 1.459922528890812199e+00 -1.632855558350491787e+00 -1.371325121282813164e+01 -1.355599174270581919e+01 -5.165612682887023688e+00
7.682357870371669950e-01 7.186218951077771866e-01 -5.158815905687546000e-01 1.860566200051871677e+00 -6.009166479909143987e+00 1.288070915978312581e+00 -1.461312573875086729e+00 -1.338993189444370380e+01 -1.347487047882989053e+01 -4.963707984430491216e+00
7.719624661127950649e-01 7.175792475614553023e-01 -5.217653826813839490e-01 1.947274602608999094e+00 -5.160078491574956239e+00 1.718693735009979573e+00 -1.331355064354158957e+00 -1.147933404328915685e+01 -1.356480792982183381e+01 -4.875686775010195539e+00
7.784698961330225320e-01 7.156833919751429685e-01 -5.342502939277234963e-01 1.353982009624647986e+00 -5.373457012755030071e+00 1.474812277779285141e+00 -1.500983457091345397e+00 -1.076305367606162555e+01 -1.360139381132007763e+01 -4.497092133968846106e+00
7.837130736350734761e-01 7.141520472199287539e-01 -5.432663662545097472e-01 1.161666538952555561e+00 -6.038099850031370508e+00 1.593508968353518629e+00 -1.485026278075469719e+00 -1.286813698619219615e+01 -1.422706690724036349e+01 -4.254437959548687864e+00
7.951352590914003704e-01 7.100920253350160305e-01 -5.635854336456516123e-01 7.806788056019928757e-01 -6.508639912113308945e+00 1.773394385845529886e+00 -2.022635625104467927e+00 -1.174038808055852812e+01 -1.488163784646583032e+01 -4.857499223671855937e+00
7.985530219167592536e-01 7.085100345153907409e-01 -5.714771513307623785e-01 2.967438883540061689e-01 -6.406149820249125604e+00 1.974837518715208295e+00 -1.708352897161608652e+00 -1.116392795957252027e+01 -1.582888525037343541e+01 -4.745130480414892382e+00
8.048779695437697779e-01 7.054350384808616425e-01 -5.884605971817156167e-01 3.691001757487146206e-01 -6.302129555811566419e+00 2.442697608101941142e+00 -1.965681460259173896e+00 -9.955157370545022033e+00 -1.583680987331040946e+01 -4.704091390986815391e+00
8.074033598779264409e-01 7.033419160476608312e-01 -5.971080083164209684e-01 2.715904400232676541e-01 -6.381874286574128696e+00 2.239249754017712757e+00 -2.419990296276628428e+00 -1.051873953212072443e+01 -1.606598668937191832e+01 -3.814391688081533616e+00
8.109059794305811808e-01 6.997710728014883141e-01 -6.101601733531457628e-01 2.410096119279286908e-01 -6.052586443426373641e+00 2.186603311627854485e+00 -2.499275289313532600e+00 -8.501244339283609008e+00 -1.515390155763634006e+01 -3.794098825223267024e+00
8.129144703072423983e-01 6.969973203337711531e-01 -6.184296414527689079e-01 -1.928931088093474022e-01 -6.248763958107054428e+00 1.920887209802911277e+00 -2.549841535687616290e+00 -8.455280926416323339e+00 -1.599485592003907009e+01 -2.490207536703285651e+00
8.144324004254548388e-01 6.943015960843381684e-01 -6.262846566564257422e-01 -1.695152877950332482e-01 -5.582019700799745188e+00 1.833558186976104842e+00 -2.333110682254995183e+00 -7.229416275874888775e+00 -1.463092197229626201e+01 -2.889780144441475684e+00
8.166156216149997871e-01 6.872428405599334544e-01 -6.512714402086141607e-01 -4.613658174170275350e-01 -5.997864494906015587e+00 1.651455479856627662e+00 -2.842542175022122919e+00 -6.720091907679729637e+00 -1.593270445035287430e+01 -2.533051468356131597e+00
8.167510105311110991e-01 6.861762318998648746e-01 -6.554670063111112110e-01 -6.684284648325116152e-01 -6.313895073892925147e+00 1.458188941790254045e+00 -3.065667433900101546e+00 -6.911951690892024658e+00 -1.627921567878274445e+01 -1.951724783316642453e+00
8.186635808299953521e-01 6.818635271266377806e-01 -6.712208681560500878e-01 -7.212352932532550831e-01 -6.304854150513685696e+00 1.450956925306264855e+00 -3.051457650231438556e+00 -7.490357020593794601e+00 -1.584981088086045631e+01 -1.517203725470237519e+00
8.206803769258904646e-01 6.772700875662158726e-01 -6.865172101728858056e-01 -9.880443487750292242e-01 -6.032143986905465383e+00 1.250004299842599753e+00 -3.203610281404301929e+00 -6.448248370213888414e+00 -1.659917830157311158e+01 -1.199524251905046413e+00
8.218311238861012447e-01 6.726543325300060605e-01 -7.028323887105272227e-01 -1.481673187190927887e+00 -6.841223263165560731e+00 8.575671988349665709e-01 -3.399662677422542245e+00 -6.136866083310183129e+00 -1.673823315439509685e+01 -1.624563317087362346e+00
8.221018113471739719e-01 6.714528790993790075e-01 -7.070145687050500838e-01 -1.631666383000506482e+00 -7.320487268387234181e+00 7.623243406588904314e-01 -3.827842987230216210e+00 -6.367742007601353116e+00 -1.756861298905861446e+01 -8.921686043933897414e-01
7.486107010231584091e-01 5.832444411752644164e-01 -9.107906756072897680e-01 -2.121469122406371088e+00 -2.990341698262018788e+00 -1.278282077592204136e+00 -2.974335622458838646e+00 3.044701983836594295e+00 -1.197847286224929952e+01 4.691454133332311649e+00
7.468406793809446720e-01 5.823845567955845404e-01 -9.130504313171812214e-01 -2.093481862672553984e+00 -3.577568826865835216e+00 -2.013826735067874907e+00 -2.968712803851558668e+00 3.095135305024279582e+00 -1.320203872208156781e+01 5.210016921563290992e+00
7.450153357417261812e-01 5.815534036231290171e-01 -9.154104619165400747e-01 -1.468519366848072716e+00 -4.034378015873776313e+00 -2.086061958003357475e+00 -2.913737041092689939e+00 2.566200151641127913e+00 -1.296927393679369800e+01 5.144172124900395993e+00
7.332979795484005914e-01 5.742701140714767671e-01 -9.295452442842562224e-01 -9.516109592801488271e-01 -4.163381047072249430e+00 -1.343513375380872787e+00 -3.177732092213711557e+00 2.984325757673215396e+00 -1.244968519520129568e+01 5.591747975876033117e+00
7.313381768460518462e-01 5.729476430607599591e-01 -9.318793652067391964e-01 -3.715597187119809020e-01 -2.880349395745527286e+00 -6.240014946608505308e-01 -3.116115454545238528e+00 3.283686233696032630e+00 -1.181913653223799798e+01 5.166798062587578677e+00
7.228945624674572024e-01 5.667119553286229516e-01 -9.411873277095466062e-01 -6.237453115298474682e-01 -1.249275277227892333e+00 -8.597797179976317539e-01 -2.369192905446902309e+00 3.585354820965435785e+00 -9.240493815757830021e+00 4.621028882259489379e+00
7.210948532315925030e-01 5.657893071770948579e-01 -9.427756570104821598e-01 -7.567953983887131253e-01 -6.170531918999430099e-01 -9.263512289452598969e-01 -1.935597065149002205e+00 3.597980898182069787e+00 -8.448223684532434774e+00 3.360060001396658613e+00
7.089454599157105630e-01 5.644528296502502318e-01 -9.510971700593235933e-01 -5.979288937022061434e-01 -2.178768244395348219e-01 -6.962726613754602889e-01 -1.096544905515654644e+00 2.329098504315994855e+00 -5.338367508277714890e+00 2.284046365600389095e+00
7.062782630934811845e-01 5.647672193391304329e-01 -9.524374243045784505e-01 5.225597851912507086e-02 2.229269829689250471e-01 1.493075393901687475e-01 -7.352313330704955963e-01 3.061507608524359103e+00 -1.784896409353836200e+00 -4.089016099439009011e-01
7.061227458144893054e-01 5.663560246283404487e-01 -9.522972030714292879e-01 4.853530409992122263e-01 1.961954562614316999e-01 5.842247520788562687e-01 -7.163214568843496721e-01 2.996513280401460033e+00 -1.006288618546588909e+00 -2.337457500339298999e+00
7.063255445185319115e-01 5.691328945784941418e-01 -9.520027083851543281e-01 9.113162447959254342e-01 -2.214104753649220880e-02 8.685450792196641734e-01 -7.682379784996314909e-01 2.420319411650976527e+00 -8.486455785342736924e-01 -4.099230793460963973e+00
7.073563290705638940e-01 5.809460230663541225e-01 -9.513002944627648727e-01 1.572857220648550047e+00 -7.602901288554281267e-01 1.077975734014880560e+00 -1.066008845261126714e+00 6.119269696642789524e-01 -2.000189672531196283e+00 -7.245834679492422659e+00
7.076160090008870585e-01 5.869939366300485073e-01 -9.509568902018934455e-01 1.472571703656611941e+00 -7.866684392259082337e-01 9.379729142710306888e-01 -8.063987017121534429e-01 1.349857580796652579e-01 -2.320204462839579485e+00 -8.033327257678303468e+00
7.076655886009003416e-01 6.011416983039451489e-01 -9.496796998849246219e-01 1.780363404667993477e+00 -1.014764701496754462e+00 9.128533338952711240e-01 -9.232288563086201716e-01 -7.754378344089906117e-01 -3.058285940673747039e+00 -9.705110049379284121e+00
7.075625366492590551e-01 6.048498099291050867e-01 -9.493700287813823246e-01 1.793782695575284469e+00 -1.043511988214625541e+00 8.143476824870317099e-01 -9.224626769659097780e-01 -1.213284838299341528e+00 -3.377661334595948084e+00 -9.689577360432734210e+00
7.083128248011490991e-01 6.722717184363202758e-01 -9.406842299521178674e-01 2.638329856942806639e+00 -1.905881147241814899e+00 7.637985166292734496e-01 -6.675559853481278783e-01 -5.268466278716575246e+00 -4.725651782191545358e+00 -1.426641207689612756e+01
7.085292233157218789e-01 6.889345307237082494e-01 -9.367730644739103996e-01 2.524710389992754322e+00 -1.795014331515346395e+00 5.435189751946239989e-01 -2.986740841312942041e-01 -5.861579842261496864e+00 -5.689680409354134660e+00 -1.421245865221930771e+01
7.085394315738116067e-01 6.943543722145214536e-01 -9.353365434731322203e-01 2.322151237679338287e+00 -1.465793513544375370e+00 4.020412811031588429e-01 3.082266061479985719e-01 -6.126341737279303423e+00 -5.336504427150823737e+00 -1.451856008928220554e+01
7.085471054274177227e-01 7.113757179605999514e-01 -9.308801600019751543e-01 2.451208955786522203e+00 -1.176778834835572773e+00 5.876929160572548216e-01 5.215609215490938366e-01 -5.465941507813191436e+00 -4.464495188174997686e+00 -1.577605433557449288e+01
7.105021179385129226e-01 7.583036291915750127e-01 -9.176853808433650395e-01 1.935009526449265271e+00 -5.376887474481873985e-01 1.243196067328389276e-02 1.118665614837507150e+00 -8.305893665953098193e+00 -7.342534344325584605e+00 -1.655383114274434675e+01
7.115386283651823351e-01 7.756722812963451341e-01 -9.128796380555027623e-01 0.000000000000000000e+00 0.000000000000000000e+00 0.000000000000000000e+00 0.000000000000000000e+00 0.000000000000000000e+00 0.000000000000000000e+00 0.000000000000000000e+00
7.137683383314459284e-01 7.978830752535996940e-01 -9.062259325574046898e-01 0.000000000000000000e+00 0.000000000000000000e+00 0.000000000000000000e+00 0.000000000000000000e+00 0.000000000000000000e+00 0.000000000000000000e+00 0.000000000000000000e+00
7.170755699420605644e-01 9.086483934162329357e-01 -8.613687516163571756e-01 0.000000000000000000e+00 0.000000000000000000e+00 0.000000000000000000e+00 0.000000000000000000e+00 0.000000000000000000e+00 0.000000000000000000e+00 0.000000000000000000e+00
7.170410454915775444e-01 9.130610831541159378e-01 -8.597283952532306373e-01 0.000000000000000000e+00 0.000000000000000000e+00 0.000000000000000000e+00 0.000000000000000000e+00 0.000000000000000000e+00 0.000000000000000000e+00 0.000000000000000000e+00
7.166920725721095398e-01 9.263234540893826585e-01 -8.554656257949578846e-01 0.000000000000000000e+00 0.000000000000000000e+00 0.000000000000000000e+00 0.000000000000000000e+00 0.000000000000000000e+00 0.000000000000000000e+00 0.000000000000000000e+00
7.103952553783381418e-01 1.005878059023418869e+00 -8.129513873276533742e-01 0.000000000000000000e+00 0.000000000000000000e+00 0.000000000000000000e+00 0.000000000000000000e+00 0.000000000000000000e+00 0.000000000000000000e+00 0.000000000000000000e+00
7.103707711465973018e-01 1.020628044849641869e+00 -7.970843025483694833e-01 0.000000000000000000e+00 0.000000000000000000e+00 0.000000000000000000e+00 0.000000000000000000e+00 0.000000000000000000e+00 0.000000000000000000e+00 0.000000000000000000e+00
7.072443781817436825e-01 1.059374160111833829e+00 -7.587427543857599987e-01 0.000000000000000000e+00 0.000000000000000000e+00 0.000000000000000000e+00 0.000000000000000000e+00 0.000000000000000000e+00 0.000000000000000000e+00 0.000000000000000000e+00
7.072029217550537261e-01 1.062349627384650663e+00 -7.557392913298430770e-01 0.000000000000000000e+00 0.000000000000000000e+00 0.000000000000000000e+00 0.000000000000000000e+00 0.000000000000000000e+00 0.000000000000000000e+00 0.000000000000000000e+00
7.069935347735503139e-01 1.065192058738365866e+00 -7.530765383443672745e-01 0.000000000000000000e+00 0.000000000000000000e+00 0.000000000000000000e+00 0.000000000000000000e+00 0.000000000000000000e+00 0.000000000000000000e+00 0.000000000000000000e+00
7.058083803797245981e-01 1.080067603418936262e+00 -7.389318695781893487e-01 0.000000000000000000e+00 0.000000000000000000e+00 0.000000000000000000e+00 0.000000000000000000e+00 0.000000000000000000e+00 0.000000000000000000e+00 0.000000000000000000e+00
7.062828704701651361e-01 1.086850299641446638e+00 -7.305726038074332740e-01 0.000000000000000000e+00 0.000000000000000000e+00 0.000000000000000000e+00 0.000000000000000000e+00 0.000000000000000000e+00 0.000000000000000000e+00 0.000000000000000000e+00
7.100788779986862975e-01 1.098064219255863172e+00 -7.140861971185510360e-01 0.000000000000000000e+00 0.000000000000000000e+00 0.000000000000000000e+00 0.000000000000000000e+00 0.000000000000000000e+00 0.000000000000000000e+00 0.000000000000000000e+00
7.142304491008630851e-01 1.104325441754250736e+00 -7.017763241178343048e-01 0.000000000000000000e+00 0.000000000000000000e+00 0.000000000000000000e+00 0.000000000000000000e+00 0.000000000000000000e+00 0.000000000000000000e+00 0.000000000000000000e+00
7.173492736536110082e-01 1.107356087184401261e+00 -6.931819984785774214e-01 0.000000000000000000e+00 0.000000000000000000e+00 0.000000000000000000e+00 0.000000000000000000e+00 0.000000000000000000e+00 0.000000000000000000e+00 0.000000000000000000e+00
7.243556348584674343e-01 1.109839760424513155e+00 -6.783532282293259774e-01 0.000000000000000000e+00 0.000000000000000000e+00 0.000000000000000000e+00 0.000000000000000000e+00 0.000000000000000000e+00 0.000000000000000000e+00 0.000000000000000000e+00
7.281901665327757955e-01 1.109163634975603330e+00 -6.728233453299167222e-01 0.000000000000000000e+00 0.000000000000000000e+00 0.000000000000000000e+00 0.000000000000000000e+00 0.000000000000000000e+00 0.000000000000000000e+00 0.000000000000000000e+00
7.422291472823951963e-01 1.100244270384082679e+00 -6.681194395492973115e-01 0.000000000000000000e+00 0.000000000000000000e+00 0.000000000000000000e+00 0.000000000000000000e+00 0.000000000000000000e+00 0.000000000000000000e+00 0.000000000000000000e+00
7.624076079927597505e-01 1.084476505160764326e+00 -6.650987081203467710e-01 0.000000000000000000e+00 0.000000000000000000e+00 0.000000000000000000e+00 0.000000000000000000e+00 0.000000000000000000e+00 0.000000000000000000e+00 0.000000000000000000e+00
7.681194680660307084e-01 1.077861311544006995e+00 -6.665468721473407632e-01 0.000000000000000000e+00 0.000000000000000000e+00 0.000000000000000000e+00 0.000000000000000000e+00 0.000000000000000000e+00 0.000000000000000000e+00 0.000000000000000000e+00
7.758836063201119959e-01 1.067136464417789865e+00 -6.697789570501113676e-01 0.000000000000000000e+00 0.000000000000000000e+00 0.000000000000000000e+00 0.000000000000000000e+00 0.000000000000000000e+00 0.000000000000000000e+00 0.000000000000000000e+00
7.811032041575272089e-01 1.059404786995595593e+00 -6.720852554340949192e-01 0.000000000000000000e+00 0.000000000000000000e+00 0.000000000000000000e+00 0.000000000000000000e+00 0.000000000000000000e+00 0.000000000000000000e+00 0.000000000000000000e+00
8.013171283436171244e-01 1.024033544518923478e+00 -6.777412221922152202e-01 0.000000000000000000e+00 0.000000000000000000e+00 0.000000000000000000e+00 0.000000000000000000e+00 0.000000000000000000e+00 0.000000000000000000e+00 0.000000000000000000e+00
8.045217534921558222e-01 1.013882221463268563e+00 -6.800359039069487910e-01 0.000000000000000000e+00 0.000000000000000000e+00 0.000000000000000000e+00 0.000000000000000000e+00 0.000000000000000000e+00 0.000000000000000000e+00 0.000000000000000000e+00
8.063367719721743487e-01 1.004502003269233334e+00 -6.837620843163862983e-01 0.000000000000000000e+00 0.000000000000000000e+00 0.000000000000000000e+00 0.000000000000000000e+00 0.000000000000000000e+00 0.000000000000000000e+00 0.000000000000000000e+00
8.073131546725568208e-01 9.978195423610269899e-01 -6.866187120534673616e-01 0.000000000000000000e+00 0.000000000000000000e+00 0.000000000000000000e+00 0.000000000000000000e+00 0.000000000000000000e+00 0.000000000000000000e+00 0.000000000000000000e+00
8.083358678013400356e-01 9.906593719732398329e-01 -6.895320960233712881e-01 0.000000000000000000e+00 0.000000000000000000e+00 0.000000000000000000e+00 0.000000000000000000e+00 0.000000000000000000e+00 0.000000000000000000e+00 0.000000000000000000e+00
8.102526391493884983e-01 9.788338186974455679e-01 -6.935829740991473757e-01 0.000000000000000000e+00 0.000000000000000000e+00 0.000000000000000000e+00 0.000000000000000000e+00 0.000000000000000000e+00 0.000000000000000000e+00 0.000000000000000000e+00
8.120456717712661865e-01 9.631251424092402980e-01 -6.987468607260042264e-01 0.000000000000000000e+00 0.000000000000000000e+00 0.000000000000000000e+00 0.000000000000000000e+00 0.000000000000000000e+00 0.000000000000000000e+00 0.000000000000000000e+00
8.140459856726853793e-01 9.202011763058232097e-01 -7.123195206632931820e-01 0.000000000000000000e+00 0.000000000000000000e+00 0.000000000000000000e+00 0.000000000000000000e+00 0.000000000000000000e+00 0.000000000000000000e+00 0.000000000000000000e+00
8.144384598874124803e-01 9.161418869750350691e-01 -7.133008730970665789e-01 0.000000000000000000e+00 0.000000000000000000e+00 0.000000000000000000e+00 0.000000000000000000e+00 0.000000000000000000e+00 0.000000000000000000e+00 0.000000000000000000e+00
8.152431813753421297e-01 9.008224885329240150e-01 -7.170453622632630974e-01 0.000000000000000000e+00 0.000000000000000000e+00 0.000000000000000000e+00 0.000000000000000000e+00 0.000000000000000000e+00 0.000000000000000000e+00 0.000000000000000000e+00
8.152213588671036737e-01 8.970003286324882419e-01 -7.180187720762680748e-01 0.000000000000000000e+00 0.000000000000000000e+00 0.000000000000000000e+00 0.000000000000000000e+00 0.000000000000000000e+00 0.000000000000000000e+00 0.000000000000000000e+00
8.137625326477848642e-01 8.785505911169062543e-01 -7.230110904148997486e-01 0.000000000000000000e+00 0.000000000000000000e+00 0.000000000000000000e+00 0.000000000000000000e+00 0.000000000000000000e+00 0.000000000000000000e+00 0.000000000000000000e+00
8.118393210454347697e-01 8.640311476997857287e-01 -7.274905217522881218e-01 0.000000000000000000e+00 0.000000000000000000e+00 0.000000000000000000e+00 0.000000000000000000e+00 0.000000000000000000e+00 0.000000000000000000e+00 0.000000000000000000e+00
8.108980033518229380e-01 8.530350058252209600e-01 -7.313034706557069997e-01 0.000000000000000000e+00 0.000000000000000000e+00 0.000000000000000000e+00 0.000000000000000000e+00 0.000000000000000000e+00 0.000000000000000000e+00 0.000000000000000000e+00
8.107223556076292859e-01 8.456229069658890429e-01 -7.337650400878087398e-01 0.000000000000000000e+00 0.000000000000000000e+00 0.000000000000000000e+00 0.000000000000000000e+00 0.000000000000000000e+00 0.000000000000000000e+00 0.000000000000000000e+00
8.111874696910402749e-01 8.302029743837000542e-01 -7.379973869261989838e-01 0.000000000000000000e+00 0.000000000000000000e+00 0.000000000000000000e+00 0.000000000000000000e+00 0.000000000000000000e+00 0.000000000000000000e+00 0.000000000000000000e+00
8.115705441961160727e-01 8.052073255001939156e-01 -7.413882078904225903e-01 0.000000000000000000e+00 0.000000000000000000e+00 0.000000000000000000e+00 0.000000000000000000e+00 0.000000000000000000e+00 0.000000000000000000e+00 0.000000000000000000e+00
8.114806404440891852e-01 8.021239819749098610e-01 -7.415790298635390743e-01 0.000000000000000000e+00 0.000000000000000000e+00 0.000000000000000000e+00 0.000000000000000000e+00 0.000000000000000000e+00 0.000000000000000000e+00 0.000000000000000000e+00
8.110385804984953095e-01 7.878843594777396042e-01 -7.431925449378404824e-01 0.000000000000000000e+00 0.000000000000000000e+00 0.000000000000000000e+00 0.000000000000000000e+00 0.000000000000000000e+00 0.000000000000000000e+00 0.000000000000000000e+00
8.110735723017974408e-01 7.839679727290238542e-01 -7.439401531874133555e-01 0.000000000000000000e+00 0.000000000000000000e+00 0.000000000000000000e+00 0.000000000000000000e+00 0.000000000000000000e+00 0.000000000000000000e+00 0.000000000000000000e+00
8.121924165384237781e-01 7.575986117230415484e-01 -7.495876042864377808e-01 0.000000000000000000e+00 0.000000000000000000e+00 0.000000000000000000e+00 0.000000000000000000e+00 0.000000000000000000e+00 0.000000000000000000e+00 0.000000000000000000e+00
8.124049973836117156e-01 7.465751127731998782e-01 -7.514942108494443440e-01 0.000000000000000000e+00 0.000000000000000000e+00 0.000000000000000000e+00 0.000000000000000000e+00 0.000000000000000000e+00 0.000000000000000000e+00 0.000000000000000000e+00
8.121031013173823920e-01 7.418050545700287657e-01 -7.521081488165087814e-01 0.000000000000000000e+00 0.000000000000000000e+00 0.000000000000000000e+00 0.000000000000000000e+00 0.000000000000000000e+00 0.000000000000000000e+00 0.000000000000000000e+00
7.741661655776298501e-01 4.971108651437472492e-01 -7.569572889465645549e-01 -3.247567860845732568e+00 2.581884406433218704e+00 1.012447861973417185e+00 9.142739232353270795e-01 6.573155543637259512e+00 6.615703527520237159e+00 8.176681386413351404e+00
7.728558360284341067e-01 4.920574162520258144e-01 -7.550253686033625566e-01 -2.620819385404088653e+00 4.072888551188924566e+00 1.950824522478527445e+00 1.842118521705213174e+00 5.267466238735215356e+00 8.045728441361275074e+00 6.380126587752910972e+00
7.732037692049557043e-01 4.882130143639857867e-01 -7.514651590804660719e-01 -1.118431121257745353e+00 4.712235441620540755e+00 2.591352075945403399e+00 1.302696353276246333e+00 5.638235307346012526e+00 9.385170341592340648e+00 4.591164137344040164e+00
7.751538223984189013e-01 4.863314044076749720e-01 -7.455839978800052892e-01 -1.940627256233717901e-01 4.821729720600254510e+00 3.389652429571158532e+00 1.015384827818791136e+00 7.938249123123243933e+00 1.235735189732871220e+01 1.016525800804098489e+00
7.755706056173239382e-01 4.864854390516293314e-01 -7.437421180628912554e-01 1.400515832036142161e-01 5.659605055469670631e+00 2.918932528303587404e+00 1.939252857626972082e+00 7.769108528462764340e+00 1.271057360166589589e+01 1.191692267703218899e+00
7.762468751643829545e-01 4.892650179241471164e-01 -7.322957737075579399e-01 2.124515582573599737e+00 6.046022865325769935e+00 1.024876839924237615e+00 2.173092303390745883e+00 9.875770836416835508e+00 1.417105192581620621e+01 4.962050539871382115e-01
7.748218431568385522e-01 4.907741619768352104e-01 -7.270977565352535477e-01 3.525479852420995819e+00 5.524629396237608958e+00 -1.129244589919322195e+00 1.282663637010444058e+00 1.014941098392340812e+01 1.451581973307403395e+01 6.626470967843702820e-01
7.723169160553855495e-01 4.929496155731981633e-01 -7.184118814941000686e-01 4.544205283891025182e+00 4.468316392865106401e+00 -3.173455435495965649e+00 4.434399126564373406e-01 9.088866512063884073e+00 1.355898784899593146e+01 1.117396849863740105e+00
7.702970474738746187e-01 4.941096059706602261e-01 -7.126552944953149504e-01 4.640066110824414558e+00 4.627286721239320499e+00 -3.319118894359625038e+00 6.958855865767322735e-01 8.329415772592057010e+00 1.307553653639027047e+01 2.199221859044027561e+00
7.653186230361264109e-01 4.973692787484478850e-01 -6.979355439963353946e-01 5.397847395766070200e+00 4.567899845739935571e+00 -3.027091412569673956e+00 1.110253841197497593e+00 7.211792073699965222e+00 1.430516998824503361e+01 2.757850629841624920e-02
7.643966109055984059e-01 4.981590963200974720e-01 -6.947230226585283663e-01 4.548437753359320546e+00 3.686887800985359842e+00 -3.325762145758794031e+00 7.120971426268597471e-01 7.847196613472406490e+00 1.316354575657961590e+01 6.176830541344616732e-01
7.609084970786109681e-01 5.026114496431218770e-01 -6.824376581806926856e-01 4.771383811515644169e+00 5.563148433397460124e+00 -2.416466726945377008e+00 1.435541158196056877e+00 7.723187516347661763e+00 1.313546839466628846e+01 2.265176536848545197e-01
7.593000544234704829e-01 5.050853152341561181e-01 -6.763522838573827745e-01 2.281126269783674498e+00 4.004514947947997783e+00 -1.670720947407681622e+00 1.677052981524127073e+00 7.057571223514191416e+00 1.161646972361537244e+01 5.905551092576731831e-01
7.533310471391945207e-01 5.106765081586820409e-01 -6.612033260108350907e-01 4.019697760049136370e+00 5.123962473276625573e+00 -2.889905509735391398e+00 1.382950725779406698e+00 9.079577111337915341e+00 1.175767189930500578e+01 -2.913960611765216702e-01
7.514720312276993441e-01 5.118055386118010031e-01 -6.579654569513363471e-01 3.145710624109439024e+00 3.027559606518778423e+00 -2.792931534695269224e+00 2.634813770416825629e-01 9.451780590526295711e+00 1.146490776550827562e+01 1.914091547435656793e-01
7.457720284663265087e-01 5.175119270748418376e-01 -6.441593903375824048e-01 3.236675858166701669e+00 3.801558599147077722e+00 -1.867415227380412546e+00 2.401090647561999081e+00 7.059658273605902146e+00 1.139209868378895685e+01 -5.079722414010084952e-01
7.400251379398490315e-01 5.248553295263018725e-01 -6.248015885568066752e-01 6.080347425331003031e-01 3.730316592954753929e+00 -1.471214576049493461e+00 1.865005875451153816e+00 7.529264648711247787e+00 9.917146247382415680e+00 1.749006779224069774e+00
7.192690133380416073e-01 5.320121047680019810e-01 -5.908817752840296311e-01 1.042617946603640711e+00 3.947013811447073639e+00 -1.356853938499781309e+00 1.945802082895626839e+00 8.236246163516408814e+00 7.632852894170050639e+00 9.483632286045913518e-02
7.143421180666991166e-01 5.338198810975764985e-01 -5.859503930322871312e-01 3.505146200386218824e-01 4.626774407825957169e+00 -1.160402450947930486e+00 1.866669108590771842e+00 8.884672873910615110e+00 6.318452215909159619e+00 4.034874684762296271e-01
7.086509914446195157e-01 5.359478419072331024e-01 -5.814447162780925771e-01 1.777102806731591100e-01 4.110557240612993546e+00 -1.156107636870681521e+00 1.851816109992479253e+00 8.063352942169755622e+00 6.076693175290756699e+00 6.976289829768281825e-01
6.999078353199396085e-01 5.387681229733610744e-01 -5.750165718998083708e-01 5.270790219061727289e-02 5.033149410479192731e+00 -1.024962444940924478e+00 2.310332195549227308e+00 9.627345252365895334e+00 7.115142765633585498e+00 6.388313113074919336e-01
6.909119034026549588e-01 5.408271170169338671e-01 -5.690530513881850716e-01 -2.907423178488979243e-01 4.659252305161346364e+00 -6.404385743079339388e-01 2.364970743609783987e+00 8.906972587599964797e+00 6.696733281098480539e+00 7.745975737566618280e-01
6.799020033502941596e-01 5.451006515086466164e-01 -5.612671520990175633e-01 -3.040685297242731178e-01 4.185954602350522080e+00 -3.262785782328888606e-01 1.909859458070823246e+00 8.097016117548204051e+00 5.170352033438658346e+00 4.055207167483098063e-01
6.749109205698402558e-01 5.479502642059319584e-01 -5.579216207153767648e-01 5.450815356222390995e-02 3.863398237531659785e+00 -1.235766112008369610e-01 1.596262069037328590e+00 8.611449915153642110e+00 4.713119259537959849e+00 -4.299461194208276660e-01
6.640239419875439975e-01 5.523425149763847575e-01 -5.519763735321292497e-01 -8.484132265781347826e-01 4.169218845224652803e+00 -5.676545108838976228e-01 1.670613822086485900e+00 9.220992308647751656e+00 4.104112078725377089e+00 1.596778383073349072e+00
6.556535960382914308e-01 5.539801698901041238e-01 -5.480451633517479104e-01 -7.106040104946006464e-01 3.891827630119290227e+00 -4.799503819688224482e-01 1.446764884148032060e+00 9.358840802955443294e+00 3.888097719937122942e+00 1.399236755340602212e+00
6.478032181249071542e-01 5.554327087977806165e-01 -5.432130639617067658e-01 -3.043218668216540190e-01 4.173135285151566620e+00 3.007206136235840432e-03 1.865356833062669750e+00 9.278001257553970760e+00 4.672665385370233793e+00 -2.508382901999513526e-01
6.422056780472715776e-01 5.569154577704290565e-01 -5.404666087075736813e-01 3.230910060455360888e-02 4.669266994399622561e+00 3.279971439947975131e-01 1.860754097002025098e+00 1.135376798515030394e+01 4.250329324902952344e+00 -8.695129163297853347e-01
6.307709780507899655e-01 5.598018208636900139e-01 -5.345479978275478050e-01 2.184104273916414318e-01 3.916412702665848400e+00 5.474099169229488249e-01 1.417423327757836971e+00 1.016994856966962324e+01 3.234080880491148946e+00 -1.277372362521991933e+00
6.250983829989169571e-01 5.613149252877807083e-01 -5.317688691220364694e-01 1.843155436482602216e-01 3.734554989426578153e+00 5.730783311767587707e-01 1.297332870195323284e+00 9.658016538266497975e+00 2.741833363708123805e+00 -1.196497202330748300e+00
6.175445498029010771e-01 5.641358915076882807e-01 -5.279249291252461340e-01 1.401553001316703240e-01 2.566176798274831139e+00 4.496213287485849031e-01 9.101376268636145461e-01 7.050261199369828091e+00 2.100541308761001424e+00 -8.692951574734321118e-01
6.111412026185919499e-01 5.677306610101411355e-01 -5.241876306221618931e-01 4.274814693661896925e-01 2.637937448673746577e+00 7.413141979985106156e-01 1.045530567998888216e+00 6.953548760933148110e+00 2.477445503936866356e+00 -2.141519525984862060e+00
6.066423676890357886e-01 5.773384414524527219e-01 -5.214150280283377237e-01 1.316394095604001224e+00 1.168395219489866133e+00 1.209195301235897135e+00 6.926233968674604391e-01 3.085429322999723389e+00 8.607542779925020371e-01 -4.786213733757101352e+00
6.060335036735344794e-01 5.850943484845192444e-01 -5.203260763832102676e-01 1.385745454933463572e+00 8.123322852229377666e-01 1.213616766623825338e+00 9.654541838189593106e-01 1.657579017570361968e+00 2.192247384713370550e+00 -5.902642489545244509e+00
6.068646585619085210e-01 5.993582677954532034e-01 -5.162934093737336916e-01 1.255200845882864069e+00 8.580106073290867386e-01 1.136188436949784997e+00 1.305475620269440196e+00 1.705538074431430795e+00 3.648659047941106959e+00 -6.324138448870258777e+00
6.092784996714279977e-01 6.198305094926928049e-01 -5.037580552645075649e-01 1.044411044329694338e+00 3.102487306892984797e-01 8.811989360842468200e-01 1.318712372152250012e+00 -8.394970769670582200e-01 3.737108000859939327e+00 -6.458088562229824525e+00
6.110931356672140158e-01 6.307969483404047839e-01 -4.958586768044227489e-01 1.223302518484413737e+00 -6.421908089923931140e-01 8.153436156902179599e-01 8.086089499972726191e-01 -3.367734728848681858e+00 2.067250709668733144e+00 -6.168603544211724632e+00
6.152758760730299148e-01 6.540174134068592604e-01 -4.816309061964743621e-01 2.248694012546076149e+00 -2.003434501561981662e+00 1.292440458283010907e+00 -2.799751274535950962e-01 -6.192269069529520387e+00 -3.075266458676415571e+00 -7.443688722032232086e+00
6.194856664808519042e-01 6.738314467533066399e-01 -4.766635799316876754e-01 3.088401673779745948e+00 -3.336927145423057350e+00 1.543974363691826390e+00 -1.030389774700899208e+00 -8.836137220544232562e+00 -6.593551020439422317e+00 -8.081032810637616137e+00
6.210113815198279319e-01 6.805765073787303221e-01 -4.764322476313927468e-01 3.308760847527634219e+00 -3.464085030751484329e+00 1.812856385480240640e+00 -6.581464483675683041e-01 -1.002718792207197218e+01 -7.548467210662900939e+00 -9.819508946567090391e+00
6.299704041684330846e-01 7.136404426214912888e-01 -4.758842220089528618e-01 2.467981599931833081e+00 -1.799867739794593691e+00 1.823659835425916809e+00 6.926868663961758266e-01 -7.681110165936282819e+00 -3.172525287835214147e+00 -1.120651217227620045e+01
6.337758026243345277e-01 7.274128466608031918e-01 -4.745656545419508765e-01 2.162101238911618317e+00 -1.253982985714512832e+00 1.898690570391542654e+00 9.168813486593557771e-01 -6.506101650872908593e+00 -2.554125859463748593e+00 -1.171878345768583429e+01
6.403333400951667365e-01 7.543423368011581420e-01 -4.706332488655122215e-01 1.933653602761933321e+00 -1.383753721043508911e+00 1.727764044309815006e+00 6.937494299878608217e-01 -6.480401262063189449e+00 -2.929072988291593127e+00 -1.019918947745511950e+01
6.432587491619143893e-01 7.671598168554878416e-01 -4.685047745103101402e-01 2.080923506281857627e+00 -1.165045390457608132e+00 2.109033634925717493e+00 9.118079576393874897e-01 -6.440821880214093298e+00 -2.954099431307644963e+00 -1.201948923822838999e+01
6.469113023271012564e-01 7.923119519418756473e-01 -4.652507449187879840e-01 2.339665030805374357e+00 -1.112192359042417644e+00 2.437191165680034022e+00 7.888830896170051510e-01 -5.854666315934762721e+00 -3.380390773544337701e+00 -1.289995777027919566e+01
6.479540597566488813e-01 8.045516110505032126e-01 -4.641598923074613525e-01 2.254446182705272861e+00 -1.297191172986211782e+00 2.317329927851131011e+00 5.379416343879372953e-01 -6.286589750109398800e+00 -4.319405406239710921e+00 -1.175648183443932027e+01
6.492470617139780575e-01 8.161770195828876862e-01 -4.641591088274295007e-01 2.000573119174248848e+00 -1.564386991785348346e+00 1.973385265839985747e+00 9.969681934096790155e-01 -8.334354316700224530e+00 -4.524133190550433170e+00 -1.150291459290365204e+01
6.520219333387207161e-01 8.324101812538471368e-01 -4.635336273521433181e-01 1.955652532178942637e+00 -1.408964476790295794e+00 2.190790172204061470e+00 1.187041973234545633e+00 -8.241538106611880465e+00 -4.064686626766358835e+00 -1.258713636829204319e+01
6.584153913492352128e-01 8.529145017397889994e-01 -4.614306872983667818e-01 1.922922424298915134e+00 -1.287250177970721943e+00 1.999665532466570639e+00 1.696572091639485524e+00 -9.380263961364775582e+00 -3.200953872440552406e+00 -1.316741681648129436e+01
6.646135054814981125e-01 8.735815173404922751e-01 -4.586228273048257309e-01 1.654340075591762993e+00 -6.503749763320382238e-01 2.076853294884935419e+00 2.041180103550601643e+00 -8.253049636772194830e+00 -3.407814940007311666e+00 -1.431370607955006058e+01
6.658705694824071930e-01 8.790537725463098973e-01 -4.578267368184922304e-01 1.763723651794684155e+00 -5.725473601033943538e-01 2.117826015224731684e+00 2.011715016728079064e+00 -7.821681227311996665e+00 -3.162042744311252651e+00 -1.394205555528790441e+01
6.701478811309211636e-01 9.023302680640927775e-01 -4.550719266789651773e-01 1.507504627883904602e+00 -2.093685060556218502e-01 2.587798354744281326e+00 2.105082363735350626e+00 -7.485394547126291265e+00 -4.602812287758380805e+00 -1.506964909357304627e+01
6.723964590398097130e-01 9.194101042236354493e-01 -4.543433563128717600e-01 9.018276531569847654e-01 2.095671421651479349e-01 2.345141568299156543e+00 2.212403810804999260e+00 -7.286250952487287158e+00 -3.662012593955612960e+00 -1.399697354442884212e+01
6.732189855011093682e-01 9.300333030160792269e-01 -4.539964128591083559e-01 5.484854078266500066e-01 3.975011779591537397e-01 2.357295810214978360e+00 2.224899224692905353e+00 -7.259709090644025586e+00 -4.136364679293203395e+00 -1.373735698090782087e+01
6.759292059564299127e-01 9.536206533145198394e-01 -4.507519567483150302e-01 2.240517765881907819e-01 7.936275171453643917e-01 2.127706652268998688e+00 2.433290331453097366e+00 -7.262856712590446406e+00 -2.688850861409344706e+00 -1.347109579972745941e+01
6.767988931271522457e-01 9.581550175882553866e-01 -4.495336935932619515e-01 2.549932393507877704e-01 9.446322369327111446e-01 2.097450882018723206e+00 2.480049770728519398e+00 -7.405255406199873214e+00 -2.211531767284061978e+00 -1.343864977244198755e+01
6.791164147293913267e-01 9.725495640422036070e-01 -4.461447306683332670e-01 3.824022375018096831e-01 9.041049535931560133e-01 2.220845865225888893e+00 2.700598993617862487e+00 -7.998350515733980259e+00 -2.746806561366915922e+00 -1.468996032146127639e+01
6.817024196357498456e-01 9.919213838254890003e-01 -4.420521676990599724e-01 3.318042716268345682e-01 9.706248186240367115e-01 2.218844841240200871e+00 2.721751330860254114e+00 -7.961810405648338751e+00 -3.063569195293929681e+00 -1.481878482848440015e+01
6.829579782562666956e-01 1.000952382263149865e+00 -4.407668257573927884e-01 3.735646706438797149e-01 9.001783729863441774e-01 2.189632106722612548e+00 2.427646069601582468e+00 -7.184211675087404103e+00 -3.570452675352132843e+00 -1.401044940915011594e+01
6.851217406204008764e-01 1.013433325191809509e+00 -4.397271994510473236e-01 3.002026710304006585e-01 1.040893457061472294e+00 2.288713280396343919e+00 2.598622977405526946e+00 -7.244730241357397738e+00 -3.244223585153209743e+00 -1.488445278795202320e+01
6.898954435170505661e-01 1.032116092981097299e+00 -4.357003753631990550e-01 -1.166157853934607358e-01 1.660465966504798940e+00 2.067722856572889345e+00 2.905713426900546903e+00 -7.253233297485182973e+00 -1.117810069548558882e+00 -1.457733724578973522e+01
6.916221290347750461e-01 1.039517311407062383e+00 -4.333571908899225278e-01 -2.576216277002649213e-01 1.913293941719316216e+00 2.098845744598758056e+00 3.028198135503905153e+00 -6.959197210508103915e+00 -1.121880379425474583e+00 -1.492306339689252326e+01
6.918896400475331721e-01 1.043559288643721938e+00 -4.319084970121257472e-01 -2.428529950477181787e-01 2.230121958097765145e+00 2.341283810891411132e+00 3.089579592752611070e+00 -5.708104034526021664e+00 -5.512816933697354260e-01 -1.609654969688996573e+01
6.881923972042320869e-01 1.069775176340368006e+00 -4.248445262762994279e-01 -9.771530054679260224e-02 2.200276572572165357e+00 2.301571805085945499e+00 2.825312797066032111e+00 -4.403839755009880008e+00 -1.461177780940274840e+00 -1.539527326488033943e+01
6.871912145752161472e-01 1.073983518659877401e+00 -4.235462544336181523e-01 -2.464767318311955058e-01 2.290280365405765739e+00 2.132032053067186794e+00 2.803826566781863594e+00 -4.374410326261380710e+00 -9.280688200886766381e-01 -1.476917800530720370e+01
6.836707313232845973e-01 1.088701471897236761e+00 -4.162319800865178498e-01 -7.361285451118302348e-01 2.094888565246071810e+00 1.215081114502087667e+00 2.650604877264355341e+00 -5.129464860787813940e+00 1.578339281296513352e+00 -1.137648764087346009e+01
6.837050648551983301e-01 1.096255279760638857e+00 -4.069309991816205119e-01 -1.427789863546999438e+00 2.228980962628301921e+00 4.691450679166080384e-01 2.344117253544153456e+00 -3.730339159213191813e+00 4.212328702419231519e+00 -8.173609742247114340e+00
6.839424803489249083e-01 1.098127781436619044e+00 -4.026865751099575341e-01 0.000000000000000000e+00 0.000000000000000000e+00 0.000000000000000000e+00 0.000000000000000000e+00 0.000000000000000000e+00 0.000000000000000000e+00 0.000000000000000000e+00
6.830402053984532262e-01 1.105083061048766968e+00 -3.743463227211289990e-01 0.000000000000000000e+00 0.000000000000000000e+00 0.000000000000000000e+00 0.000000000000000000e+00 0.000000000000000000e+00 0.000000000000000000e+00 0.000000000000000000e+00
6.828842843621885095e-01 1.106049234822619631e+00 -3.620739338834371157e-01 0.000000000000000000e+00 0.000000000000000000e+00 0.000000000000000000e+00 0.000000000000000000e+00 0.000000000000000000e+00 0.000000000000000000e+00 0.000000000000000000e+00
6.829449265080855813e-01 1.105714691286744600e+00 -3.459407460533378553e-01 0.000000000000000000e+00 0.000000000000000000e+00 0.000000000000000000e+00 0.000000000000000000e+00 0.000000000000000000e+00 0.000000000000000000e+00 0.000000000000000000e+00
6.839547738449767156e-01 1.103998844558915504e+00 -3.276639628462638676e-01 0.000000000000000000e+00 0.000000000000000000e+00 0.000000000000000000e+00 0.000000000000000000e+00 0.000000000000000000e+00 0.000000000000000000e+00 0.000000000000000000e+00
6.845957356504326352e-01 1.103393952075824913e+00 -3.230633537965563185e-01 0.000000000000000000e+00 0.000000000000000000e+00 0.000000000000000000e+00 0.000000000000000000e+00 0.000000000000000000e+00 0.000000000000000000e+00 0.000000000000000000e+00
6.873123493429782460e-01 1.098297659950173699e+00 -3.027846796939375196e-01 0.000000000000000000e+00 0.000000000000000000e+00 0.000000000000000000e+00 0.000000000000000000e+00 0.000000000000000000e+00 0.000000000000000000e+00 0.000000000000000000e+00
6.899983692285290848e-01 1.093267109525426495e+00 -2.886435709169841712e-01 0.000000000000000000e+00 0.000000000000000000e+00 0.000000000000000000e+00 0.000000000000000000e+00 0.000000000000000000e+00 0.000000000000000000e+00 0.000000000000000000e+00
6.936948709163122118e-01 1.087553752046286792e+00 -2.752233569354587406e-01 -3.950416438426127552e+00 -8.154661675932415310e-01 -1.502076279572763351e+00 7.618752201372538391e-01 4.226352951231338584e-01 1.304346437915178569e+01 8.858966064096936321e+00
6.970033794268062355e-01 1.080778285799100846e+00 -2.632128777133447284e-01 -4.020352775023426695e+00 -1.031892775170009102e+00 -1.403335417996004253e+00 3.179640313370510341e-01 2.384910857709641618e+00 1.292783759393340759e+01 1.226408203302362487e+01
6.994838579268282119e-01 1.072356141553561182e+00 -2.516186706896409442e-01 -4.002815199602265395e+00 -1.323097390845845434e+00 -1.483533242845947342e+00 -1.240885602192938197e-01 3.875100897245431053e+00 1.320664137317668185e+01 1.556136448371134051e+01
7.008180087701396666e-01 1.062901319422811186e+00 -2.403196271340808654e-01 -4.345634047731567584e+00 -1.007025418240692582e+00 -1.120206837189731131e+00 2.301668353538357525e-01 4.672948390409923825e+00 1.295434833689417076e+01 1.584709052975285282e+01
6.999572119882295773e-01 1.048765354031461872e+00 -2.289214903616366148e-01 -3.772712587324587918e+00 -1.469822209107261468e+00 -1.121334441671602900e+00 -1.652970505130248458e-01 4.868515614743928133e+00 1.113381656171953793e+01 1.767808129710060072e+01
6.988693837788877428e-01 1.041098572900308827e+00 -2.252606921872791212e-01 -3.225428040760878634e+00 -9.042519762157357199e-01 -8.387560388997201688e-01 -3.917575574774076475e-01 6.337491382428392050e+00 9.902008898617605581e+00 1.713119567214252825e+01
6.966765493254156727e-01 1.026170752468511749e+00 -2.174340842943249530e-01 -4.107415410042252191e+00 3.177567705585834235e-01 -2.955595333809442060e-01 1.934004910115728060e-01 7.151227066616044681e+00 1.072436898406588313e+01 1.606936897000592523e+01
6.950795253723510703e-01 1.018398108559950055e+00 -2.137261915887907482e-01 -4.549400116678479655e+00 5.361355623256721659e-01 -2.810831869243191061e-01 1.807443765094588206e-01 5.888631757726066063e+00 1.075525859683245677e+01 1.626393981948385914e+01
6.920704670939954450e-01 1.003129450731055972e+00 -2.054568930914592029e-01 -4.964574761314553442e+00 1.255839317321066240e+00 7.327389423726837769e-02 6.368970952743653324e-01 5.786668774754395450e+00 1.068627625826412064e+01 1.453352885559936070e+01
6.911296680588814301e-01 9.993106291262268126e-01 -2.029315367677347048e-01 -5.144964721046695111e+00 1.375112390705742760e+00 8.324848268629114756e-02 6.552079810718053343e-01 5.757056171221577756e+00 1.091841728484659768e+01 1.464631669758042243e+01
6.879051082293025088e-01 9.875465695822994716e-01 -1.944638665758538776e-01 -4.935104836565867181e+00 1.537942981312872881e+00 1.722560520273530571e-01 5.387313117228000880e-01 6.355653101106256919e+00 1.079451445547142363e+01 1.480749678007539849e+01
6.811774164046422442e-01 9.665106757497159418e-01 -1.836513690143768973e-01 -3.801908339284334470e+00 1.853863667201504306e+00 4.340184205789320293e-01 2.437048298741838204e-01 7.428382181623172542e+00 8.426395053581620331e+00 1.513926233842792612e+01
6.786619014897252722e-01 9.572826722392618892e-01 -1.796344234205221047e-01 -4.300052633493153920e+00 2.023947802602368728e+00 4.462306713276290582e-01 6.195953057845087208e-01 7.643113191303741338e+00 1.028964948490810727e+01 1.527560140405777211e+01
6.731047594372124854e-01 9.382385318282736586e-01 -1.716944905257836163e-01 -5.011031895879411557e+00 2.395271825970202162e+00 4.698784121119305990e-01 1.139375819036344550e+00 7.416614047845377478e+00 9.487117696733035288e+00 1.439017273051511836e+01
6.698015414491665931e-01 9.284994744044652304e-01 -1.681955054931872917e-01 -4.309185096649166269e+00 2.743732942079871506e+00 5.989799788561971372e-01 6.129920443950559461e-01 8.343845795394670972e+00 8.194901852926157915e+00 1.351034716002874170e+01
6.647872758968684792e-01 9.148453427356840750e-01 -1.633097426990071099e-01 -4.847642273279295644e+00 2.650802795831936010e+00 3.462146619303267947e-01 5.728660764813600093e-01 8.053574881474800051e+00 9.439630604578688633e+00 1.404046654215918366e+01
6.604176644312849120e-01 9.015920461608202263e-01 -1.590473671675504685e-01 -4.131458496458999541e+00 2.563009063838140644e+00 3.526311041220304698e-01 3.860209067672414340e-01 7.480039608139163576e+00 7.545832952814286898e+00 1.330507932296350049e+01
6.582046853412056864e-01 8.925885748800914676e-01 -1.570516391619581897e-01 -4.439909100957716070e+00 2.104106970597978687e+00 -1.081152674568967020e-01 2.144340742488214102e-01 6.585839243768502271e+00 8.387716003656064956e+00 1.381612143380393576e+01
6.535828803837032686e-01 8.697179079883551323e-01 -1.497816521860708683e-01 -5.053839516020871336e+00 2.102636949654550946e+00 -2.846027757276821113e-01 5.904186404985937164e-01 6.804920397637528318e+00 9.439583291998632220e+00 1.390960858246124054e+01
6.521775525647699467e-01 8.603906015866247259e-01 -1.464160566988603751e-01 -4.508741242035447350e+00 2.287447325468611403e+00 -1.987468345124732139e-02 4.617471493417029116e-01 7.136500073673232691e+00 8.019440089787323700e+00 1.372370927888922765e+01
6.505036001876022267e-01 8.468693044340231957e-01 -1.425902299233405279e-01 -4.059421874450953815e+00 2.269750688500201896e+00 4.635987043824751908e-02 3.095343070710763755e-01 6.659723791218625344e+00 7.734786965941406578e+00 1.206450153497341837e+01
6.494256870551026184e-01 8.382668919462001877e-01 -1.406170858750186714e-01 -4.318794863758156133e+00 2.493075559760086879e+00 1.766000219688741435e-01 8.061099380084644217e-01 6.836075299400930838e+00 7.224581774493116448e+00 1.147001331388769962e+01
6.476362939563973242e-01 8.259782276028009296e-01 -1.373555023366377914e-01 -4.377789679886558538e+00 2.292043195306570080e+00 1.999422642303660957e-01 8.450574445143143043e-01 6.312677290176040401e+00 6.700654974338011272e+00 1.208701524985047371e+01
6.467423145927052586e-01 8.181369059932467325e-01 -1.355199295019011707e-01 -4.607036060179675374e+00 2.088797674395808102e+00 8.279610193080788605e-02 9.337674658781892623e-01 5.666967802767810980e+00 7.174383458097370436e+00 1.186333233526761965e+01
6.443205463689105628e-01 8.031243957631418739e-01 -1.301022632371816312e-01 -4.990982318860693212e+00 2.210627380820464172e+00 1.106561578962990122e-01 1.117957604694596041e+00 5.795902540379732848e+00 7.718127724478634377e+00 1.226487600139419776e+01
6.419489422914147481e-01 7.910211946634659874e-01 -1.242024814887737055e-01 -5.517742461768587958e+00 2.759211802035755667e+00 4.371862584275172381e-01 1.487633240455285222e+00 6.753437877563345459e+00 8.267436049590473957e+00 1.298066523199996070e+01
6.356437884603860500e-01 7.480194490019569376e-01 -1.082813404008996228e-01 -5.674433316817421691e+00 2.551318104459776581e+00 4.265115903025955557e-01 1.789879543801805806e+00 5.716100764401542911e+00 8.945069924249592574e+00 1.125047895960690880e+01
6.341671486929433277e-01 7.395523305027776884e-01 -1.047730693318547623e-01 -5.558844270166393819e+00 2.736257348979044934e+00 6.331840962356807267e-01 1.897661048301499953e+00 5.940429448305525995e+00 8.002285105797881215e+00 1.164123004573696818e+01
6.317403410451253309e-01 7.272781552412632688e-01 -1.009738911567365782e-01 -5.537160865208924143e+00 3.261647445280929425e+00 9.103140515418006729e-01 2.178102449126903206e+00 6.740634729349368470e+00 7.402276382844564573e+00 1.160304513507146851e+01
6.270952082623881818e-01 7.101520579677876865e-01 -9.559502174939421559e-02 -5.951523558284835147e+00 3.703187790391700762e+00 1.143497453420678767e+00 2.490244290257072279e+00 7.449689190098610858e+00 7.891660183210141177e+00 1.207644753083341627e+01
6.257047059342913942e-01 7.058424897375401574e-01 -9.446850911141757567e-02 -5.841322361304299271e+00 4.078768168265861860e+00 1.277622529831346831e+00 2.586501336398327133e+00 8.122662058129598961e+00 7.523021524390120618e+00 1.191550565844475074e+01
6.186326476226653437e-01 6.895547764020240056e-01 -9.035836353141571409e-02 -5.550524542516455107e+00 4.731562205961842515e+00 1.414352767922839593e+00 2.741149768918742069e+00 9.218765756113500132e+00 6.759510057732451394e+00 1.146990551782544721e+01
6.123933012640022655e-01 6.775407210406207970e-01 -8.857637218471881013e-02 -6.061369683599346914e+00 4.823669727594631418e+00 1.391797421249618472e+00 2.988367697321958172e+00 9.243420749049368723e+00 7.116387720735096067e+00 1.247582639014919970e+01
6.046843099454733972e-01 6.610864052848295369e-01 -8.963144028972969135e-02 -4.079004584478301609e+00 5.099075699200746215e+00 1.360962607763181786e+00 2.293732650514380023e+00 9.847228821257543174e+00 3.974430076829022607e+00 1.195265168072620732e+01
5.996127642356585685e-01 6.456373368677715829e-01 -9.400399439915579913e-02 -3.609398144781111206e+00 4.861302907471801937e+00 1.228249415092828034e+00 1.965944470942638800e+00 9.121394627944839684e+00 1.999881177130113930e+00 1.449788457535046327e+01
5.982476909424228051e-01 6.396592374666061342e-01 -9.639610079648597285e-02 -3.124877921011648407e+00 4.514128830623806543e+00 1.202982738471769952e+00 1.420425156673780220e+00 9.418783896739123307e+00 1.205602409380341244e+00 1.453663992995830156e+01
5.924214976576600566e-01 6.078376172130302013e-01 -1.130849254916743429e-01 -1.573694441834142088e+00 3.655948826261725237e+00 9.479072171336859753e-01 1.067540930828197343e+00 7.793160154510734294e+00 -7.845980375084311564e-01 9.469809423590309194e+00
5.913489554448643215e-01 6.019071292542711449e-01 -1.165079303971904845e-01 -1.206173233458031291e+00 3.846321495326398221e+00 9.669037541328719954e-01 1.093635493145240112e+00 7.737725368350456101e+00 -1.740249611996100620e+00 9.730484892984668122e+00
5.864255049022140120e-01 5.818868217230814821e-01 -1.356650415059638681e-01 3.086640479703875783e+00 2.906237764546562463e+00 1.422808728886808760e+00 -5.581442428778482512e-01 6.734610071879863824e+00 -8.848843177668879179e+00 3.328188308491238701e+00
5.853827198899341777e-01 5.791126365469048132e-01 -1.461972712134664842e-01 3.763528518668704859e+00 3.000844085218814072e+00 1.758393577811746988e+00 -7.696215254145949425e-01 7.185894010444345170e+00 -1.029154185295016433e+01 1.453429226249731920e+00
5.829914245519043359e-01 5.760391119129035786e-01 -1.695248415798563113e-01 3.631438046388703711e+00 2.166451318453213482e+00 1.699803353919400628e+00 -1.500210876911022506e+00 5.128438924120345632e+00 -1.269047235748118929e+01 3.931217371864367038e+00
5.824826792838266876e-01 5.751500408139169629e-01 -1.759335135013976870e-01 3.618782981797359355e+00 1.492614325464381553e+00 1.467717928508827097e+00 -1.913402342775494258e+00 3.518641762640163151e+00 -1.373124967643979133e+01 4.486312577151364778e+00
5.810489041016246858e-01 5.722216062532137215e-01 -2.072207643364071816e-01 4.367670068085138801e+00 -7.181211831557751113e-01 7.873149742954060892e-01 -2.845866877965359976e+00 -1.234796799253353505e+00 -1.436298394504042442e+01 2.755968273353789133e+00
5.812732136316849374e-01 5.713428982679368273e-01 -2.176910551006937811e-01 4.563060216817508064e+00 3.615682699028954783e-02 1.415922994115083267e+00 -2.751002718597967966e+00 1.009503375969377004e+00 -1.453455424896733561e+01 2.073079616279009496e+00
5.803431462415042930e-01 5.690934317716189739e-01 -2.386252491430465861e-01 6.088054305171556990e+00 -7.017797889719803450e-01 1.969477761952956207e+00 -3.661364706276844849e+00 -2.460548575725519105e-01 -1.811150072562933744e+01 8.771315311573679718e-01
5.789289118355360753e-01 5.681372159040165570e-01 -2.540823895414471845e-01 6.609737319160426061e+00 -9.397324604401794401e-01 1.909385108622518201e+00 -3.732959307213493005e+00 -6.967444101965676317e-01 -1.877952236770295613e+01 4.887932457901063288e-02
5.776309557102472514e-01 5.671375793585533565e-01 -2.687398121506612836e-01 6.707622222384300059e+00 -1.814049786288336907e+00 1.732987301023325877e+00 -4.183272511904624125e+00 -2.131920300574684735e+00 -1.985748210611090059e+01 -1.008147600725192022e-01
5.766346809518997363e-01 5.660108347520984573e-01 -2.786198202590478012e-01 6.186386527190672169e+00 -2.111087518744009461e+00 1.820372899785446474e+00 -4.418295924875287106e+00 -1.769221965222548931e+00 -2.038037683463368666e+01 1.615703714816381364e-01
5.757009347351207396e-01 5.647114085807962702e-01 -2.888343929937277066e-01 6.925179405524669818e+00 -2.161672123768714204e+00 2.059122732830340308e+00 -4.934842665114370419e+00 -2.795123132374553343e+00 -2.339132985202587278e+01 4.206280503442769714e-01
5.739604782658784821e-01 5.598432682157377105e-01 -3.177418342051224198e-01 6.679604493136106491e+00 -3.593922405163571199e+00 1.467324555426996691e+00 -5.226411179887263003e+00 -5.216722367304866381e+00 -2.306172518319818110e+01 -2.268734718523980065e-01
5.737448822864952280e-01 5.580512881386303636e-01 -3.289702458732624013e-01 7.013942158537146199e+00 -3.985901895217342172e+00 1.742248739424351101e+00 -5.237940170709628696e+00 -4.818087483638984203e+00 -2.333491039462320416e+01 -1.454263545685796855e+00
5.735117376806182499e-01 5.554989673068986278e-01 -3.449891180667106205e-01 6.603463655703798452e+00 -3.413877402839426090e+00 2.269065512253969352e+00 -4.815881789247894673e+00 -4.079222384910064392e+00 -2.221653831563722292e+01 -2.461734188425781067e+00
5.729645985155614740e-01 5.540519491060322821e-01 -3.556298399872992455e-01 6.702537919615341622e+00 -3.009535879335401454e+00 2.622468927637953140e+00 -4.518683331142641535e+00 -3.115645115973003865e+00 -2.174950736273842722e+01 -3.270479965162468083e+00
5.706008919704623761e-01 5.541563786818909376e-01 -3.840651989788705922e-01 7.496979448318626282e+00 -3.298373618263421569e+00 3.298651126803300748e+00 -4.895897023674605109e+00 -3.672675949378144900e+00 -2.408023993839799459e+01 -5.277512006161175329e+00
5.699458635879068868e-01 5.556169807605364497e-01 -3.956168705619791948e-01 7.402831563681062654e+00 -5.016589740889895843e+00 2.854953494881274256e+00 -5.193156467441815138e+00 -6.559514260114961637e+00 -2.455603405596623645e+01 -4.881450763417372052e+00
5.698439198572251563e-01 5.575250118738592775e-01 -4.067065645363777682e-01 6.466843203668010354e+00 -4.702569389578839854e+00 2.740558399980135285e+00 -5.347343687708673521e+00 -6.713498693888680258e+00 -2.424646769513133293e+01 -5.070769490632750731e+00
5.716071073296857818e-01 5.606142439377281850e-01 -4.216556065909360385e-01 6.227867005275375512e+00 -6.273862337853610249e+00 2.292340455870983895e+00 -5.757602464445230162e+00 -1.082424982481140852e+01 -2.499788397213835367e+01 -4.946694303200190213e+00
5.765799797957562589e-01 5.644887706462279331e-01 -4.412102942417042151e-01 7.133022365881980242e+00 -7.267700546825302865e+00 2.854452241759187103e+00 -6.062234825473930222e+00 -1.137632483339609379e+01 -2.739437715921038929e+01 -5.256558991442121354e+00
5.812162341976443436e-01 5.664955400070910141e-01 -4.568844458194853964e-01 6.660448874990034795e+00 -7.070080158181275110e+00 2.849844625221501282e+00 -6.081616998201080371e+00 -1.206110769034687635e+01 -2.687697203865486983e+01 -5.355681256891467790e+00
5.863097884071054589e-01 5.669929612174313682e-01 -4.725609664238940022e-01 6.930833186823095460e+00 -6.893889620387168904e+00 3.342297028756096466e+00 -5.480202426427235984e+00 -1.088557332018812929e+01 -2.611378219045600346e+01 -7.274520901060366640e+00
5.916722310794589879e-01 5.658572994859670802e-01 -4.877617349198173358e-01 5.953046805128404451e+00 -7.693121268232772536e+00 2.908816742295142976e+00 -5.236059469259693344e+00 -1.141627500561625652e+01 -2.531136226232604969e+01 -6.274307805041310360e+00
5.967696575022366501e-01 5.631341811214449766e-01 -5.017970807930500765e-01 5.521295200874742903e+00 -6.935246236617099491e+00 3.044085876240441912e+00 -4.627701037957353769e+00 -1.027829399722846482e+01 -2.289288962420102536e+01 -7.052694650681798016e+00
6.026492350609939930e-01 5.605027842843172126e-01 -5.204149598354357309e-01 5.684688978131742232e+00 -6.982915127961877744e+00 3.532912351939880402e+00 -4.906068876436513015e+00 -8.616307534971566540e+00 -2.444484683587031881e+01 -8.425627896441326925e+00
6.047093370027065706e-01 5.599506307164903163e-01 -5.305687566620443940e-01 4.864871725225023980e+00 -7.323881993461203166e+00 3.194887970156353063e+00 -5.049403963976438980e+00 -1.014668017219056217e+01 -2.413391790800344694e+01 -7.629479252274827594e+00
6.071076706725457850e-01 5.599599727633189916e-01 -5.408562436499775306e-01 4.525280013374551658e+00 -8.121982986691648421e+00 3.304498890705363845e+00 -5.262567992448691889e+00 -1.070420018245025418e+01 -2.555487378516800945e+01 -7.284120021538292633e+00
6.134307268351572029e-01 5.597404563588340709e-01 -5.664484924349229011e-01 4.383953135779622201e+00 -8.471059771656156201e+00 3.447474894514455102e+00 -5.095985343576269422e+00 -1.178221560983723926e+01 -2.483443769740099327e+01 -7.099419096516726313e+00
6.162415530199022440e-01 5.595269743743855884e-01 -5.765086476969684126e-01 4.156874429413725203e+00 -8.257082817934202623e+00 3.443556935876631364e+00 -5.235008173240681018e+00 -1.174715345941112332e+01 -2.427739836706095033e+01 -7.469346070375258329e+00
6.207418917731954977e-01 5.591484637134163105e-01 -5.915591084603486483e-01 2.942406762359117689e+00 -9.376506710889316309e+00 3.344425612915302715e+00 -4.773505746659188809e+00 -1.217987007827823120e+01 -2.421908038748281200e+01 -7.924208873483942206e+00
6.252669161023520772e-01 5.590095701880797296e-01 -6.059439406019101471e-01 2.983945359958670718e+00 -9.035328406813432522e+00 3.222653494976156274e+00 -5.453738565162582930e+00 -1.180931985863842471e+01 -2.454698920655046734e+01 -6.650135080108066532e+00
6.315227747777469869e-01 5.589821750517498522e-01 -6.303275537397839967e-01 3.087470663381591152e+00 -8.053350158767289102e+00 3.564408723432289428e+00 -5.218087932917701899e+00 -1.057565892674942809e+01 -2.389443844477575141e+01 -8.248533288540732755e+00
6.324791079819123141e-01 5.589180462731250243e-01 -6.351722354327600240e-01 2.290630746564991327e+00 -7.901781444884010241e+00 3.275326397750527363e+00 -5.334917439426721586e+00 -1.081328591305175912e+01 -2.423919376835944917e+01 -7.419484453087242137e+00
6.357547406325076977e-01 5.586307744689040788e-01 -6.550113638653589643e-01 1.093904645708617451e+00 -9.045683397902649858e+00 2.799319379377771533e+00 -5.439900526330253783e+00 -1.115828124297734369e+01 -2.455972792531473914e+01 -7.149519467370780923e+00
6.527309539452934573e-01 5.740160148255271100e-01 -8.608136342277649122e-01 1.335616623847161177e+00 -1.098276460990551584e+01 3.530292741494535314e+00 -5.145746494385780245e+00 -9.013430831844468472e+00 -2.312910832653221505e+01 -1.491187835142180340e+01
6.521511621885047738e-01 5.704524006741281683e-01 -8.578716589315338314e-01 7.055552914016549604e-01 -1.258700590345053705e+01 2.772963145317834055e+00 -5.452864674029944680e+00 -8.818202543689203310e+00 -2.471611659322244137e+01 -1.417093265333386931e+01
6.605120336644378920e-01 6.901359966874167640e-01 -8.880290484281812002e-01 4.091110658349817797e+00 -7.273883735447711274e+00 6.440016143367476076e+00 -2.217768346679505509e+00 -9.741816028306587327e+00 -1.460257207266814383e+01 -2.352763509572992007e+01
6.614678721004253470e-01 7.006313005765805180e-01 -8.877394414433297243e-01 3.475654313464580092e+00 -4.928017735462852045e+00 6.762644688347709376e+00 -1.393561047188828672e+00 -1.102085762855996087e+01 -1.404248536037304973e+01 -2.475065472659409949e+01
6.670987520960424133e-01 7.381393923967971560e-01 -8.847246756192859163e-01 2.815116562813801515e+00 -4.574276366802692451e+00 6.262023734070630177e+00 -1.236665742728137563e+00 -1.366890174770223965e+01 -1.395924015367399029e+01 -2.721934116326785613e+01
6.694550143271396081e-01 7.572771978588181963e-01 -8.819585474816633575e-01 2.649042746157734385e+00 -3.945357602121501550e+00 4.458391677187536928e+00 -1.764104571532209009e+00 -1.281629157843359756e+01 -1.230444707909126834e+01 -2.715648921851279951e+01
6.702533291844612329e-01 7.694108870921902987e-01 -8.802973976035496362e-01 2.361485220410092012e+00 -3.054601988726179052e+00 2.330643926670908694e+00 -1.543428809874282992e+00 -1.257919368969982976e+01 -1.210275034827263063e+01 -2.688459965559974307e+01
6.708165772135322724e-01 7.811769791679762376e-01 -8.787440798206161974e-01 2.291429532756957155e+00 -2.292929747956371500e+00 1.047186876954512957e+00 -6.448882809252737269e-01 -1.260284888882022436e+01 -1.193491826967832203e+01 -2.691613529033012142e+01
6.717589002320760727e-01 8.672017530376585626e-01 -8.654492879345567768e-01 0.000000000000000000e+00 0.000000000000000000e+00 0.000000000000000000e+00 0.000000000000000000e+00 0.000000000000000000e+00 0.000000000000000000e+00 0.000000000000000000e+00
6.718189528499524110e-01 8.721840692469936540e-01 -8.641256791235970569e-01 0.000000000000000000e+00 0.000000000000000000e+00 0.000000000000000000e+00 0.000000000000000000e+00 0.000000000000000000e+00 0.000000000000000000e+00 0.000000000000000000e+00
6.727813606625210330e-01 9.018044876297460766e-01 -8.555301702926292329e-01 0.000000000000000000e+00 0.000000000000000000e+00 0.000000000000000000e+00 0.000000000000000000e+00 0.000000000000000000e+00 0.000000000000000000e+00 0.000000000000000000e+00
6.729095021199927862e-01 9.403747796956095639e-01 -8.363704111766399052e-01 0.000000000000000000e+00 0.000000000000000000e+00 0.000000000000000000e+00 0.000000000000000000e+00 0.000000000000000000e+00 0.000000000000000000e+00 0.000000000000000000e+00
6.728516661714900593e-01 9.448743331026484560e-01 -8.337163755468234294e-01 0.000000000000000000e+00 0.000000000000000000e+00 0.000000000000000000e+00 0.000000000000000000e+00 0.000000000000000000e+00 0.000000000000000000e+00 0.000000000000000000e+00
6.731862881618583261e-01 9.649175085379041450e-01 -8.212719454092406446e-01 0.000000000000000000e+00 0.000000000000000000e+00 0.000000000000000000e+00 0.000000000000000000e+00 0.000000000000000000e+00 0.000000000000000000e+00 0.000000000000000000e+00
6.732654563904856282e-01 9.686816106907667479e-01 -8.192761934787359257e-01 0.000000000000000000e+00 0.000000000000000000e+00 0.000000000000000000e+00 0.000000000000000000e+00 0.000000000000000000e+00 0.000000000000000000e+00 0.000000000000000000e+00
6.730773318133946859e-01 9.824267235514140273e-01 -8.124700664635162717e-01 0.000000000000000000e+00 0.000000000000000000e+00 0.000000000000000000e+00 0.000000000000000000e+00 0.000000000000000000e+00 0.000000000000000000e+00 0.000000000000000000e+00
6.742371637265704987e-01 9.964303577030653170e-01 -8.047176136638024557e-01 0.000000000000000000e+00 0.000000000000000000e+00 0.000000000000000000e+00 0.000000000000000000e+00 0.000000000000000000e+00 0.000000000000000000e+00 0.000000000000000000e+00
6.753280277522688557e-01 1.007695149677092061e+00 -7.977894011645232375e-01 0.000000000000000000e+00 0.000000000000000000e+00 0.000000000000000000e+00 0.000000000000000000e+00 0.000000000000000000e+00 0.000000000000000000e+00 0.000000000000000000e+00
6.750127395768217298e-01 1.003856806717153161e+00 -8.002290216814305079e-01 0.000000000000000000e+00 0.000000000000000000e+00 0.000000000000000000e+00 0.000000000000000000e+00 0.000000000000000000e+00 0.000000000000000000e+00 0.000000000000000000e+00
6.741129564281111985e-01 1.030604738933201814e+00 -7.825911610143650998e-01 0.000000000000000000e+00 0.000000000000000000e+00 0.000000000000000000e+00 0.000000000000000000e+00 0.000000000000000000e+00 0.000000000000000000e+00 0.000000000000000000e+00
6.720298181362100998e-01 1.042227496538187914e+00 -7.748178332078387021e-01 0.000000000000000000e+00 0.000000000000000000e+00 0.000000000000000000e+00 0.000000000000000000e+00 0.000000000000000000e+00 0.000000000000000000e+00 0.000000000000000000e+00
6.706489013184228076e-01 1.050125575800045397e+00 -7.692101658951701060e-01 0.000000000000000000e+00 0.000000000000000000e+00 0.000000000000000000e+00 0.000000000000000000e+00 0.000000000000000000e+00 0.000000000000000000e+00 0.000000000000000000e+00
6.681516215860081598e-01 1.065302571631533191e+00 -7.578064977198425423e-01 0.000000000000000000e+00 0.000000000000000000e+00 0.000000000000000000e+00 0.000000000000000000e+00 0.000000000000000000e+00 0.000000000000000000e+00 0.000000000000000000e+00
6.673194580743306847e-01 1.072982138754406733e+00 -7.515936917295136244e-01 0.000000000000000000e+00 0.000000000000000000e+00 0.000000000000000000e+00 0.000000000000000000e+00 0.000000000000000000e+00 0.000000000000000000e+00 0.000000000000000000e+00
6.674597350790942851e-01 1.080895661832255605e+00 -7.447991531399960063e-01 0.000000000000000000e+00 0.000000000000000000e+00 0.000000000000000000e+00 0.000000000000000000e+00 0.000000000000000000e+00 0.000000000000000000e+00 0.000000000000000000e+00
6.719897418620757179e-01 1.093034134483968689e+00 -7.301702621936750903e-01 0.000000000000000000e+00 0.000000000000000000e+00 0.000000000000000000e+00 0.000000000000000000e+00 0.000000000000000000e+00 0.000000000000000000e+00 0.000000000000000000e+00
6.758783427789007980e-01 1.097191010484161788e+00 -7.245791057246792066e-01 0.000000000000000000e+00 0.000000000000000000e+00 0.000000000000000000e+00 0.000000000000000000e+00 0.000000000000000000e+00 0.000000000000000000e+00 0.000000000000000000e+00
6.901598451628826458e-01 1.103696983091696504e+00 -7.162246956311516533e-01 0.000000000000000000e+00 0.000000000000000000e+00 0.000000000000000000e+00 0.000000000000000000e+00 0.000000000000000000e+00 0.000000000000000000e+00 0.000000000000000000e+00
6.968173217456193891e-01 1.104430146249919975e+00 -7.138476639734913087e-01 0.000000000000000000e+00 0.000000000000000000e+00 0.000000000000000000e+00 0.000000000000000000e+00 0.000000000000000000e+00 0.000000000000000000e+00 0.000000000000000000e+00
7.091804301155553159e-01 1.107169069743229484e+00 -7.106382059742243351e-01 0.000000000000000000e+00 0.000000000000000000e+00 0.000000000000000000e+00 0.000000000000000000e+00 0.000000000000000000e+00 0.000000000000000000e+00 0.000000000000000000e+00
7.140911122067974404e-01 1.108755427115089454e+00 -7.106330407597010179e-01 0.000000000000000000e+00 0.000000000000000000e+00 0.000000000000000000e+00 0.000000000000000000e+00 0.000000000000000000e+00 0.000000000000000000e+00 0.000000000000000000e+00
7.211633269913915179e-01 1.109278998805688587e+00 -7.135454962730034545e-01 0.000000000000000000e+00 0.000000000000000000e+00 0.000000000000000000e+00 0.000000000000000000e+00 0.000000000000000000e+00 0.000000000000000000e+00 0.000000000000000000e+00
7.259338686136738161e-01 1.108053658819327048e+00 -7.163546293504570173e-01 0.000000000000000000e+00 0.000000000000000000e+00 0.000000000000000000e+00 0.000000000000000000e+00 0.000000000000000000e+00 0.000000000000000000e+00 0.000000000000000000e+00
7.335836455382193089e-01 1.104821447247624100e+00 -7.195512179493440685e-01 0.000000000000000000e+00 0.000000000000000000e+00 0.000000000000000000e+00 0.000000000000000000e+00 0.000000000000000000e+00 0.000000000000000000e+00 0.000000000000000000e+00
7.462751120069428534e-01 1.096978122360152685e+00 -7.202122193258730931e-01 0.000000000000000000e+00 0.000000000000000000e+00 0.000000000000000000e+00 0.000000000000000000e+00 0.000000000000000000e+00 0.000000000000000000e+00 0.000000000000000000e+00
7.542911178947668827e-01 1.088786125371009827e+00 -7.207211305708525195e-01 0.000000000000000000e+00 0.000000000000000000e+00 0.000000000000000000e+00 0.000000000000000000e+00 0.000000000000000000e+00 0.000000000000000000e+00 0.000000000000000000e+00
7.608970179546674650e-01 1.081958152951246976e+00 -7.207847406115971411e-01 0.000000000000000000e+00 0.000000000000000000e+00 0.000000000000000000e+00 0.000000000000000000e+00 0.000000000000000000e+00 0.000000000000000000e+00 0.000000000000000000e+00
7.737980074799530872e-01 1.069256094890832731e+00 -7.206291714408817883e-01 0.000000000000000000e+00 0.000000000000000000e+00 0.000000000000000000e+00 0.000000000000000000e+00 0.000000000000000000e+00 0.000000000000000000e+00 0.000000000000000000e+00
7.841664022354981611e-01 1.059887981144140401e+00 -7.192997418877580262e-01 0.000000000000000000e+00 0.000000000000000000e+00 0.000000000000000000e+00 0.000000000000000000e+00 0.000000000000000000e+00 0.000000000000000000e+00 0.000000000000000000e+00
8.057131070397186567e-01 1.037909649545733171e+00 -7.200303960980579676e-01 0.000000000000000000e+00 0.000000000000000000e+00 0.000000000000000000e+00 0.000000000000000000e+00 0.000000000000000000e+00 0.000000000000000000e+00 0.000000000000000000e+00
8.122270663889191722e-01 1.031124639838018719e+00 -7.226574196270288963e-01 0.000000000000000000e+00 0.000000000000000000e+00 0.000000000000000000e+00 0.000000000000000000e+00 0.000000000000000000e+00 0.000000000000000000e+00 0.000000000000000000e+00
8.211898087889899500e-01 1.020927712542874399e+00 -7.269387776832845205e-01 0.000000000000000000e+00 0.000000000000000000e+00 0.000000000000000000e+00 0.000000000000000000e+00 0.000000000000000000e+00 0.000000000000000000e+00 0.000000000000000000e+00
8.240519833984970566e-01 1.017539898146082589e+00 -7.285005620639283253e-01 0.000000000000000000e+00 0.000000000000000000e+00 0.000000000000000000e+00 0.000000000000000000e+00 0.000000000000000000e+00 0.000000000000000000e+00 0.000000000000000000e+00
8.892444356292527052e-01 9.084916457274798685e-01 -7.692432635137876895e-01 0.000000000000000000e+00 0.000000000000000000e+00 0.000000000000000000e+00 0.000000000000000000e+00 0.000000000000000000e+00 0.000000000000000000e+00 0.000000000000000000e+00
8.952522821144637266e-01 8.928397298854416908e-01 -7.734912604465570274e-01 0.000000000000000000e+00 0.000000000000000000e+00 0.000000000000000000e+00 0.000000000000000000e+00 0.000000000000000000e+00 0.000000000000000000e+00 0.000000000000000000e+00
9.001591611014678751e-01 8.773886546565655697e-01 -7.779947159432119008e-01 0.000000000000000000e+00 0.000000000000000000e+00 0.000000000000000000e+00 0.000000000000000000e+00 0.000000000000000000e+00 0.000000000000000000e+00 0.000000000000000000e+00
9.039570642969997349e-01 8.624002933063665832e-01 -7.818401902049271213e-01 0.000000000000000000e+00 0.000000000000000000e+00 0.000000000000000000e+00 0.000000000000000000e+00 0.000000000000000000e+00 0.000000000000000000e+00 0.000000000000000000e+00
9.060270186202243892e-01 8.488147387402806832e-01 -7.857879563229188680e-01 0.000000000000000000e+00 0.000000000000000000e+00 0.000000000000000000e+00 0.000000000000000000e+00 0.000000000000000000e+00 0.000000000000000000e+00 0.000000000000000000e+00
9.064560354337254378e-01 8.409114944924988011e-01 -7.883642582964243140e-01 0.000000000000000000e+00 0.000000000000000000e+00 0.000000000000000000e+00 0.000000000000000000e+00 0.000000000000000000e+00 0.000000000000000000e+00 0.000000000000000000e+00
9.053213469740096775e-01 8.208223118102451199e-01 -7.954268886674433769e-01 0.000000000000000000e+00 0.000000000000000000e+00 0.000000000000000000e+00 0.000000000000000000e+00 0.000000000000000000e+00 0.000000000000000000e+00 0.000000000000000000e+00
9.063975637359817927e-01 8.045595059913647207e-01 -8.002355615346157247e-01 0.000000000000000000e+00 0.000000000000000000e+00 0.000000000000000000e+00 0.000000000000000000e+00 0.000000000000000000e+00 0.000000000000000000e+00 0.000000000000000000e+00
9.040795410715467550e-01 7.443906645967188762e-01 -8.007981223106216406e-01 0.000000000000000000e+00 0.000000000000000000e+00 0.000000000000000000e+00 0.000000000000000000e+00 0.000000000000000000e+00 0.000000000000000000e+00 0.000000000000000000e+00
9.045837132118667023e-01 7.468303609236172091e-01 -8.000223780215159897e-01 0.000000000000000000e+00 0.000000000000000000e+00 0.000000000000000000e+00 0.000000000000000000e+00 0.000000000000000000e+00 0.000000000000000000e+00 0.000000000000000000e+00
9.051634108073156604e-01 7.479613970448819593e-01 -8.004940443602036604e-01 0.000000000000000000e+00 0.000000000000000000e+00 0.000000000000000000e+00 0.000000000000000000e+00 0.000000000000000000e+00 0.000000000000000000e+00 0.000000000000000000e+00
9.051970554802023505e-01 7.479491412437002662e-01 -8.005546799640201883e-01 0.000000000000000000e+00 0.000000000000000000e+00 0.000000000000000000e+00 0.000000000000000000e+00 0.000000000000000000e+00 0.000000000000000000e+00 0.000000000000000000e+00
9.052265830604814267e-01 7.478081706810388862e-01 -8.005420767072252142e-01 0.000000000000000000e+00 0.000000000000000000e+00 0.000000000000000000e+00 0.000000000000000000e+00 0.000000000000000000e+00 0.000000000000000000e+00 0.000000000000000000e+00
9.052998468490736084e-01 7.478542707568154313e-01 -8.005508624491937120e-01 0.000000000000000000e+00 0.000000000000000000e+00 0.000000000000000000e+00 0.000000000000000000e+00 0.000000000000000000e+00 0.000000000000000000e+00 0.000000000000000000e+00
9.053868882411953978e-01 7.477975866024835216e-01 -8.005422892328585283e-01 0.000000000000000000e+00 0.000000000000000000e+00 0.000000000000000000e+00 0.000000000000000000e+00 0.000000000000000000e+00 0.000000000000000000e+00 0.000000000000000000e+00
9.053725989021219611e-01 7.478698368163581023e-01 -8.005597815282714524e-01 0.000000000000000000e+00 0.000000000000000000e+00 0.000000000000000000e+00 0.000000000000000000e+00 0.000000000000000000e+00 0.000000000000000000e+00 0.000000000000000000e+00
9.053172197687788803e-01 7.478319718589904186e-01 -8.006529352557734125e-01 0.000000000000000000e+00 0.000000000000000000e+00 0.000000000000000000e+00 0.000000000000000000e+00 0.000000000000000000e+00 0.000000000000000000e+00 0.000000000000000000e+00
9.053443159961032105e-01 7.479535027854737894e-01 -8.006590448121853054e-01 0.000000000000000000e+00 0.000000000000000000e+00 0.000000000000000000e+00 0.000000000000000000e+00 0.000000000000000000e+00 0.000000000000000000e+00 0.000000000000000000e+00
9.053284714329454808e-01 7.486605847316979423e-01 -8.006477026142250208e-01 0.000000000000000000e+00 0.000000000000000000e+00 0.000000000000000000e+00 0.000000000000000000e+00 0.000000000000000000e+00 0.000000000000000000e+00 0.000000000000000000e+00
9.052281384524700769e-01 7.485417755427361541e-01 -8.007750554106948249e-01 0.000000000000000000e+00 0.000000000000000000e+00 0.000000000000000000e+00 0.000000000000000000e+00 0.000000000000000000e+00 0.000000000000000000e+00 0.000000000000000000e+00
9.050507216230646579e-01 7.484953297313264864e-01 -8.009636057501487993e-01 0.000000000000000000e+00 0.000000000000000000e+00 0.000000000000000000e+00 0.000000000000000000e+00 0.000000000000000000e+00 0.000000000000000000e+00 0.000000000000000000e+00
9.050530183751674951e-01 7.489040228737152693e-01 -8.009036627181541634e-01 0.000000000000000000e+00 0.000000000000000000e+00 0.000000000000000000e+00 0.000000000000000000e+00 0.000000000000000000e+00 0.000000000000000000e+00 0.000000000000000000e+00
9.050878584138243310e-01 7.489046012885671733e-01 -8.008633928134542002e-01 0.000000000000000000e+00 0.000000000000000000e+00 0.000000000000000000e+00 0.000000000000000000e+00 0.000000000000000000e+00 0.000000000000000000e+00 0.000000000000000000e+00
9.050763134364054885e-01 7.488935017191762356e-01 -8.008832022602966338e-01 0.000000000000000000e+00 0.000000000000000000e+00 0.000000000000000000e+00 0.000000000000000000e+00 0.000000000000000000e+00 0.000000000000000000e+00 0.000000000000000000e+00
9.050566515760534170e-01 7.489163950314801088e-01 -8.009160095178687877e-01 0.000000000000000000e+00 0.000000000000000000e+00 0.000000000000000000e+00 0.000000000000000000e+00 0.000000000000000000e+00 0.000000000000000000e+00 0.000000000000000000e+00
