5.520462559892013177e-01 6.980591734891412603e-01 -3.188976351425227285e-01 -1.415355620142018031e-02 -4.330045121714522216e-02 -5.312591750866672846e-02 1.007682583036800805e-02 -1.859069587007891322e-01 2.888559114946812612e-01 3.771892599145695857e-01
5.520479224766587922e-01 6.980618807301626205e-01 -3.188928035152755469e-01 -1.291441354475627024e-01 2.465621876729656367e-02 -1.091804143403092842e-01 6.378409356138609043e-02 -1.309160455339687668e-01 4.603799898300749982e-01 1.608254220612735375e-01
5.520497381834486017e-01 6.980689341041120821e-01 -3.188987027709418998e-01 -4.549289227905026212e-02 -4.293167188723556738e-02 -8.433355931710953546e-02 8.655709329153049580e-02 -4.834560442471460551e-01 2.399834192201110716e-01 9.486806319918314467e-02
5.520481453914829473e-01 6.980708662588366309e-01 -3.188963918259422048e-01 -6.723227217936771083e-02 2.063673207929525230e-02 -3.322315578625084642e-02 4.234600321970786313e-02 -3.014803837326549690e-02 3.122102608754774300e-01 -3.594325616778610926e-04
5.520476818380792849e-01 6.980725942855763311e-01 -3.188976999213576358e-01 -5.104996489261424270e-02 -2.213600725857103532e-02 -5.215988759811752973e-02 1.641699762993177603e-02 -1.648836121912208574e-01 2.027227074157468278e-01 2.707797322129911963e-02
5.520479003911167304e-01 6.980670877625010373e-01 -3.188980821955568756e-01 -1.028360240237087414e-01 -6.100190666709148779e-02 -7.549586053190096568e-02 1.759611298615145619e-02 -1.743137665716878448e-01 2.563492799925262133e-01 3.637399364803907409e-02
5.520488749836229836e-01 6.980726705835931245e-01 -3.188981973220709754e-01 -8.555672698230258610e-02 -9.716982824022141196e-02 -5.182185687520213246e-02 -3.541346465609218619e-03 -2.012165850430036318e-01 2.033028511552118500e-01 4.021752867117427827e-02
5.520473146214377458e-01 6.980734966944726061e-01 -3.188983758723798467e-01 -4.537565319009729398e-02 -3.181584141641011915e-02 -2.441340821922836218e-02 1.975149899590440683e-02 -1.179432050080766042e-01 2.286258261172699202e-01 -4.328678757053558424e-02
5.520483044431023778e-01 6.980706167963863784e-01 -3.188972411322602563e-01 -4.184734695728219156e-02 -5.713859514682889662e-02 -3.507549532112838597e-02 1.515335618353915413e-02 -2.239415550885545947e-01 2.259966975917409582e-01 -4.868282844303885998e-02
5.520483174607822008e-01 6.980718930979136205e-01 -3.188973109127136718e-01 -8.071545180865721814e-02 -4.067353881422803435e-02 -5.421668979892283607e-02 2.317310157250500671e-02 -2.387675276408534886e-01 2.407118413848694793e-01 7.173431164970785201e-02
5.520488039408004699e-01 6.980697647737950096e-01 -3.188975003624648363e-01 -8.274608874226010991e-02 -2.219846943145102960e-03 -5.341258080117201879e-02 3.556828230179118894e-02 -1.931485446135382533e-01 2.623371356542383848e-01 1.033187908486096762e-01
5.520488814282211720e-01 6.980694028372574911e-01 -3.188972316656982775e-01 -6.712712031301587556e-02 -4.587552995940409606e-02 -4.655114771310418786e-02 1.343161645172778057e-02 -2.521937469327780734e-01 2.175746324598137882e-01 8.444977916187332290e-02
5.520478765681917643e-01 6.980694745606653706e-01 -3.188978886042260763e-01 -4.840478168904720907e-02 -4.931304085010931870e-02 -2.926635467540449065e-02 1.455205106577385152e-02 -2.347243134231252470e-01 2.136288671819087659e-01 3.874001093979582283e-02
5.520475465658768455e-01 6.980688848299816396e-01 -3.188969869268170054e-01 -6.120163438992481247e-02 -6.306077354483372033e-02 -3.130813836334662981e-02 7.883914521497958211e-03 -2.217289405369645694e-01 2.425219199496316536e-01 5.031852347263983394e-02
5.520484161491774344e-01 6.980697093400495268e-01 -3.188990308555605946e-01 -5.537228464536467915e-02 -6.711553618105044194e-02 -2.600201434669934322e-02 -9.192074103476062519e-03 -1.913520926749474882e-01 1.593085400492284809e-01 6.783030413018686922e-02
5.520475339874162390e-01 6.980723627683905752e-01 -3.188976482300977522e-01 -6.716624391269603034e-02 -1.031407059947054700e-01 -2.870950187836954909e-02 -2.240708695027737035e-02 -2.338072520271247678e-01 2.503411861091714985e-01 3.058029310426407452e-02
5.520480532982183774e-01 6.980695259020727184e-01 -3.189002423454022073e-01 -5.939964914288737435e-02 -5.923193390278855275e-02 -3.487906315825507059e-02 4.653230750328928716e-03 -1.819752890723911887e-01 2.106769583510192112e-01 6.186790603735004695e-02
5.520489295330215374e-01 6.980904827441518634e-01 -3.189190466548018632e-01 1.152276334929332180e-01 -4.153113655512353369e-02 8.143016886333964699e-02 -2.992425306625850004e-02 -8.943546653196195184e-02 -2.796821210150159942e-01 -1.804219301242483697e-01
5.520499909489120505e-01 6.980775029422210398e-01 -3.189057908552581644e-01 -2.835295039769468103e-02 -1.168528060500225452e-01 -2.007150287946567191e-02 -1.806732654264915985e-02 -3.607862465409537589e-01 6.677293490319136104e-02 3.521330968842482922e-02
5.520482217382386425e-01 6.980721061234166358e-01 -3.189043039170440519e-01 -4.198801376798082241e-02 -7.713523695018537074e-02 -3.269730849173325266e-02 -4.411003766000586024e-03 -3.284077717475861746e-01 1.486072750818709098e-01 8.595140398835268702e-02
5.520627340533160732e-01 6.981076073234935286e-01 -3.188974624186666773e-01 6.447707750713332908e-02 -1.747704099760862828e-01 3.833325867891414218e-02 5.468981760372164380e-02 -7.297234383044206574e-01 8.135307544840238159e-02 -4.073241143314953461e-01
5.520581354064691970e-01 6.981125092674462795e-01 -3.189152066033826838e-01 5.014706446612483826e-02 -1.148614986921879522e-01 2.998551494526842387e-02 8.884595517922030949e-02 -5.975442750135105952e-01 1.753071273294504184e-01 -4.435557955324103130e-01
5.520768197070045069e-01 6.983496129391071339e-01 -3.188994790226312714e-01 6.794928316095090459e-02 -1.094929617812999967e-01 3.928214781148157975e-02 1.878749252731391484e-01 -7.360287826156991509e-01 4.393990562347581119e-01 -8.628401464085967421e-01
5.520779582106665195e-01 6.983544961147507557e-01 -3.188939531863880794e-01 -1.680283542178678813e-01 -9.654769003221791435e-02 -1.532735448539899181e-01 1.998136288693529439e-01 -7.392590464156524321e-01 9.774982790453153880e-01 -2.876153551606164815e-01
5.522223803576746803e-01 6.984030223346019417e-01 -3.189051911810845130e-01 -2.449573194352220873e-01 -7.055883115045726850e-01 -3.313581478999819696e-01 -5.525707240571364753e-02 -2.485259379333370156e+00 5.338089907564477210e-01 5.195237427592011015e-01
5.526478725968568817e-01 6.984710200023072080e-01 -3.189176342888601079e-01 -1.636977354146115227e-01 -8.737423617071213844e-01 -2.897555917860879515e-01 -1.550478773088638795e-01 -2.767721078795913670e+00 2.383912540768525490e-01 3.783319480114914479e-01
5.527699753587486109e-01 6.984696806545355185e-01 -3.189381678595158975e-01 -1.106775244448586215e-01 -6.210525129225901164e-01 -2.120184721851106346e-01 -1.447017837991658729e-01 -2.073028554735056428e+00 8.653045705572784407e-02 4.020374819026571456e-01
5.527669982358427436e-01 6.985053000787668775e-01 -3.189346182771793381e-01 -1.106330975258564553e-01 -3.411076312980307890e-01 -1.572762476493226869e-01 2.727410552198487881e-02 -1.249860349822832895e+00 4.697374319332971448e-01 -1.549022437339665215e-01
5.527718259966624137e-01 6.985622398531292632e-01 -3.189219043496823724e-01 -1.209232739026956799e-01 -3.861368287551891765e-01 -1.791033159632127725e-01 1.261655430729745064e-01 -1.518026919002767094e+00 7.674908626980480042e-01 -5.840740157990842452e-01
5.527609450085371190e-01 6.985606775044779226e-01 -3.189233578261002622e-01 -1.082394070775996031e-01 -2.102969222789092818e-01 -1.423652545469116237e-01 9.678131606774578732e-02 -9.253505779698819600e-01 5.501879142950480972e-01 -2.590652182859419228e-01
5.527573657203375124e-01 6.985253370143897911e-01 -3.189197295092636164e-01 -1.953371340420141655e-01 -3.874976105273670313e-01 -2.643852075685548253e-01 -3.946496399261333055e-02 -1.407903662725595417e+00 5.169013276414783364e-01 3.281194468183342705e-01
5.527543652315756173e-01 6.985359430630858624e-01 -3.189249838050845498e-01 -1.481408220938101317e-01 -2.920572489622385581e-01 -1.990981133714510576e-01 -5.895639663652384177e-02 -1.006971403103307017e+00 3.440315012817903306e-01 3.054620559124853196e-01
5.527565648509713547e-01 6.985322194620084968e-01 -3.189208966566677850e-01 -1.640027183232807273e-01 -2.505871642178873482e-01 -2.124910409042565229e-01 -2.479148943768032243e-02 -9.651412341202656453e-01 4.195365691884694326e-01 3.646876490038776786e-01
5.527617345007946881e-01 6.985408326103397236e-01 -3.189192497768577050e-01 -1.789147665983640834e-01 -3.774411546706649689e-01 -2.758698464728838173e-01 2.030122034883422022e-02 -1.546495065126277213e+00 5.435250885819271627e-01 2.538901590794778729e-01
5.527631343763392824e-01 6.985336175672087755e-01 -3.189152468835380616e-01 -1.969509772173531625e-01 -3.816365844339311697e-01 -2.848923300288845883e-01 -3.590407788829322322e-02 -1.463833579762939374e+00 4.653701597801704892e-01 5.117030159026341174e-01
5.527580561728195896e-01 6.985217723522583189e-01 -3.189169825794817004e-01 -2.433847603785188884e-01 -3.534754948332667901e-01 -3.091713306342160905e-01 -5.327973504125116389e-02 -1.366083889908044968e+00 5.353684601888512029e-01 7.631578810775709876e-01
5.527603721838015849e-01 6.985205440783819331e-01 -3.189129375050584470e-01 -2.391859083392014196e-01 -2.993527927405140732e-01 -2.879024786583757600e-01 3.655754572409319891e-02 -1.291579182871431142e+00 6.834571025487023999e-01 5.272527632451307067e-01
5.527586635836317930e-01 6.985157312682966912e-01 -3.189164035995640245e-01 -1.755651535293137055e-01 -3.789171778084478026e-01 -2.400823633459303053e-01 -1.954336222253198752e-02 -1.443115153864286349e+00 3.427941385349077552e-01 5.356411647745543680e-01
5.527577791406672603e-01 6.985305813881008685e-01 -3.189209175256952356e-01 -1.177943069839811618e-01 -3.055103769066707109e-01 -1.711766775437086330e-01 1.457673448390511828e-03 -1.208492469138752412e+00 2.560970035373961173e-01 3.375252603828544085e-01
5.527552928551302536e-01 6.985230870838314843e-01 -3.189189351536362294e-01 -1.189985996386622169e-01 -2.246487269160166722e-01 -1.532797525014453210e-01 1.423288530538287244e-02 -9.207759722091244381e-01 3.008419511021195869e-01 3.103467334683597256e-01
5.527557332465422579e-01 6.985270266161032193e-01 -3.189142372148637272e-01 -1.423620103264524317e-01 -2.216104473883676873e-01 -1.687423129287914381e-01 7.015421345391656405e-02 -1.004035354429760885e+00 5.129327365863772803e-01 1.679683187151062296e-01
5.527575134390090295e-01 6.985310362061425415e-01 -3.189117242204540514e-01 -1.780099817073110824e-01 -1.666879719681106375e-01 -1.898754203257479178e-01 1.356177413767009066e-01 -9.341350325154798018e-01 7.684531228773484601e-01 8.619303738061791231e-02
5.527530909720448360e-01 6.985173382518495844e-01 -3.189095593279825946e-01 -1.916810062337782894e-01 -1.397312211630540868e-01 -1.984414359892126001e-01 9.243305925526278111e-02 -7.542217254247303160e-01 6.905355727158996038e-01 2.946434627084993929e-01
5.527540239693411461e-01 6.985191174204020692e-01 -3.189131228447101285e-01 -1.938169134172866015e-01 -1.803491121828593446e-01 -2.047603979073260583e-01 5.970382247110683771e-02 -8.368917475932831085e-01 6.164917959337860021e-01 3.666026723012891231e-01
5.527536817005882508e-01 6.985197576725519220e-01 -3.189163178723850578e-01 -1.548688508295445188e-01 -2.180309016510696418e-01 -1.776775225032118377e-01 3.066800477968327499e-02 -9.149444039773859672e-01 4.429261684579252067e-01 3.254495297137534604e-01
5.527535025428023108e-01 6.985222998844631270e-01 -3.189171707015804880e-01 -1.350099183729514818e-01 -2.168761555124881224e-01 -1.598552638652377955e-01 1.300753545012708901e-02 -8.730253697501951793e-01 3.513249870958491394e-01 3.175103805203029483e-01
5.527529206330383804e-01 6.985219905937967155e-01 -3.189171481258543106e-01 -1.371728049224722190e-01 -2.127276768259466766e-01 -1.624017270312288486e-01 2.204320256971026293e-02 -8.682940410198858316e-01 3.900902471735887000e-01 3.195587069476258923e-01
5.527522960850037581e-01 6.985167335468671634e-01 -3.189182280950078052e-01 -1.283405235596070115e-01 -2.061232072843093843e-01 -1.547654384505130210e-01 -7.150915009704786329e-03 -8.033273334844949209e-01 2.767655644434601214e-01 3.892039944020498354e-01
5.527511873477857218e-01 6.985148627441761793e-01 -3.189166710270325278e-01 -1.509619834160804142e-01 -1.940329022208082121e-01 -1.732320763140465236e-01 -4.172514606554253436e-03 -7.751859923797436158e-01 3.469097816689193925e-01 4.576267271266579728e-01
5.527507412014444066e-01 6.985100785787475841e-01 -3.189142491490018494e-01 -1.771503426898347611e-01 -2.009436734701333660e-01 -1.979769849978550711e-01 1.476348714531541817e-02 -8.328141506909625402e-01 4.530524050508046296e-01 4.649209972561069715e-01
5.527518687216380622e-01 6.985166332721762794e-01 -3.189143309845835494e-01 -1.740570312155172994e-01 -1.711006238702279247e-01 -1.908428651262995268e-01 2.815539102011746508e-02 -7.433453904944510304e-01 4.762443372705277844e-01 4.247809106545745172e-01
5.527552698410949095e-01 6.985176242186776907e-01 -3.189121619149912212e-01 -1.532514463055876242e-01 -2.120681579704591369e-01 -1.823467079545467162e-01 6.478528976255588934e-02 -9.622875054408276396e-01 5.117725616650271592e-01 2.263062969618021558e-01
5.527545379585490082e-01 6.985126535611483334e-01 -3.189127387083295906e-01 -1.589543516243906440e-01 -2.506399948158182789e-01 -1.957940426862130046e-01 4.722310129710242943e-02 -1.086534542599884023e+00 4.810525101859721708e-01 3.116516840413409151e-01
5.527508235964808669e-01 6.985015157174792044e-01 -3.189220646792325087e-01 -1.577476726884879943e-01 -2.613605849168696982e-01 -1.960368840775574828e-01 -9.371731072540881446e-02 -8.409515909799308853e-01 1.036936647230242980e-01 7.643604007154634061e-01
5.527582769691203879e-01 6.985098731191485832e-01 -3.189126643785563098e-01 -1.808403081182840544e-01 -3.693495527373296117e-01 -2.408291667287367210e-01 -3.310332694410705878e-02 -1.355857385556247241e+00 2.966208830991522438e-01 6.051460931169896362e-01
5.531221666966852357e-01 6.987072175720709932e-01 -3.189313807362318953e-01 -1.410264236088481227e-01 -8.197219878537549409e-01 -3.133104751874913885e-01 1.030114463599933194e-01 -3.326598259589057527e+00 5.173695176243218175e-01 1.374260897715790485e-02
5.550435359188339302e-01 6.990162597636541131e-01 -3.192344773238213751e-01 -2.187667521402750920e-02 -1.166272866965237576e+00 -2.797426708802595030e-01 3.349763052964471743e-03 -4.500038006456188455e+00 -2.397554062999003241e-02 -1.138303593917266848e-01
5.569897974314472755e-01 6.986135544110001483e-01 -3.194634407617268912e-01 -6.102690644293379263e-02 -1.192954954594154238e+00 -3.191542012258055672e-01 1.271986372960237643e-01 -4.835521557445374263e+00 3.545603273705586478e-01 -3.300305103587679034e-01
5.582941017223537195e-01 6.981118863978794664e-01 -3.195127802919507931e-01 -5.628638558177585793e-02 -1.004646090502096190e+00 -2.739499658607008614e-01 1.865378922014916396e-01 -4.243041871506875395e+00 4.903294288244404164e-01 -4.779693166440538432e-01
5.622861595550792124e-01 6.976550460223158723e-01 -3.194131861132385453e-01 6.809138869422567963e-03 -1.873333599972716090e+00 -4.022108849688933452e-01 2.035398893935353448e-01 -7.518249933585085643e+00 3.906676016176174326e-01 -9.225951435356027908e-01
5.655538151033593364e-01 6.972893460920450703e-01 -3.195513266754723691e-01 1.934922071525516096e-01 -2.310322446450610023e+00 -3.318761457261749648e-01 1.152136766045591676e-01 -8.928214679574956847e+00 -3.648515652274148535e-01 -1.212250619173230293e+00
5.716805410326339931e-01 6.969183061540102919e-01 -3.200063197327561171e-01 5.355332070955989288e-01 -2.622706097017637461e+00 -8.912002366202564918e-02 3.792674993515483539e-01 -1.084653558949635155e+01 -7.224327183565276700e-01 -2.949340522232740902e+00
5.796308895803465866e-01 6.969774641475809940e-01 -3.199019582027191611e-01 6.920991565503662457e-01 -2.824688367363832775e+00 1.934428109092489745e-02 7.532970057989346602e-01 -1.314434471171957242e+01 -7.370265818804091484e-01 -4.456104585352006708e+00
5.860021725412327687e-01 6.978622430662475562e-01 -3.195379410570221568e-01 1.056401277455817134e+00 -3.358386649594370610e+00 2.579740666333747434e-01 8.567762192277426081e-01 -1.531108380501120969e+01 -1.503287471273412335e+00 -5.937234844594260430e+00
6.012574364118955517e-01 7.020095205935996674e-01 -3.179096825576147589e-01 1.787044574436139621e+00 -4.620064765936364282e+00 7.871023025504308990e-01 7.579995810439024151e-01 -1.834604255175825571e+01 -1.964005460625370292e+00 -8.163954328836769747e+00
6.150553417678423784e-01 7.067477192417461751e-01 -3.160006521974850768e-01 2.061604087788138973e+00 -4.916851021354903040e+00 1.015866190649898027e+00 8.521703698226155144e-01 -2.011538314002081762e+01 -3.444082177631470731e+00 -9.120080005290919445e+00
6.248877471893349300e-01 7.102025872112105453e-01 -3.151206802317838007e-01 2.380899618006361518e+00 -5.244244279102597162e+00 1.272773901517496364e+00 7.022640293462809602e-01 -2.122261343038708503e+01 -5.038187948605173716e+00 -9.729110077695489522e+00
6.522310797035610896e-01 7.176802275852505186e-01 -3.149566942384950385e-01 3.054151853384036386e+00 -5.543605854596089344e+00 1.906522701085727078e+00 6.150874874378333690e-01 -2.220511927675329744e+01 -7.665620593082272727e+00 -1.153039573325025025e+01
6.632952932410202118e-01 7.202532950187769956e-01 -3.158355676556891534e-01 3.314911088959582752e+00 -5.148288678707345412e+00 2.327287327342350665e+00 6.047281615811613831e-01 -2.006577225459961156e+01 -7.740453713252899881e+00 -1.242708224289033225e+01
6.737939262082242031e-01 7.227604626307345681e-01 -3.169838828798906549e-01 3.648664394058210192e+00 -5.687530547355839516e+00 2.559849129117762967e+00 1.560977092603426097e-01 -2.044129317259809042e+01 -8.695383941205575340e+00 -1.240523491528020195e+01
6.997784294091808910e-01 7.298349961269288144e-01 -3.208328619249819491e-01 4.063583681131552439e+00 -6.321241472615934498e+00 2.935219673390524697e+00 1.316846339173838309e-02 -2.260882616523423039e+01 -1.088004485629349283e+01 -1.325276643051492442e+01
7.154432120232192549e-01 7.334376179514809913e-01 -3.235258085843244480e-01 4.236773232870471695e+00 -6.880216123390712646e+00 3.537800712854084928e+00 -1.616048805951364464e-02 -2.267955292188410255e+01 -1.215878803893267168e+01 -1.426995618257071285e+01
7.312093638630772219e-01 7.364841693007251333e-01 -3.264546094301463142e-01 4.355092395419415396e+00 -7.289176400960194258e+00 3.714606652400094688e+00 -4.203287286356132135e-01 -2.324866179522544485e+01 -1.329330415495583928e+01 -1.400199769819914053e+01
7.464477375580943486e-01 7.396845785806536178e-01 -3.297980155901998334e-01 5.584309110826557898e+00 -8.267598270354445944e+00 4.442926323334951633e+00 -1.312662683792210849e+00 -2.297751426800448726e+01 -1.473484693925816558e+01 -1.593548062883107619e+01
7.559535971561726075e-01 7.417486627796350263e-01 -3.325200834137340133e-01 5.305724315828843629e+00 -7.302989920099456356e+00 4.513424402788817957e+00 -1.047970413913881238e+00 -2.186940431958334941e+01 -1.568813519760915653e+01 -1.645236590941454580e+01
7.686394082310601394e-01 7.452866043952544040e-01 -3.382441224658042089e-01 5.641697033362323310e+00 -8.709281525508902888e+00 4.491687637301659208e+00 -1.881667199087775355e+00 -2.303691657989881136e+01 -1.790212329751543052e+01 -1.540660806720676845e+01
7.797837984001196876e-01 7.493671422020078410e-01 -3.453578525550859979e-01 6.066962012300373353e+00 -8.580425153887356160e+00 5.020604353106585371e+00 -1.894879354101631108e+00 -2.159876902694883327e+01 -1.961539361754228850e+01 -1.715699146867634184e+01
7.920532358325214073e-01 7.549237806129662776e-01 -3.560655715692615519e-01 5.813618177922985630e+00 -9.312732614883644899e+00 4.801199102429411170e+00 -2.089968945781559118e+00 -2.326665113179085154e+01 -2.040788178690752730e+01 -1.671437877567666064e+01
7.976014607375079279e-01 7.578459644681030394e-01 -3.610849889724906947e-01 5.789392234600504672e+00 -9.170905457449643805e+00 4.887523204175804103e+00 -2.136783193979501227e+00 -2.181462054770072356e+01 -2.014085222815606713e+01 -1.701315144992386408e+01
8.051489991647601263e-01 7.627207997100131642e-01 -3.682427045651006092e-01 5.635804347641555800e+00 -9.696659630553732256e+00 4.967047382213689133e+00 -2.138888313694626842e+00 -2.207398045030534561e+01 -2.051389577204631109e+01 -1.772991105994909589e+01
8.155600949185451976e-01 7.721420513275273345e-01 -3.818215362990736161e-01 5.846272888617197516e+00 -1.008173244070815322e+01 5.114500326295822852e+00 -2.822534623165606327e+00 -1.925060686939325194e+01 -2.205558078406560440e+01 -1.804503612410235291e+01
8.558823732495292047e-01 8.355267812449252984e-01 -5.826455352589740011e-01 4.272890469136291003e+00 -1.016319360695464091e+01 5.347948308369735670e+00 -3.140714448338491671e+00 -1.503221326195219021e+01 -2.807894912662377962e+01 -1.497573058555821213e+01
8.558150401503189508e-01 8.389345183867308320e-01 -5.906555977026379800e-01 3.381396841630049721e+00 -8.098319879514075836e+00 5.976119449634279768e+00 -1.590211591847968675e+00 -1.487377826397990432e+01 -2.813998862141975010e+01 -1.502675473971869380e+01
8.576539227475404870e-01 8.445280562026299398e-01 -6.094170019218129175e-01 3.530315192335515384e+00 -8.591325845186137400e+00 3.357537894323427086e+00 -3.935047060936020635e+00 -1.518489868558681621e+01 -2.757369568169131213e+01 -1.446812564310465632e+01
8.595071129047663350e-01 8.543296356589148433e-01 -6.438448740757084510e-01 1.084185401734058807e-01 -3.755374637600119581e+00 -9.671004432898211434e-01 -4.372101454065911774e+00 -1.325318447196812066e+01 -2.951315641905002352e+01 -1.591881833896197129e+01
8.569264403499431415e-01 8.590781729776187925e-01 -6.646427840980168034e-01 1.757974759084547811e+00 -1.189052633572416751e+00 -2.411404011794692215e-01 4.575706809823290588e-01 -1.350171827173673655e+01 -2.812577513415850916e+01 -1.413624197947923378e+01
8.566184688485147802e-01 8.598243660479590877e-01 -6.685158434653005743e-01 1.077265963967489748e+00 -1.623589598746820517e+00 2.140935354771194010e+00 2.054842842287044835e+00 -1.347236215287989403e+01 -2.733840799181302117e+01 -1.445791245713559370e+01
8.531354616678378244e-01 8.686592979945464421e-01 -7.015897432887718832e-01 2.472835546439462018e+00 -3.453251378081499290e+00 4.775141563969231839e+00 3.808008721459366086e-02 -1.187341376582774721e+01 -2.519686574198441065e+01 -1.322685745141257918e+01
8.529984203181114610e-01 8.700720103712409337e-01 -7.075412063207845437e-01 2.106708529201076985e+00 -6.904371538118613927e+00 1.592865311309096921e+00 -5.277592416481508231e+00 -1.240622256366462572e+01 -2.551985816064913593e+01 -1.328771916865042435e+01
8.524017980307799780e-01 8.733415902085097660e-01 -7.168872512259498730e-01 -7.772274628117259443e-02 -8.063389308471251127e+00 -7.833724363676366487e-01 -4.777094937941018138e+00 -1.197520017957731220e+01 -2.600149061327682887e+01 -1.454733579005210586e+01
8.332591821905416252e-01 9.061027489947255376e-01 -7.874185744618924510e-01 -5.095859581302459862e-01 -8.767255163053238931e+00 -6.277278637093037794e-01 -5.320287244171149510e+00 -9.484863859707319378e+00 -2.136245599946348150e+01 -1.401722986378511671e+01
8.312356644619625090e-01 9.089174456644734112e-01 -7.923617649276329944e-01 -3.441244345167422392e+00 -8.188147414083378095e+00 -2.274467068864896468e+00 -6.138769676458672109e+00 -8.615454947292468191e+00 -2.169487983892090455e+01 -1.332874028389984566e+01
8.300846762775894172e-01 9.105332680178557236e-01 -7.949231213795421302e-01 -5.705295774449616886e+00 -7.213076317850833696e+00 -3.293959503860862004e+00 -5.813954614011610289e+00 -7.562901138480924601e+00 -2.138700834691447739e+01 -1.391193447028619623e+01
8.185295150653255636e-01 9.192186356081147869e-01 -8.230810700199818752e-01 -4.655732910272686986e+00 -5.783304359648381521e+00 -2.368707686733098505e+00 -4.179071920404954454e+00 -6.796688901049305009e+00 -1.586144212472387949e+01 -8.955847049291955742e+00
8.184250685432831185e-01 9.193015946122927717e-01 -8.241978777667865463e-01 -4.766737364892899009e+00 -5.515852190967581947e+00 -2.092270270945349786e+00 -3.856906966016787841e+00 -6.164869608658761102e+00 -1.460513662313714178e+01 -8.622803842959584131e+00
8.183837998688051618e-01 9.199776462851771974e-01 -8.259343898214788204e-01 -4.721153289097164141e+00 -4.063092834018108057e+00 -1.566855564199205686e+00 -2.928185076307569190e+00 -5.219359610021678364e+00 -1.124002264819458219e+01 -7.547151216637757010e+00
8.207005870394521452e-01 9.192540773383593988e-01 -8.242610581882913179e-01 -2.736197809649083101e+00 -3.026059081880365209e+00 -2.829186595438694107e-01 -1.734200907254679125e+00 -5.053834870142033253e+00 -6.121146202506698053e+00 -4.408742600782542098e+00
8.270631918921287351e-01 9.156017878316691228e-01 -8.184826262436221134e-01 -8.602682031773696558e-02 -2.045062800610837339e+00 8.433826042881519269e-01 -2.909886565789513990e-01 -4.799918919382055726e+00 7.947431244892741442e-02 -1.513334566016730554e+00
8.326781125340405598e-01 9.129414507550013269e-01 -8.131410586641313332e-01 6.366679825499886869e-01 -7.733471465102434994e-01 9.061205915993795212e-01 4.900704894109998433e-01 -3.264706409926720010e+00 2.381291908922207323e+00 -3.966952594731175119e-01
8.408416331380684783e-01 9.085550160010866794e-01 -8.044634723874689586e-01 7.175939011581093929e-01 1.092036937197149227e+00 -3.003762223625362493e-01 8.345700423119579714e-01 -1.606052972333757767e+00 3.196948199243859978e+00 1.476259799696324704e+00
8.466896621519524047e-01 9.037466965479769021e-01 -7.971034203199091062e-01 -8.142751695967873626e-01 -1.475412992245862309e+00 -3.608458164750283359e-02 -8.855693925127376964e-01 7.597016759886903170e-01 5.511003846792166705e+00 3.422482639243170865e+00
8.522170137042417437e-01 8.957351467552850943e-01 -7.883740572395308011e-01 -2.591256181353426946e+00 -4.277665980707781479e+00 2.773091567078961095e+00 -1.158404380767177999e+00 3.186940829326746716e+00 1.021119863932165117e+01 6.707404712475240061e+00
8.844032348956671896e-01 7.888356263118271317e-01 -7.270303934650121924e-01 -3.860937925293729478e+00 -7.674974183485584689e+00 3.817123138448628161e+00 -3.358527117688508312e+00 9.856701969359180637e+00 1.123723455137318794e+01 1.612180235784896709e+01
8.829090338271814442e-01 7.565218889062850227e-01 -7.195998598847397343e-01 -6.369706645854712468e-01 -5.738460504210069146e+00 -1.798839325341724749e+00 -3.770518894199178295e+00 8.731583028790804946e+00 1.011145650727047673e+01 1.842939713177294436e+01
8.827232031762454190e-01 7.316536300863680786e-01 -7.117325262041411804e-01 2.093001925729557566e+00 1.180010461109501918e-01 -5.525874513200080607e+00 -2.139160906666227380e+00 9.149876619689516488e+00 9.314499393842023522e+00 1.929648326083189858e+01
8.834720571126329913e-01 7.062926403586859969e-01 -7.012260578261719779e-01 2.027055538918835609e+00 2.816801489493656607e+00 -5.541322224085108772e+00 -8.620094841392272889e-01 8.941974649932465269e+00 8.926818050744634192e+00 1.934042470962345206e+01
8.817635728995476541e-01 6.831655011165875813e-01 -6.932707127566744010e-01 6.082182316147876078e-01 4.106113568507548273e+00 -4.841866836085783277e+00 5.899070940612916036e-01 8.334268419774334191e+00 6.295641604655496160e+00 2.115321966354036931e+01
8.795877508338578732e-01 6.679562643800744937e-01 -6.902835986285599246e-01 -1.279830568566194149e+00 5.231675705315691260e+00 -4.603553769961928666e+00 2.344102775048094056e+00 8.272490032879002086e+00 6.391240593753044763e+00 2.187142846586872125e+01
8.759704996945611999e-01 6.460342912671697135e-01 -6.877313975498446919e-01 -4.570920809502341697e+00 5.332985955492775432e+00 -5.408862634388244217e+00 2.454870226751605156e+00 7.447030112604220875e+00 4.749850342582946361e+00 2.247042679061355130e+01
8.748014727475307284e-01 6.404579162080132892e-01 -6.873064178592593887e-01 -6.054535530769284968e+00 5.588527138742673372e+00 -5.358182765568726857e+00 2.100292626408992724e+00 8.174835620381196932e+00 4.826724951096472260e+00 2.203433497209958247e+01
8.701356684883220227e-01 6.181449472714248827e-01 -6.865870631737307495e-01 -6.031467908973412229e+00 4.968956490051667174e+00 -5.511199345494404156e+00 2.041197731683727756e+00 7.254579852426188857e+00 3.935414571722061883e+00 2.260824595631461165e+01
8.667973706569235270e-01 6.022234852154162432e-01 -6.856171080551253239e-01 -5.796662011119543045e+00 5.122733635032803434e+00 -5.041093470375408891e+00 2.219509550390617481e+00 7.503483548302000372e+00 4.148853602997397694e+00 2.159532216490308798e+01
8.636214145798052355e-01 5.844532588496487158e-01 -6.829376869321267529e-01 -5.243686686894458937e+00 1.186054069672597855e+00 -4.580188017889263996e+00 -1.345068397707595453e+00 6.966002530834343176e+00 4.156142695073890003e+00 2.055900379099018238e+01
8.623492625636179909e-01 5.763426266076041582e-01 -6.811331792882144853e-01 -5.458062640833779788e+00 2.128271523338534532e+00 -4.574646510732953253e+00 7.255262027127089564e-01 7.148323862267263351e+00 3.659840001988546199e+00 2.051184461963433137e+01
8.609430807114932804e-01 5.679341998824984916e-01 -6.795169165016864410e-01 -4.622768289046169876e+00 2.798245076177371615e+00 -4.107956963082536106e+00 3.328607346412463475e+00 6.565471815522680998e+00 3.321304531385745662e+00 2.142509377150636141e+01
8.590323054663943081e-01 5.554628489840923722e-01 -6.779828856649533497e-01 -2.958086595190745349e+00 3.499455694317705756e+00 -3.220825762788657620e+00 3.923502550789721433e+00 5.810234121147576758e+00 2.631758172971920384e+00 2.202084589395301606e+01
8.576209265787971825e-01 5.431505271652943279e-01 -6.771306383625317338e-01 -2.235118497744059241e+00 3.883859465830235003e+00 -2.860767550656814873e+00 3.428880382719475595e+00 6.809410447792668464e+00 3.264613571010632764e+00 2.069628615259585658e+01
8.491498497173551874e-01 4.891041323217808490e-01 -6.734536316135625311e-01 -1.868271656541919512e+00 4.066395642272112809e+00 -2.664705259107378765e+00 3.336039707533293708e+00 7.390375528819162376e+00 3.558775593178920449e+00 1.869601448432806734e+01
8.467865950943188613e-01 4.818629690406142640e-01 -6.728326902072705451e-01 -1.098846104560474046e+00 4.052947374166453010e+00 -2.708667526687167815e+00 3.622809836045878029e+00 8.586492100593938304e+00 3.931556207213150245e+00 1.765316154768403578e+01
8.421762029717200226e-01 4.724761453415061707e-01 -6.715871966530102544e-01 -6.220009268674026037e-01 3.503144202831133924e+00 -2.646484868312200867e+00 3.862728215019286093e+00 9.095839285054340806e+00 4.213891829648355625e+00 1.616866105897926431e+01
8.367917051695002995e-01 4.652087015299376516e-01 -6.700785201796118917e-01 -1.043690980124729384e+00 3.214604939706187103e+00 -2.710994368281914646e+00 3.540078491061332766e+00 9.743518238825370048e+00 4.302719042080563661e+00 1.468088043599925641e+01
8.315359388317009603e-01 4.604107443301585501e-01 -6.696556933646270471e-01 -8.637647793975228305e-01 2.997991746937660462e+00 -2.133745463164756551e+00 3.104287849923531795e+00 9.878322939352768728e+00 4.509003084813905105e+00 1.077276040189495632e+01
8.268325479544746948e-01 4.614156533795596427e-01 -6.660139860833056424e-01 2.121922857561342912e+00 2.337373141136747545e+00 2.631048491297136582e-01 2.210075680135944687e+00 7.773110586973930758e+00 8.035531447952736883e+00 -4.065863892492186382e-01
8.271060302966865008e-01 4.641244320126808320e-01 -6.642656169647034314e-01 2.503997449172287393e+00 2.420577014608033206e+00 7.417958126459835988e-01 2.243433354723890272e+00 7.708119800884431605e+00 8.876370935011859586e+00 -2.076882350025275326e+00
8.274373538614531176e-01 4.767487289328048994e-01 -6.576970556177628158e-01 3.319800224583584480e+00 2.573680691996838465e+00 1.725011365147241182e+00 2.081165743289595582e+00 7.447113225708520190e+00 8.836981653293110028e+00 -5.905806460304523497e+00
8.281422867160641577e-01 5.250357696243790340e-01 -6.258600028715374242e-01 4.147491817072892495e+00 9.042365972847485889e-01 2.823394910510238276e+00 1.499366871002196566e+00 2.252634099699609482e+00 9.620279888147987180e+00 -8.701520665181947223e+00
8.132722363487557837e-01 8.107542188967230556e-01 -3.289319641964130736e-01 6.781349837778768652e+00 6.414794770479447239e-01 5.134283562438197279e+00 1.834122875541971176e+00 1.238606776715924340e+00 1.452578552304298043e+01 -1.788792217266961870e+01
8.109591797022807080e-01 8.243175876631805288e-01 -3.173222169223280931e-01 4.568633828744627756e+00 9.134794378339672338e-01 3.645602029227667629e+00 3.467132092457733350e+00 1.218800180675225109e+00 1.416287168512547368e+01 -1.812885682868459014e+01
8.102152419342443235e-01 8.288502834230548899e-01 -3.134087162728094178e-01 2.192820636555171454e+00 5.397694323836541574e-01 1.710693715465153142e+00 4.560373448172244437e+00 4.805631200311316631e-01 1.428107112466654449e+01 -1.811122675252212844e+01
8.089859033893522788e-01 8.381308903814443934e-01 -3.057701306328319824e-01 1.220105532375013402e+00 8.235952153391474795e-01 9.763044724931829732e-01 4.507079981246739919e+00 6.830324227721326080e-01 1.355439836472054083e+01 -1.826630611585298070e+01
8.073337605095843861e-01 8.579452533048705920e-01 -2.894418550668838019e-01 -1.233459397033728422e+00 2.719860630677755076e+00 -7.113324691363942520e-02 5.369190588862823077e+00 -2.514737967723030404e-02 1.391595581790327962e+01 -2.018581146080533628e+01
8.066931633772562726e-01 8.748729475996210869e-01 -2.762113112627253009e-01 -5.169400723110271656e+00 7.187002052165086141e+00 8.016823342946581832e-01 6.234458648774341860e+00 -2.173228866951472327e+00 1.460907009510482979e+01 -2.191934566287082120e+01
8.042121433427105170e-01 9.006824312586330095e-01 -2.594744501052718144e-01 -2.426520480085468723e+00 7.663398824621443950e+00 2.923373162675893866e+00 4.793979667517023202e+00 -7.095782134463962665e-01 1.136212405817584070e+01 -2.040648171850651948e+01
8.023059531176731651e-01 9.101551590863913299e-01 -2.543273124723508527e-01 -2.273277564203134204e+00 7.752354498589879128e+00 2.959009824329958960e+00 4.758774964348374326e+00 7.131895461594353058e-01 1.120705588340229397e+01 -2.020601158530955033e+01
7.976575149441943458e-01 9.259792641834080351e-01 -2.467457810209970903e-01 -2.353305639849817776e+00 6.482997682868924194e+00 2.163085361267813145e+00 4.368127888177845364e+00 6.979075495822675279e-01 9.316617604468905967e+00 -1.747999594466380557e+01
7.964400208185791197e-01 9.289413903989779397e-01 -2.453906356375143982e-01 -2.616760450556577133e+00 6.620658317698948636e+00 1.970534970622872972e+00 4.333084262527917119e+00 6.286002640110669448e-01 9.263317304409335762e+00 -1.676639660749052751e+01
7.917876952115576739e-01 9.397054842038505829e-01 -2.398048068475139294e-01 -2.839114516246199038e+00 6.241465608196969939e+00 1.518987205116816952e+00 4.159415502518818641e+00 2.990976955113723856e-01 9.658035755488199925e+00 -1.515895569313179969e+01
7.891954547321075042e-01 9.458114518269157278e-01 -2.359068299911200040e-01 -2.011402095220070851e+00 5.269963834664427083e+00 1.387288111555321279e+00 3.280467993322898845e+00 1.618643233417816241e+00 6.734788704039361917e+00 -1.256607374632008955e+01
7.869051341946025069e-01 9.471435372320599066e-01 -2.363413623628839721e-01 -8.910278641343546413e-01 4.208783814648884736e+00 1.485645540566382650e+00 2.163972486643514159e+00 3.465376783363963931e+00 3.126359603859713232e+00 -9.232696123776355179e+00
7.856625447011371666e-01 9.469510092305719606e-01 -2.373859563429637498e-01 -4.963202520928177708e-01 3.684744143767878732e+00 1.470199384728308134e+00 1.698857647314844010e+00 3.833219247507848149e+00 1.664753316704659092e+00 -7.834260939192411399e+00
7.771722670368010899e-01 9.458708255993529823e-01 -2.453888265959097981e-01 8.359653819851010637e-01 4.008105530739233480e+00 1.955865052544558669e+00 7.241692476485130925e-01 9.589737008345929681e+00 -2.244653840132015965e+00 -3.707262462790037016e+00
7.641739251163437441e-01 9.459272941994329997e-01 -2.591392741384200837e-01 2.202653465543443101e+00 3.005702726924957879e+00 2.522765404955058521e+00 -7.060255861629840535e-01 1.202122975029748453e+01 -6.315576013837122638e+00 -1.012301593136094024e-01
7.568585155213687354e-01 9.452933194058156241e-01 -2.674275330218515712e-01 2.310883511221230702e+00 1.917586079459863146e+00 2.266378778768599389e+00 -1.608858236262812547e+00 1.214560174667724723e+01 -7.319347611746411353e+00 2.805953047341593454e+00
7.422082903671101128e-01 9.395677202015468854e-01 -2.855042829778834390e-01 2.507859196688416503e+00 -3.278788828921122001e-01 1.332485850886381940e+00 -2.995042355745662466e+00 1.130411562850899188e+01 -7.910483006475745427e+00 8.065203508034651136e+00
7.125507388779273032e-01 9.157753891556416059e-01 -3.234529791679199850e-01 3.103611878767934318e+00 -1.464438127834372771e+00 1.133550908719078265e+00 -3.647303717351261465e+00 1.039430459842117394e+01 -1.024975609452864944e+01 9.131713249225423823e+00
6.943367013566610346e-01 8.993994508271536681e-01 -3.509912526331790961e-01 2.915491533772497146e+00 -2.437979342114676928e+00 4.204988674219283240e-01 -3.922922357341377619e+00 7.958440439049379478e+00 -1.035180901718548441e+01 1.112965803897380468e+01
6.928236805232650397e-01 8.967406439446248267e-01 -3.541802308678713707e-01 2.539404121857361307e+00 -2.388305611567347775e+00 2.051195770232889792e-01 -3.929645315295164920e+00 6.557412491683238365e+00 -1.028744496146353526e+01 1.192435893410295122e+01
6.853429636353329801e-01 8.838132622765347834e-01 -3.650872579096472448e-01 1.309665757469690384e+00 -8.122368920329325892e-01 5.049388534704586373e-01 -3.715831234638733882e+00 1.163876971636502589e+01 -7.124868419648445084e+00 1.306013876906969529e+01
6.832697029430397917e-01 8.816286015605009352e-01 -3.670006540557642083e-01 1.456045236100151907e+00 -7.132029769981720335e-01 7.590880243680144801e-01 -3.991843351414582575e+00 1.285788687785148987e+01 -7.698881248140336808e+00 1.299891316399884822e+01
6.693877087019941552e-01 8.721802629433172971e-01 -3.769094145523097517e-01 1.076879600249811331e+00 7.487754329498108596e-02 9.852395083123541841e-01 -4.207932850815895520e+00 1.636193702107553705e+01 -6.803881838278389438e+00 1.428540530156221067e+01
6.660400739114651358e-01 8.702847642141173790e-01 -3.791110648257006721e-01 9.361577680822956715e-01 4.202209982247728237e-01 1.019349679246571494e+00 -3.929425560606413459e+00 1.616978381300499024e+01 -6.714733409645014639e+00 1.415785947143949919e+01
6.588531990824348927e-01 8.664919681816944941e-01 -3.838276986209496755e-01 7.184320343919330387e-01 6.974047661489890526e-01 1.014404208711419564e+00 -3.942418631681881891e+00 1.668662728804918061e+01 -6.240759244239359127e+00 1.468696311397436816e+01
6.402483324942248588e-01 8.580631239947136280e-01 -3.952668953077478342e-01 3.435552173313757840e-01 7.648084229934133393e-01 7.740421216289126161e-01 -3.794161986090199612e+00 1.612312075863112071e+01 -5.273642196833104201e+00 1.451066534761251070e+01
6.300469535131471011e-01 8.529866677334081437e-01 -4.011308262656995138e-01 -2.472726680841748903e-01 1.425869995470518736e+00 6.892406170128365650e-01 -3.463189085445218751e+00 1.481626709881688164e+01 -3.856683694790171035e+00 1.403197781589812010e+01
6.268681660399556543e-01 8.511807758243143951e-01 -4.031408299200472944e-01 1.224443347390115205e-01 6.526073831308432105e-01 5.749219195328322263e-01 -3.949213797746114807e+00 1.556896375416408063e+01 -4.211232883010540995e+00 1.385357761124188336e+01
5.761036328258859474e-01 8.267893774513698224e-01 -4.374401560498688557e-01 7.810771083772507367e-03 1.429104460288756151e+00 9.746229332037090742e-01 -3.447077755183495906e+00 1.752554418184919882e+01 -2.996027129351558127e+00 1.149202390718498812e+01
5.367704594517997974e-01 8.153919854637067255e-01 -4.500990083004424713e-01 -1.321015026848156415e+00 3.078537666304997700e+00 6.836464334446425983e-01 -1.991725246395121385e+00 1.618142902281270068e+01 2.027648060508758121e+00 9.692182149054316298e+00
5.264413902315726590e-01 8.122920739790280287e-01 -4.496300275227734233e-01 -1.193410236158992666e+00 2.506409934511238280e+00 5.091737807102303393e-01 -2.555993536192273652e+00 1.574367126630471958e+01 2.842914637426345426e+00 1.019676717421062762e+01
5.217143461357067746e-01 8.110235515295676212e-01 -4.493367722918502061e-01 -1.112337218595313981e+00 2.447575802589231131e+00 5.279117735241324327e-01 -2.445541949261532899e+00 1.557155701375518397e+01 3.030305183656655910e+00 9.199640691407319437e+00
5.127641202842118107e-01 8.089772932281640294e-01 -4.492080239532768582e-01 -1.193593185597160877e+00 2.312655935510891325e+00 3.276390782008646863e-01 -2.061161686357507072e+00 1.414752435579214840e+01 3.326557509920740952e+00 8.974353143632933794e+00
5.056524344638513302e-01 8.066837188420000748e-01 -4.487950620336135787e-01 -1.197115476964803804e+00 1.894731573754382836e+00 1.445074453884493959e-01 -1.810333368104914076e+00 1.238157456987605087e+01 4.458462495115098179e+00 7.866996340165875345e+00
5.029232424393134115e-01 8.057301467777550075e-01 -4.478340742677617836e-01 -9.327404094363108689e-01 1.264360172268451432e+00 -7.306721272672678236e-03 -1.401431111810269581e+00 8.538387179544718819e+00 3.549493644362113010e+00 6.241938422813736231e+00
5.074297624919190675e-01 8.070250496857512834e-01 -4.483403976347777320e-01 -2.982867532357351692e-01 -4.338210625266862297e-01 -5.594323818568575080e-01 2.610027779568746542e-02 -2.842046803836076219e+00 9.538000352837679996e-01 2.266891170107378173e+00
5.225851360466133855e-01 8.065170689454868036e-01 -4.515488840339826337e-01 7.207490817744353073e-01 -1.901762878143584690e+00 -5.924108029186326840e-01 4.160593844796756091e-01 -1.080371677680334841e+01 -4.695834022580316791e+00 1.473858385246435976e-01
5.560952427397691800e-01 8.038056319565615171e-01 -4.588607900592756583e-01 1.615593526573513072e+00 -2.344833289078143590e+00 -5.792560313648942305e-03 1.029376276294986514e+00 -1.346641181472210569e+01 -8.044223731634675190e+00 -5.432935277352555659e+00
5.672885815639318041e-01 8.036438120738532698e-01 -4.622331588312899031e-01 1.929612013787149305e+00 -2.388584209049754659e+00 2.374480637996619903e-01 1.294667382911842690e+00 -1.411181397779663271e+01 -9.703621048709164754e+00 -7.499276856935887636e+00
7.459955996511564713e-01 9.584804870526285603e-01 -5.176671933355088129e-01 4.819406848741204286e+00 -4.011026306465467428e+00 2.400371660842222532e+00 4.113355853525998640e+00 -2.369969823056721836e+01 -2.012916913011450859e+01 -2.834273313011323125e+01
7.633268593951423320e-01 9.829086019294865917e-01 -5.276262475078506986e-01 4.032180755460021970e+00 -5.174037704134550886e+00 3.530021287864352431e+00 3.974664677858407824e+00 -2.425850165078166754e+01 -2.154444681192209288e+01 -3.015982178554418880e+01
7.886960150510321510e-01 1.060456379217820766e+00 -5.629157905488096914e-01 0.000000000000000000e+00 0.000000000000000000e+00 0.000000000000000000e+00 0.000000000000000000e+00 0.000000000000000000e+00 0.000000000000000000e+00 0.000000000000000000e+00
7.983906439358100515e-01 1.134599337750315406e+00 -5.877052233419616245e-01 0.000000000000000000e+00 0.000000000000000000e+00 0.000000000000000000e+00 0.000000000000000000e+00 0.000000000000000000e+00 0.000000000000000000e+00 0.000000000000000000e+00
8.929840356802388746e-01 9.897826132190840065e-01 -6.441539283612938149e-01 0.000000000000000000e+00 0.000000000000000000e+00 0.000000000000000000e+00 0.000000000000000000e+00 0.000000000000000000e+00 0.000000000000000000e+00 0.000000000000000000e+00
9.816600832955258982e-01 8.247350880527450911e-01 -3.802820232660900079e-01 0.000000000000000000e+00 0.000000000000000000e+00 0.000000000000000000e+00 0.000000000000000000e+00 0.000000000000000000e+00 0.000000000000000000e+00 0.000000000000000000e+00
9.758632121879212695e-01 8.306130413000754054e-01 -3.699029888851994019e-01 0.000000000000000000e+00 0.000000000000000000e+00 0.000000000000000000e+00 0.000000000000000000e+00 0.000000000000000000e+00 0.000000000000000000e+00 0.000000000000000000e+00
9.661170908106780919e-01 8.399063594433764379e-01 -3.519502311318037924e-01 0.000000000000000000e+00 0.000000000000000000e+00 0.000000000000000000e+00 0.000000000000000000e+00 0.000000000000000000e+00 0.000000000000000000e+00 0.000000000000000000e+00
9.621996194268841451e-01 8.430003556788518981e-01 -3.454214211756772013e-01 0.000000000000000000e+00 0.000000000000000000e+00 0.000000000000000000e+00 0.000000000000000000e+00 0.000000000000000000e+00 0.000000000000000000e+00 0.000000000000000000e+00
9.564708667558645683e-01 8.470469689773193478e-01 -3.374857061540346148e-01 0.000000000000000000e+00 0.000000000000000000e+00 0.000000000000000000e+00 0.000000000000000000e+00 0.000000000000000000e+00 0.000000000000000000e+00 0.000000000000000000e+00
9.465043466958978913e-01 8.524976177687634271e-01 -3.254111840914597487e-01 0.000000000000000000e+00 0.000000000000000000e+00 0.000000000000000000e+00 0.000000000000000000e+00 0.000000000000000000e+00 0.000000000000000000e+00 0.000000000000000000e+00
9.424782463642621400e-01 8.548620871238886698e-01 -3.201571897445927295e-01 0.000000000000000000e+00 0.000000000000000000e+00 0.000000000000000000e+00 0.000000000000000000e+00 0.000000000000000000e+00 0.000000000000000000e+00 0.000000000000000000e+00
9.366110856238044624e-01 8.585798174847842912e-01 -3.124957653894970822e-01 0.000000000000000000e+00 0.000000000000000000e+00 0.000000000000000000e+00 0.000000000000000000e+00 0.000000000000000000e+00 0.000000000000000000e+00 0.000000000000000000e+00
9.326195714145749660e-01 8.609698026431089612e-01 -3.079710006431572999e-01 0.000000000000000000e+00 0.000000000000000000e+00 0.000000000000000000e+00 0.000000000000000000e+00 0.000000000000000000e+00 0.000000000000000000e+00 0.000000000000000000e+00
9.285375786609525450e-01 8.636010677909459199e-01 -3.036927192280887144e-01 0.000000000000000000e+00 0.000000000000000000e+00 0.000000000000000000e+00 0.000000000000000000e+00 0.000000000000000000e+00 0.000000000000000000e+00 0.000000000000000000e+00
9.181164388461870995e-01 8.706023031283551816e-01 -2.918609708504554257e-01 0.000000000000000000e+00 0.000000000000000000e+00 0.000000000000000000e+00 0.000000000000000000e+00 0.000000000000000000e+00 0.000000000000000000e+00 0.000000000000000000e+00
9.114634629939130095e-01 8.746594715106025264e-01 -2.844870726448865406e-01 0.000000000000000000e+00 0.000000000000000000e+00 0.000000000000000000e+00 0.000000000000000000e+00 0.000000000000000000e+00 0.000000000000000000e+00 0.000000000000000000e+00
9.070538009824179460e-01 8.773120701170090685e-01 -2.795036916963826723e-01 0.000000000000000000e+00 0.000000000000000000e+00 0.000000000000000000e+00 0.000000000000000000e+00 0.000000000000000000e+00 0.000000000000000000e+00 0.000000000000000000e+00
9.008002706278327443e-01 8.809477224897936942e-01 -2.720877619168043937e-01 0.000000000000000000e+00 0.000000000000000000e+00 0.000000000000000000e+00 0.000000000000000000e+00 0.000000000000000000e+00 0.000000000000000000e+00 0.000000000000000000e+00
8.920149756160860033e-01 8.861248319550256713e-01 -2.618326881474931644e-01 0.000000000000000000e+00 0.000000000000000000e+00 0.000000000000000000e+00 0.000000000000000000e+00 0.000000000000000000e+00 0.000000000000000000e+00 0.000000000000000000e+00
8.854922599339296596e-01 8.900543203694520900e-01 -2.540730492794611162e-01 0.000000000000000000e+00 0.000000000000000000e+00 0.000000000000000000e+00 0.000000000000000000e+00 0.000000000000000000e+00 0.000000000000000000e+00 0.000000000000000000e+00
8.811301619293749887e-01 8.925089341619988348e-01 -2.491216540985259076e-01 0.000000000000000000e+00 0.000000000000000000e+00 0.000000000000000000e+00 0.000000000000000000e+00 0.000000000000000000e+00 0.000000000000000000e+00 0.000000000000000000e+00
8.723619721615540890e-01 8.974127901457783496e-01 -2.394025294125629311e-01 0.000000000000000000e+00 0.000000000000000000e+00 0.000000000000000000e+00 0.000000000000000000e+00 0.000000000000000000e+00 0.000000000000000000e+00 0.000000000000000000e+00
8.679963281956579735e-01 8.997290527840929864e-01 -2.350794933365201733e-01 0.000000000000000000e+00 0.000000000000000000e+00 0.000000000000000000e+00 0.000000000000000000e+00 0.000000000000000000e+00 0.000000000000000000e+00 0.000000000000000000e+00
8.594890111342862182e-01 9.042738516265340643e-01 -2.275147962668561952e-01 0.000000000000000000e+00 0.000000000000000000e+00 0.000000000000000000e+00 0.000000000000000000e+00 0.000000000000000000e+00 0.000000000000000000e+00 0.000000000000000000e+00
8.531255612825180412e-01 9.075978248588559838e-01 -2.218964071153750051e-01 0.000000000000000000e+00 0.000000000000000000e+00 0.000000000000000000e+00 0.000000000000000000e+00 0.000000000000000000e+00 0.000000000000000000e+00 0.000000000000000000e+00
8.466456436988193390e-01 9.109688151214954122e-01 -2.159053343622610310e-01 0.000000000000000000e+00 0.000000000000000000e+00 0.000000000000000000e+00 0.000000000000000000e+00 0.000000000000000000e+00 0.000000000000000000e+00 0.000000000000000000e+00
8.403802361839979307e-01 9.140509612033111964e-01 -2.102109286261713006e-01 0.000000000000000000e+00 0.000000000000000000e+00 0.000000000000000000e+00 0.000000000000000000e+00 0.000000000000000000e+00 0.000000000000000000e+00 0.000000000000000000e+00
8.358937868969699148e-01 9.161389290920833872e-01 -2.066398618863342640e-01 0.000000000000000000e+00 0.000000000000000000e+00 0.000000000000000000e+00 0.000000000000000000e+00 0.000000000000000000e+00 0.000000000000000000e+00 0.000000000000000000e+00
8.319228186012836979e-01 9.178859350946073636e-01 -2.032020071090184787e-01 0.000000000000000000e+00 0.000000000000000000e+00 0.000000000000000000e+00 0.000000000000000000e+00 0.000000000000000000e+00 0.000000000000000000e+00 0.000000000000000000e+00
8.249587426414809466e-01 9.199857654268739360e-01 -1.970081197421330033e-01 0.000000000000000000e+00 0.000000000000000000e+00 0.000000000000000000e+00 0.000000000000000000e+00 0.000000000000000000e+00 0.000000000000000000e+00 0.000000000000000000e+00
8.201086078136486934e-01 9.204231611839114313e-01 -1.923941487902629255e-01 -5.121660863422059506e+00 6.320561831765253658e+00 1.210292576707755030e+00 2.843034127143161616e+00 1.667447478644166736e+01 1.201946816356414161e+01 7.875234955768762646e+00
8.150334705898235610e-01 9.209433860656486281e-01 -1.885172132638455733e-01 -4.992536550812503471e+00 6.509423495484780275e+00 1.292657229366265037e+00 2.668415347807029825e+00 1.728149364012831057e+01 1.202080291981765114e+01 7.491169858010805704e+00
8.099706798262275020e-01 9.217116219179977143e-01 -1.845431643499530483e-01 -4.827248666007649902e+00 6.773892215915199522e+00 1.411181388163626149e+00 2.764924438399424034e+00 1.748714157444431194e+01 1.114965974125914450e+01 7.769104229710025677e+00
8.027972297315058015e-01 9.228449290437461539e-01 -1.785161993942145087e-01 -4.469091898810413355e+00 6.549328570213050149e+00 1.559569551268720655e+00 2.174554474683713767e+00 1.771363285417496414e+01 1.109270788185696155e+01 7.531438659843092687e+00
7.990383907042380995e-01 9.235209133965277539e-01 -1.755769136817147413e-01 -4.891324538183130954e+00 6.478418025087462340e+00 1.428736404439088670e+00 2.640085471417550789e+00 1.653965421848880624e+01 1.130875660564127116e+01 7.664964933509270217e+00
7.933223973253729078e-01 9.240568367371291281e-01 -1.710192079482110716e-01 -4.278927750963039678e+00 6.878831782246858317e+00 1.728719103446186178e+00 2.283560981609390694e+00 1.780867444484470141e+01 1.025581083646915381e+01 7.814008240014072904e+00
