5.886155805421890985e-01 7.900969548222088745e-01 -2.946370180703496988e-01 2.048998046727509958e+00 -1.666938166336853655e+00 -7.215130292561350300e-02 -9.736977117085028333e-01 -7.060783252089123607e+00 -8.015871851164833473e+00 -1.311604200157571398e+00
5.936647710841004288e-01 7.870530937531192706e-01 -3.018137872278073841e-01 2.434645129500156102e+00 -2.091640517924204801e+00 -3.945035645367217514e-02 -1.374618938590308037e+00 -7.590160647328088928e+00 -9.907803732910036132e+00 -1.137233475610127442e+00
5.969369136796189856e-01 7.846348850024464916e-01 -3.082768860882437734e-01 2.506793948088379409e+00 -2.169990896521918344e+00 -8.184581218064312935e-03 -1.313311172600835297e+00 -7.305497859973876018e+00 -1.035485249178015366e+01 -1.261305677833569616e+00
5.993215415914552313e-01 7.821491080251289363e-01 -3.150700229368251781e-01 2.454641613958501001e+00 -2.594891954200206019e+00 -2.339806294115794882e-01 -1.617351099436454165e+00 -8.154089706101178336e+00 -1.044786988459681787e+01 -9.748134026591579460e-01
6.020032248698654609e-01 7.799461070716898758e-01 -3.213185796916385728e-01 2.178505695039711032e+00 -2.325065430267702293e+00 -1.413817210563167448e-01 -1.395774170715134987e+00 -7.225116818434493382e+00 -9.423449930280668241e+00 -1.124893283262956789e+00
6.042434255607309623e-01 7.782505340965977236e-01 -3.250989112922829660e-01 1.869930283869037924e+00 -1.996338760239937171e+00 -1.438712089267812910e-02 -1.084546995620453202e+00 -6.844127097741784738e+00 -7.862801055713172005e+00 -1.581067891844615270e+00
6.048145515591416554e-01 7.778014760749238921e-01 -3.257455649050235436e-01 1.553158800948793994e+00 -1.724927152374968520e+00 -3.096177578787062679e-02 -8.506057884660760404e-01 -6.076762256170033183e+00 -6.517480908351863000e+00 -1.563187073210395850e+00
6.043411206196079855e-01 7.777526282553240966e-01 -3.239445674561550748e-01 4.638677869627174655e-01 -4.187439802425129559e-02 3.352188747737490648e-01 1.842137533501273239e-01 -1.071764258180327445e-01 -7.533105212065734912e-01 -2.330924339526589062e+00
6.032711603208964490e-01 7.786690005086188693e-01 -3.222915599364789552e-01 3.406153244981675043e-01 -7.766104543790480763e-02 2.154334892612564945e-01 1.456192031267289910e-01 -3.198552499841942898e-01 -6.359684018835434216e-01 -1.718577012640110091e+00
6.019066100681055298e-01 7.798112120801126146e-01 -3.195492523709875243e-01 7.906497312171185954e-02 -2.312562800352241932e-01 -9.675957198889108268e-02 3.112337610299079765e-02 -1.081658865464405705e+00 -2.506848618315185018e-01 -2.715071099013757761e-01
6.016679808799837437e-01 7.797393675819669356e-01 -3.180609313386863479e-01 -1.202191715171299080e-01 -9.564748394097159767e-02 -1.612269941668733608e-01 1.639478084752308829e-01 -7.689812334498564717e-01 6.232634146790009266e-01 -1.505384201163552094e-01
6.004366108462811935e-01 7.794504665998125414e-01 -3.142126171026488612e-01 -6.038440799478620447e-01 6.008990201818548149e-01 -9.357059811365520119e-02 4.401925957444276505e-01 1.589376681266475577e+00 2.709375808426853993e+00 2.228361925622789064e-01
6.001244974514654551e-01 7.794910261420364694e-01 -3.133314235378266144e-01 -6.512440991758036146e-01 6.841862760033832203e-01 -8.005796594226677332e-02 4.902810788760244010e-01 1.809312652855877612e+00 3.026683144786465718e+00 2.686777316992033926e-01
5.998668472144298436e-01 7.795361550605092171e-01 -3.119040297021087316e-01 -5.487514068799506095e-01 3.470838345159817928e-01 -2.191626487336487406e-01 3.198933704994247895e-01 7.463078796449725827e-01 2.273971876091525512e+00 5.681823040821496473e-01
5.999107089922591785e-01 7.792744201232565393e-01 -3.118701083357809933e-01 -5.763687752992714408e-01 2.765700570816805870e-01 -2.862182167791691434e-01 3.927970894670613777e-01 8.472479591390292830e-01 2.546010051612263236e+00 3.085516679409403551e-01
5.995215257620311045e-01 7.796104564927837099e-01 -3.116840859761387250e-01 -5.308975789556271696e-01 7.459206372755733394e-01 6.165333861066282783e-02 7.937766030028855502e-01 1.794308126867014908e+00 3.232951721110137289e+00 -1.428828022475911119e+00
5.991236068439049767e-01 7.798128235789965057e-01 -3.113757267184290578e-01 -6.197103437198643316e-01 8.361209070512873875e-01 8.266460154226612511e-02 8.989453039460966188e-01 2.205598422839632811e+00 3.782427978480385811e+00 -1.678372926227753803e+00
5.987589303528477735e-01 7.804122037759795294e-01 -3.100746217015960537e-01 -8.108787695066566048e-01 5.802294210367768823e-01 -2.005799535527071076e-01 8.850167887946474021e-01 1.205408706408654052e+00 4.183484281471925748e+00 -1.115470340233289948e+00
5.987813476625213349e-01 7.807305347276086716e-01 -3.085307685562771463e-01 -7.200996461281067296e-01 5.617178064688732597e-01 -1.167149272993497078e-01 8.268435485603549129e-01 1.413677891971096612e+00 3.584361559604299696e+00 -1.285960282150348188e+00
5.987424109730701272e-01 7.807960456029009455e-01 -3.073980675999942735e-01 -5.558271021094570719e-01 4.813830820321017834e-01 -3.857677530051896453e-02 6.528124036047519008e-01 1.437163306765804061e+00 2.846379936561592938e+00 -1.203063022567609996e+00
5.981957968264122183e-01 7.807987950542824018e-01 -3.066952620660624573e-01 -6.004261436218018000e-01 6.964271726152649888e-01 9.061908926307613021e-02 7.162212235041262032e-01 2.518073366354082854e+00 3.101280969529848441e+00 -1.354431254663517104e+00
5.974327260469094458e-01 7.808235438236958981e-01 -3.062894943694549066e-01 -6.308530437208124120e-01 7.424478915615804198e-01 9.818082854646542623e-02 7.561797926452809016e-01 2.571263247551675235e+00 3.181569964422975350e+00 -1.376898000873783889e+00
5.950227095546387623e-01 7.813246806355652607e-01 -3.052247314258949018e-01 -7.479407626359917405e-01 7.069846006765616586e-01 4.538068279518830961e-03 7.587491699855045679e-01 2.209970130740077199e+00 3.551784478419246938e+00 -1.099981533776150489e+00
5.939460873411808173e-01 7.818210318483316268e-01 -3.046884964181659772e-01 -7.732357984034852194e-01 7.216100478549500874e-01 5.602529840732978217e-03 7.127795951593012269e-01 2.216889412688270777e+00 3.503585321413282383e+00 -9.749861932997926361e-01
5.929365500445080706e-01 7.825668277109136817e-01 -3.040937699314547604e-01 -6.522487094860736079e-01 6.267553433987007594e-01 2.691729750143276312e-02 5.804948605021006403e-01 1.962454744544197105e+00 2.852544115621348464e+00 -7.006924706801077596e-01
5.928948983532372763e-01 7.826548196002817148e-01 -3.040196742819784581e-01 -6.045872305492844268e-01 4.695161866523166472e-01 -5.860516705623822209e-02 5.525468277219589552e-01 1.357628289020527568e+00 2.600511550645041137e+00 -6.586609119289960068e-01
5.929061332712846077e-01 7.826466154132986075e-01 -3.039956656315749295e-01 -4.944576345771076187e-01 3.930275504694656918e-01 -3.247919110305459711e-02 5.492753947274605641e-01 1.049185084359932407e+00 2.320423292010246552e+00 -8.806455961581330927e-01
5.929037226981198616e-01 7.826455668711927993e-01 -3.039982091444162204e-01 -4.171335722367340293e-01 4.124959828677872142e-01 4.813476533333123364e-02 4.491629941212904042e-01 1.366558137431144404e+00 2.049454760902535977e+00 -7.362926119746134868e-01
5.929101014627808919e-01 7.826379632261938335e-01 -3.039942889438397855e-01 -4.330556554465805896e-01 3.471096197942217243e-01 -1.763538148707362307e-02 4.739639415481066154e-01 9.953630967666872165e-01 2.037957288798706745e+00 -7.611424076491132285e-01
5.929184226538370961e-01 7.826272534204129494e-01 -3.039968250549837103e-01 -3.873294040515428138e-01 2.766438880571954195e-01 -4.379938968310218006e-02 4.128977662841317176e-01 7.792877012735363040e-01 1.798640793320449571e+00 -6.324868360936258815e-01
5.929635623019013924e-01 7.825501744216761812e-01 -3.040019588022392361e-01 -3.290879894188957211e-01 1.284598392117972110e-01 -1.216929424322127223e-01 3.620060754223520805e-01 1.634826067861212817e-01 1.541803804759638297e+00 -6.473995432474441980e-01
5.929758892912510015e-01 7.825298782714473766e-01 -3.039999840845475365e-01 -3.159812521997476531e-01 1.969552122161354890e-01 -6.368347302074570115e-02 3.840411905663549952e-01 4.510049275712630923e-01 1.509913110673155812e+00 -8.073345009027961261e-01
5.929746138585958448e-01 7.825241351698264403e-01 -3.040018892289774177e-01 -2.215879754376011423e-01 1.918587835548901110e-01 -6.606599931713690033e-03 3.608285189866291542e-01 4.176717340759561470e-01 1.285027205598703537e+00 -8.597252955818324160e-01
5.929741854026694403e-01 7.825252030321135921e-01 -3.040005566235128853e-01 -2.365584345615234230e-01 1.964625278130255059e-01 -1.509265841563216942e-02 3.848362293794296285e-01 4.193627379799019228e-01 1.389387607005344583e+00 -8.914782272344428105e-01
5.929786229523743568e-01 7.825202619846818308e-01 -3.040163184489249604e-01 -1.495287278365556027e-01 1.315450659783470311e-01 -8.006217062888412728e-03 3.060525781065688844e-01 2.354050765940872980e-01 9.836972052633300434e-01 -8.113473348306589061e-01
5.929809262601151154e-01 7.824932883100753633e-01 -3.040861295563132005e-01 2.244141675122596213e-02 4.406321740596239045e-02 4.854461801752738004e-02 1.485934660883568292e-01 7.238175934064952632e-02 2.325034852387570794e-01 -6.715564033997970528e-01
5.929825373117552090e-01 7.825029189207076685e-01 -3.040562734457087357e-01 1.304163618152746548e-02 -1.275036468598148356e-02 -1.520174968372986837e-05 1.400006377107629318e-01 -1.876365862108953508e-01 2.334683673118689295e-01 -6.127777644191677586e-01
5.929648902433575230e-01 7.824805350469786758e-01 -3.042020761517663652e-01 6.061985830784789170e-02 1.324094656365422673e-01 1.366405208369090851e-01 1.107080066968967047e-01 5.274960011778386804e-01 6.560608426624815748e-02 -6.130633068112159023e-01
5.929606338055852799e-01 7.824667945844551165e-01 -3.042904042452241331e-01 1.233507816735865126e-01 5.281930538118738416e-02 1.282514238672314844e-01 3.386563173160255652e-02 2.913546424448912320e-01 -2.515587662446689965e-01 -5.264368753111543509e-01
5.929536572822491358e-01 7.824666232420997014e-01 -3.043677347532108279e-01 1.389975917944339667e-01 7.250511392007238931e-02 1.563639156828264543e-01 2.132428008666133190e-02 4.168691930207105711e-01 -3.074171146686106582e-01 -5.490904494009973824e-01
5.930389031680045608e-01 7.824408414237785658e-01 -3.048830689625831591e-01 2.277605462268244008e-01 -2.256417045893552853e-01 -1.103686924175485695e-03 -9.858666673129475033e-02 -7.694981589084767259e-01 -8.146085688107502776e-01 -2.962840907034227089e-01
5.933784418496954594e-01 7.823279747028424325e-01 -3.054562302944925922e-01 4.056302157871226610e-01 -5.380412528904261471e-01 -9.811541623332137307e-02 -2.493838957460179639e-01 -1.866069155034558502e+00 -1.620291279954937602e+00 -2.425520130585517575e-01
5.935371786935309535e-01 7.821743623694464853e-01 -3.058604452415659702e-01 4.447542809874477920e-01 -5.390887917491428150e-01 -7.331292498324787354e-02 -2.288258774617324964e-01 -1.900084147548363189e+00 -1.759689967177393788e+00 -4.041701556941768581e-01
6.180961166017595598e-01 7.774740255622500928e-01 -3.162028022693134099e-01 1.851738002141260164e+00 -2.286328653293985269e+00 -3.397535286890441819e-01 -4.879681234041310933e-01 -8.854445383538946501e+00 -6.748043560619776393e+00 -3.227961058014153561e+00
6.214657853090908013e-01 7.766462435666490194e-01 -3.189478816481613466e-01 2.070861456910655374e+00 -2.349600268177865825e+00 -1.881555992469395866e-01 -6.263857786501614289e-01 -8.993474984564876706e+00 -7.901405126685636660e+00 -3.098408439813288506e+00
6.276902442342626731e-01 7.747276482316710622e-01 -3.256075353165034381e-01 2.277587139739708721e+00 -2.536994352595852931e+00 -3.851920231381122939e-02 -8.802435948186819736e-01 -8.326078433106333776e+00 -8.625119461811701527e+00 -3.079877883509428038e+00
6.322163604227359901e-01 7.735266041016042315e-01 -3.302302811397719307e-01 2.284500671602900379e+00 -3.490921737402366887e+00 -5.793545918937018646e-01 -1.003480336447122978e+00 -1.092526274170976741e+01 -8.124641639073375998e+00 -3.282668847177743654e+00
6.374741250010952376e-01 7.716681196334189696e-01 -3.347788230829057410e-01 2.535639217323965688e+00 -3.706222154282424519e+00 -3.090866852531857223e-01 -1.183429567611487432e+00 -1.119240638064444582e+01 -9.421483603264572793e+00 -3.190504303162814193e+00
6.419674841106917107e-01 7.702477736140862508e-01 -3.381923682274068366e-01 2.382879465532355745e+00 -4.069692258368733384e+00 -4.458965210243095445e-01 -1.050563231494383576e+00 -1.261933541299882400e+01 -9.395975682300074183e+00 -3.188716359500040731e+00
6.522253790797971629e-01 7.670927483726184271e-01 -3.462732438855428696e-01 2.522922988293003321e+00 -4.561631226196930733e+00 -5.090327291180509750e-01 -1.171069435326766106e+00 -1.441925582281903928e+01 -1.077344634904452469e+01 -3.003799706930920799e+00
6.583180040088592033e-01 7.652082062619016689e-01 -3.504780800655068473e-01 2.380997977345801431e+00 -4.803339880123087546e+00 -5.739601605534414563e-01 -1.316564910228340546e+00 -1.407950594757582330e+01 -1.128266347182993634e+01 -3.080681452624995487e+00
6.716566759611036774e-01 7.610942888474897527e-01 -3.585976640136198101e-01 2.547462363039393551e+00 -4.723030280849898510e+00 -2.355084001451164255e-01 -1.161560470433492753e+00 -1.445879547056348713e+01 -1.130636453882708459e+01 -4.018180955218576322e+00
6.751583112128181074e-01 7.602191063962839834e-01 -3.605898076686722686e-01 2.753970208278315734e+00 -5.125569583331094137e+00 -1.714985590588256059e-01 -1.276891154790238847e+00 -1.437579441913604050e+01 -1.111136977563140071e+01 -4.618286418622369993e+00
6.956478673448887040e-01 7.568203829265717220e-01 -3.756066478006372389e-01 3.337376587605433098e+00 -5.515390410707384561e+00 1.920294491735394793e-01 -1.763377602134257760e+00 -1.468415962086140425e+01 -1.357654614934989112e+01 -5.449993560680615801e+00
7.028607967517395139e-01 7.562505392257020675e-01 -3.816760901277629348e-01 3.294849876849835546e+00 -5.656220306594248903e+00 2.086742339183305095e-01 -1.591743133115305131e+00 -1.586744813289144318e+01 -1.358977108741562922e+01 -6.069642634481488663e+00
7.176025401193305564e-01 7.550301806256096704e-01 -3.945765758935697587e-01 3.043141931245568088e+00 -6.768172614028486578e+00 -3.300153261965903528e-01 -2.099216828323661854e+00 -1.674454264172440787e+01 -1.349311180909740848e+01 -5.511604446834586390e+00
7.251235021087502064e-01 7.540117435816904301e-01 -4.005888957569634368e-01 3.232502390302694817e+00 -5.879709704129796322e+00 4.868340143847151857e-01 -1.604327249393066923e+00 -1.502090058239982007e+01 -1.292172913690328784e+01 -6.412605774862194963e+00
7.326923735714969688e-01 7.531903206522285732e-01 -4.059870907775552373e-01 3.008865188855236017e+00 -6.208855292128191650e+00 3.810770609321969538e-01 -1.500418655796330381e+00 -1.639367459796858739e+01 -1.259980868371216367e+01 -6.197162399862065740e+00
7.485674540185287551e-01 7.522660692013596329e-01 -4.156300116432961600e-01 3.241035851961705738e+00 -6.372668666120050673e+00 7.295376062897218628e-01 -1.384919339435067176e+00 -1.731967439573593737e+01 -1.270351626337517637e+01 -7.063251145369158657e+00
7.638909939335437604e-01 7.504028917763436723e-01 -4.241034258530037016e-01 3.008124902111943832e+00 -6.333403845769399965e+00 7.182622750452904992e-01 -1.672743232556068049e+00 -1.596115390241285148e+01 -1.291098590998908868e+01 -5.886353631012641863e+00
7.741895505435891778e-01 7.487922436280021188e-01 -4.298178314860958693e-01 3.016454533808644367e+00 -6.058414342437700384e+00 1.048176197101730267e+00 -1.522791660166768146e+00 -1.503328632439266954e+01 -1.290110270697056194e+01 -6.349818512330698717e+00
7.776587373767623879e-01 7.485572024481250697e-01 -4.315622258197217009e-01 3.034159854916547161e+00 -6.455426480621897056e+00 1.049339485164320518e+00 -1.485669034071957384e+00 -1.591001437818738751e+01 -1.244123704783066842e+01 -7.332417472282054760e+00
7.908319695502210589e-01 7.476975597589659017e-01 -4.375564484883187055e-01 2.906361290422556198e+00 -6.787172630445410526e+00 8.816755535580410585e-01 -1.500132260428929554e+00 -1.705404470959533825e+01 -1.148072751621051957e+01 -7.207928086537783052e+00
8.012700779992045774e-01 7.475878517200198470e-01 -4.403029683943939787e-01 2.537170702508727782e+00 -5.863624254727410445e+00 1.032939991337131769e+00 -6.539075787619470503e-01 -1.616196744823805886e+01 -9.925294211830046009e+00 -7.612590942805804062e+00
8.116243638619916601e-01 7.486909549868479008e-01 -4.426877191597294314e-01 2.681231733999483335e+00 -6.526604426080174548e+00 1.154001923127409679e+00 -8.053824241280475027e-01 -1.769025715139899546e+01 -1.050691873706733581e+01 -7.763916145290734150e+00
8.225303825567423788e-01 7.508843394137518779e-01 -4.455171829747782697e-01 2.912691567600294906e+00 -6.747243393692552438e+00 1.169805083634992915e+00 -9.901867383351100615e-01 -1.784235859886424436e+01 -1.042468447441416046e+01 -8.342834140859471503e+00
8.337165658860896666e-01 7.535526018684770566e-01 -4.488147464746832238e-01 3.152976601801698031e+00 -6.697233770551922483e+00 4.935180033766104479e-01 -8.875924111734635469e-01 -1.802195862756429889e+01 -1.050294579989163957e+01 -9.152491300417750608e+00
8.412530374077302753e-01 7.552096940066502784e-01 -4.512038894868012351e-01 3.171695559848653367e+00 -6.718874483488565197e+00 1.805362982307268105e-02 -8.095573000561000487e-01 -1.838308735181506393e+01 -1.061185168001262369e+01 -8.893078849894205717e+00
8.558777619255834024e-01 7.570121856521434545e-01 -4.570893040725611534e-01 2.857406029353230625e+00 -6.762622634041745684e+00 -1.619745550262932099e-01 -1.198895178703176079e+00 -1.696083833852655331e+01 -1.022276759120718381e+01 -8.259893446187707156e+00
8.628501834241829593e-01 7.574859754603834316e-01 -4.598794179635172785e-01 2.867337424533818346e+00 -6.858863117740348514e+00 -3.589400362168171377e-02 -1.299461390858033472e+00 -1.714806160225394649e+01 -9.718527385554896370e+00 -8.739672521302528807e+00
8.769017694666154661e-01 7.591012215352017645e-01 -4.652514131657538021e-01 2.760819325360278409e+00 -6.731471937909971892e+00 5.414002992556374849e-01 -9.964620220048888699e-01 -1.755307568187583911e+01 -1.028253886501168068e+01 -9.663135947468180831e+00
8.867811956883276947e-01 7.599964385760276109e-01 -4.695002279054952821e-01 2.669876265926658832e+00 -6.551697242709159319e+00 1.092623525042297317e+00 -1.337925865754762578e+00 -1.550612709740976847e+01 -9.829649380803191505e+00 -9.034748137321111372e+00
8.924913028238892210e-01 7.597120417108208512e-01 -4.716758395391564274e-01 2.410738678826747083e+00 -5.892614287870175716e+00 1.344552574450405436e+00 -1.144599031302385050e+00 -1.420891596112445576e+01 -8.861222330790489821e+00 -8.125078475103640230e+00
8.979831501882293843e-01 7.595017011951654684e-01 -4.734615542953786171e-01 2.372428460193637179e+00 -6.421646961858925806e+00 1.499193181915200901e+00 -1.165195766236919228e+00 -1.570946956419100360e+01 -8.881914479648562732e+00 -8.155516662379490356e+00
9.081367697497958469e-01 7.606057545371125439e-01 -4.775591974158661102e-01 2.644549918399870414e+00 -6.239222750299441067e+00 2.007230565273569134e+00 -1.064303006223610293e+00 -1.469335632123886626e+01 -9.327322031912910205e+00 -9.868877098545244309e+00
9.182546000008137144e-01 7.640650874855221542e-01 -4.811098929628980780e-01 2.339625196472658875e+00 -6.329589901467832291e+00 1.796058556882303092e+00 -8.162605560329376786e-01 -1.685849691447513621e+01 -8.876317550730201233e+00 -9.997509951336773781e+00
9.212176062419767941e-01 7.652364206553086134e-01 -4.812803178476067201e-01 2.198633012468726111e+00 -5.799205236344513459e+00 1.945528673310238155e+00 -4.143217978520071787e-01 -1.720094386732826308e+01 -8.149305617330952600e+00 -1.052759235923148218e+01
9.335033903232129449e-01 7.686425851425435773e-01 -4.801822101122610320e-01 1.875617059780357199e+00 -5.312849317200549315e+00 1.482164712900660097e+00 -3.829379730530781956e-01 -1.675637000066939208e+01 -6.571735955083607195e+00 -9.090671321169308428e+00
9.422692829794361291e-01 7.704428927079589595e-01 -4.798946999815556502e-01 2.665966249782560915e+00 -6.384173578923728165e+00 1.200359955390312150e+00 -1.209131421499424874e+00 -1.514820896071249834e+01 -7.413964101683459873e+00 -1.022863703715453632e+01
9.573925167392858260e-01 7.758802977912421239e-01 -4.920285309676643015e-01 2.515071422904032961e+00 -6.891927413869439967e+00 1.003527655443301025e+00 -1.694231744055565647e+00 -1.332972934654372565e+01 -9.228806150287704568e+00 -8.672115090870363474e+00
9.604583217022201191e-01 7.765074124948246892e-01 -4.953722502561384022e-01 2.021499076593045174e+00 -6.172399057784184961e+00 8.814015042995680949e-01 -1.404932584258552497e+00 -1.322467956781042453e+01 -7.883634340269693119e+00 -7.761450807569559629e+00
9.636155775940636881e-01 7.772042407781147855e-01 -4.982231946454687144e-01 1.859049946186621449e+00 -6.124609583835296078e+00 8.147419093431248482e-01 -1.385292314530884639e+00 -1.330992832385929070e+01 -8.440191577355856012e+00 -7.872723024471277142e+00
9.710644220452500086e-01 7.796000096214502628e-01 -5.028179779102125435e-01 2.112084602140044787e+00 -5.837127304068087774e+00 1.067148157516258689e+00 -1.163424042584007445e+00 -1.316271090012923572e+01 -8.215286248572706285e+00 -9.249245741787003539e+00
9.778961211935788267e-01 7.821579524827868557e-01 -5.067783666044254343e-01 1.991577551983240379e+00 -5.408975470616477210e+00 8.225854217724433148e-01 -1.254430892461406266e+00 -1.087125786729830601e+01 -8.057700756243631801e+00 -8.552403568462162653e+00
9.805239282815230162e-01 7.829906979543389545e-01 -5.087966106959903589e-01 1.616482788616059096e+00 -4.641891178398838136e+00 8.965163168007834749e-01 -9.584667100081311064e-01 -9.737907726346982429e+00 -7.450069321558964397e+00 -7.564874813681568000e+00
9.827708017673995045e-01 7.838797882004827633e-01 -5.106800626138379151e-01 1.627056213589627598e+00 -4.872263455559465939e+00 7.537871975017755855e-01 -1.170888266601698646e+00 -9.339731765019209320e+00 -7.958114423482156141e+00 -6.564498481977883770e+00
9.859248115233364418e-01 7.848013355392658985e-01 -5.129012762878675247e-01 1.319752067734710321e+00 -3.824809585989520588e+00 5.865955180733469776e-01 -9.071775485077118173e-01 -7.731871237430262944e+00 -6.186529132351497040e+00 -5.196102477191644198e+00
9.867379610947525359e-01 7.850570458960708375e-01 -5.138747824852417656e-01 1.186002927004093044e+00 -3.127956849443913168e+00 6.122050320360561404e-01 -6.961184326745828432e-01 -6.359223113517374237e+00 -5.563226206752676539e+00 -4.536863996767271701e+00
9.875389452706178073e-01 7.850179164165855816e-01 -5.152752477790788488e-01 1.079589235783520618e+00 -2.452302383973758104e+00 5.117800217181087685e-01 -4.687219428151285228e-01 -6.231662067897252300e+00 -4.294479514949451904e+00 -3.854450617179552729e+00
9.877387987494296029e-01 7.849465328166971290e-01 -5.150499644598571791e-01 9.298231521437410052e-01 -1.700631559032015794e+00 5.045291432793497233e-01 -1.771985157004435929e-01 -5.543345288840715313e+00 -2.970409611835420183e+00 -3.858916085669739093e+00
9.890315110861921388e-01 7.848583190576233770e-01 -5.083093227807962133e-01 -1.054760480904524261e-01 1.873762651559741421e+00 2.461882846924206003e-01 1.088064859983486343e+00 -1.604299548572262424e+00 4.046131791102908437e+00 -2.467789762093012040e+00
9.899939860497523059e-01 7.849171622345136878e-01 -5.024970155218322354e-01 -8.792596794705158370e-02 2.157547406134824541e+00 3.321379784611060426e-01 1.183318919340117015e+00 -4.600927963493464667e-01 4.547784175762886072e+00 -2.535776507693718873e+00
9.899801018221279225e-01 7.860684415542971148e-01 -4.921673221407341092e-01 -1.442930328493743641e-01 3.484183511853552684e+00 5.349663622124194440e-01 1.639839523501300356e+00 2.078576601642605048e+00 6.087642188251060738e+00 -2.574269074940198188e+00
9.884799504354387922e-01 7.884679805739059910e-01 -4.793298673279673405e-01 -5.289350995925391485e-01 4.875773076869974076e+00 5.382228120587030373e-01 2.222086304806468959e+00 3.457003760596109476e+00 8.701450220837493532e+00 -1.719907551476081986e+00
9.836814071154277306e-01 7.936717354164070093e-01 -4.616184037566737897e-01 -6.423791606326343384e-01 4.812270800562884254e+00 4.504431723011332878e-01 2.069113617634998459e+00 5.008922381540628521e+00 7.944914099153729481e+00 -1.001181793946287257e+00
9.801584320946672424e-01 7.968474285044181427e-01 -4.525139963074605864e-01 -1.088482202897557150e+00 5.752485835921921975e+00 3.772825575503566675e-01 2.472422154264156013e+00 5.511002259619476540e+00 9.989153456246485874e+00 -1.552084919600493496e-01
9.765182786836731355e-01 8.002539746090433503e-01 -4.425390442568268301e-01 -1.357778679170969616e+00 6.027602129839696232e+00 2.899926387630340496e-01 2.558539862280195365e+00 5.985205088918768013e+00 1.058581649975232430e+01 5.240791735174367139e-01
9.692735247313675195e-01 8.060372102081220236e-01 -4.204668138539139344e-01 -2.099789286075219419e+00 6.523807586731806829e+00 9.756658866065737179e-02 2.675846547740949433e+00 7.692716429388636534e+00 1.147859805840914227e+01 2.754544439126734190e+00
9.655023455407630850e-01 8.087617791845403969e-01 -4.086813913623296157e-01 -2.666183660368797170e+00 6.621354193709941605e+00 9.073132382250292949e-02 2.867074453842211934e+00 7.300007397728884406e+00 1.241765703026873524e+01 2.757758475364852746e+00
9.576835247258241868e-01 8.138945761168983051e-01 -3.849282095456465491e-01 -2.918000181640871382e+00 5.967015896580800671e+00 3.825582019919648857e-02 2.569580158902493583e+00 8.205915253764962003e+00 1.087266693206353807e+01 3.575588193934325698e+00
9.532499447657160063e-01 8.160618548860834043e-01 -3.752506168595396985e-01 -2.823258193797068660e+00 5.280179275356802648e+00 1.079714584190183402e-02 2.182321094155714292e+00 8.930760376935509726e+00 9.204871312162886454e+00 3.650441804502420950e+00
9.408474372003183817e-01 8.220552120796045248e-01 -3.544666325841453469e-01 -3.627442440371407173e+00 6.528930137440087655e+00 4.580133588042789583e-02 2.648869898856554883e+00 1.183903810477703544e+01 1.114899017515642932e+01 4.880677768057682719e+00
9.351041260411077083e-01 8.233732441441670158e-01 -3.457721370833480856e-01 -4.357016383554526584e+00 6.114429971613629888e+00 4.346407253353268274e-02 2.712118402541908058e+00 1.125875855169612194e+01 1.094387884843333580e+01 5.964327331883251482e+00
9.214321473895816794e-01 8.248586203683476725e-01 -3.282934387828481126e-01 -4.359239991872903452e+00 6.708495917739026204e+00 4.700357945778175228e-01 2.830150421111120806e+00 1.400999334796865270e+01 1.091651062065697175e+01 6.747917610483357365e+00
9.134399373592378968e-01 8.252818530127287167e-01 -3.197326508777236231e-01 -4.657568964224456209e+00 6.891388747109671087e+00 5.247769078087380912e-01 3.072758188327632034e+00 1.347093518119434563e+01 1.189011314929945229e+01 6.609790665058125292e+00
8.942596580533198614e-01 8.267771960128117437e-01 -3.022922618724825927e-01 -4.785415905946507564e+00 7.603558178450970928e+00 8.042403371449440286e-01 3.458639224917629207e+00 1.399183426366532856e+01 1.269719323891509255e+01 5.479066421419687138e+00
8.834926381458272360e-01 8.279678857202541487e-01 -2.931275771451502532e-01 -5.072620869175202607e+00 7.750197463077904914e+00 8.540088302398580744e-01 3.585346825134072990e+00 1.416184364526523076e+01 1.298700816429560057e+01 5.442004960174594785e+00
8.718609199428041245e-01 8.290202194086744303e-01 -2.836250999931023697e-01 -4.902017203092250419e+00 7.141897418840899903e+00 8.126271371002071753e-01 3.207055050228852622e+00 1.374896957689333021e+01 1.201634768804957609e+01 5.470009552133638486e+00
8.479054767548263039e-01 8.301780512070262574e-01 -2.668340054834477115e-01 -4.708312497959378007e+00 5.911558908327132933e+00 5.195078927621921139e-01 2.822626648773503000e+00 1.095946427924758559e+01 1.142017016376998839e+01 4.878630898130844606e+00
7.385462574320225126e-01 8.310236609743356651e-01 -1.814242142499121746e-01 -5.941882036356811447e+00 5.965712012891158267e+00 1.607725527427841250e-01 3.189680007141407980e+00 1.032880918541864368e+01 1.397259761704433956e+01 5.821927978549098270e+00
7.234911137976040019e-01 8.316873952751170362e-01 -1.693572304931775796e-01 -5.911385046440451596e+00 5.353852409347828356e+00 -1.779745558039902420e-02 2.729509092571780204e+00 1.069284071520847945e+01 1.263049280299160948e+01 6.368413716920411360e+00
7.084802063446127285e-01 8.324837009501329099e-01 -1.594855987581721424e-01 -5.750348200865694537e+00 5.525123652964031962e+00 2.035134061299355146e-01 2.710170770556173725e+00 1.124949294572488867e+01 1.223884337284747659e+01 6.793165823480695309e+00
6.940981788705806732e-01 8.326737019044567756e-01 -1.509771675972279570e-01 -5.992209439006761507e+00 5.335835887829109225e+00 2.116597331232616952e-01 2.644799921211728133e+00 1.110938950716411000e+01 1.222955388521096332e+01 8.107862856666823603e+00
6.803579916949511475e-01 8.307107088796334970e-01 -1.444114113972816693e-01 -5.819902934089724589e+00 5.235418927038407944e+00 3.059009127151797180e-01 2.281612434508444309e+00 1.212863665854612982e+01 1.100832978795853911e+01 9.943334370443562165e+00
6.678082004299943364e-01 8.280821837277652087e-01 -1.382450647504444574e-01 -6.265685937138645301e+00 5.781880390086330479e+00 4.113451878346769952e-01 2.679602750983553605e+00 1.273291458923602626e+01 1.249885297347361579e+01 8.837322118778844882e+00
6.636624698562056945e-01 8.273807003242525937e-01 -1.361837741659562839e-01 -5.740780654618213852e+00 5.727562836456057127e+00 6.087010416975973115e-01 2.561728826097123157e+00 1.265722001450300382e+01 1.152864699653873259e+01 8.477012315980690715e+00
6.446863779162113062e-01 8.224840758916325267e-01 -1.287822599746740182e-01 -5.426516524982615053e+00 5.233796488229354615e+00 6.413892555965872155e-01 2.188348621669819138e+00 1.240100687935222368e+01 1.000691482500421614e+01 9.843151731057744769e+00
6.352557819623307900e-01 8.190767620364908241e-01 -1.255281380097869881e-01 -4.985117209848413111e+00 5.015490444550176896e+00 8.936519611057467394e-01 2.022660211519938578e+00 1.188089619451168488e+01 8.642154757803155007e+00 9.535854473268699394e+00
6.228521494090136779e-01 8.132227394138522580e-01 -1.215914572448135722e-01 -5.112425545942921090e+00 3.913208352346335683e+00 5.056581277208103131e-01 1.730913325617552623e+00 9.475540837248818349e+00 8.404448446481952217e+00 1.060709035985631843e+01
6.209629931893556609e-01 8.121190250169323388e-01 -1.208648034361966273e-01 -4.913057640536870885e+00 4.198335954890406896e+00 8.258349515403389240e-01 1.770344638292767669e+00 1.013696949480999976e+01 7.948234906800117905e+00 1.036728647828493166e+01
6.130312651794884715e-01 8.078087400825385567e-01 -1.167858575452552228e-01 -4.538290325423265159e+00 4.483444422574497601e+00 1.384210967182053942e+00 1.741397324475903563e+00 1.067581312016810813e+01 7.447536035892830419e+00 9.326149480347810439e+00
6.092898129515715855e-01 8.060939069188993722e-01 -1.145460229726925905e-01 -4.387284877829935148e+00 5.119181551464572877e+00 1.825786420326052983e+00 1.831476380841505769e+00 1.190518252519624198e+01 6.762991387452410130e+00 9.462764652886935579e+00
6.049770025077223501e-01 8.041825597748744059e-01 -1.123964611599476415e-01 -4.565190151731764345e+00 5.439357752356362319e+00 1.987112878050874443e+00 1.957856501022192219e+00 1.244053916456033626e+01 6.829648572562895481e+00 9.932422783313009873e+00
6.006656234283317408e-01 8.021433511106480507e-01 -1.101112517172788130e-01 -4.388629493060692610e+00 4.642277907358685063e+00 1.732419181117210272e+00 1.651546792933888952e+00 1.079994761375860080e+01 6.330368789708681554e+00 1.037819870879552475e+01
5.811973795930849285e-01 8.289522214877359518e-01 -9.076141081890728990e-02 9.257019625022108178e-01 1.588677913296741295e-01 1.394585545602862742e-01 1.077893148131699341e+00 -1.721627510245398396e+00 2.206207870803567062e+00 -1.331493924387439520e+01
5.806382510398335750e-01 8.345632101074224041e-01 -9.019962084954996628e-02 1.115667811894809347e+00 2.209324639228203713e-02 7.911562600058809347e-02 9.551922928552946113e-01 -1.697624353375735584e+00 1.357476440679109775e+00 -1.319286200807497167e+01
5.743521928806387677e-01 8.718140600052519673e-01 -8.694547561568388705e-02 1.912121202913167783e+00 -1.725963171577558630e-01 1.918264884995776742e-02 8.781536244133518743e-01 -2.335389608662123084e+00 7.664491541251773621e-02 -1.623837312153670354e+01
5.707838415574860713e-01 8.898394536942023647e-01 -8.532674232511316958e-02 2.040569893507392596e+00 -8.254748260301952856e-02 4.417232555952949058e-02 8.785970617693865670e-01 -3.004943449116853849e+00 -6.741818902215855891e-01 -1.733809686294306474e+01
5.680851223572467301e-01 9.015383952379364407e-01 -8.458623691288830182e-02 2.271551302266356487e+00 1.041882891847068393e+00 3.446186488866215258e-01 5.447630443276251233e-01 -2.185958493601905861e+00 -2.223074012043194436e+00 -1.837097904499194101e+01
5.644783723096979955e-01 9.175584115695155640e-01 -8.440660712287650913e-02 2.944659573953784193e+00 1.178149601276385239e+00 3.322801814237799078e-01 2.296529032847301754e-01 -2.081491820400591664e+00 -3.751048002093475109e+00 -1.926447986712263827e+01
5.614611452204700814e-01 9.329531154621815148e-01 -8.526810443230661840e-02 3.168147141326706162e+00 7.557938450118523166e-01 1.314328182095347852e-02 -2.520227491413751242e-01 -3.032155094842089227e+00 -5.096797270059798102e+00 -2.059258131449966811e+01
5.590676164026213701e-01 9.484589846638675770e-01 -8.744301080601876719e-02 3.349598480894472541e+00 1.030485377848996853e+00 2.008440845103683925e-01 -6.042384170086494838e-03 -3.272087210972121074e+00 -6.005198556946489852e+00 -2.183222454460073081e+01
5.573144978783028947e-01 9.641336742187091025e-01 -9.143111661642489008e-02 4.197868095176462866e+00 1.458410540057089255e+00 3.039439681642368551e-01 -1.891562575522024725e-01 -3.461107706581578736e+00 -8.376675290074974356e+00 -2.383736400943176292e+01
5.557885571635001742e-01 9.782921330645174551e-01 -9.944671252270681494e-02 5.123580175240597612e+00 1.705358086631140857e+00 5.983668933644656907e-01 -2.541187090143013361e-01 -2.933190674769926343e+00 -1.088810474672970585e+01 -2.292924352467221638e+01
5.546242384096657929e-01 9.872854572238282111e-01 -1.053192594456914266e-01 4.563282800909432169e+00 1.998940824265422744e+00 9.135871650347914263e-01 3.519592665147425747e-01 -2.846745946048775178e+00 -1.092794917005731392e+01 -2.354368842397980544e+01
5.556685542490533702e-01 1.002938493908724471e+00 -1.196480310179413309e-01 6.011172668476099545e+00 1.645941930685882015e+00 6.314140235458900463e-01 -6.170853148600561333e-01 -4.090644039566346812e+00 -1.338311295253407529e+01 -2.409792420124738399e+01
5.589281521556985766e-01 1.013529521711159731e+00 -1.319525873489302836e-01 5.305563422384176775e+00 1.033503009193499800e+00 3.890870058845821156e-01 -9.128416418257059850e-02 -6.518474330643911685e+00 -1.247522916879497146e+01 -2.646614351261109732e+01
5.611853658254480903e-01 1.020549428908626322e+00 -1.398404792691804732e-01 5.749783841983267862e+00 1.325727218583502953e+00 4.117692397987249286e-01 -3.362559492123382565e-01 -4.972407912545484976e+00 -1.402113005796604028e+01 -2.546299690415770556e+01
5.651912594500414500e-01 1.034213165094783005e+00 -1.560316798755101986e-01 6.054549038561829910e+00 1.303652433940836186e+00 3.257415694439522724e-01 -3.951104027715192091e-01 -5.238527365639445321e+00 -1.493395352781576335e+01 -2.647754913397854537e+01
5.659789146640306079e-01 1.045726831330624274e+00 -1.655574835117309684e-01 5.485818536155280256e+00 2.293127496688838196e+00 7.180990237751749827e-01 1.797227692879752037e-02 -3.995181432995437820e+00 -1.370216795921578345e+01 -2.809413717286590995e+01
5.652522107014954500e-01 1.053926334177731405e+00 -1.709493403262965505e-01 5.653519974705548456e+00 2.403167663906461637e+00 8.249686892525052162e-01 -3.255466590191735676e-02 -3.673532201681794174e+00 -1.436177261073532563e+01 -2.770800198883017629e+01
5.606150238257188168e-01 1.070594841430914546e+00 -1.804439113064776334e-01 6.362596821233958977e+00 2.105364807335249999e+00 7.038628552921792902e-01 -4.749835487118472255e-01 -3.129623651167121601e+00 -1.514509272547640428e+01 -2.653704459450439046e+01
5.591898270308734986e-01 1.074442375855073184e+00 -1.828373193220924620e-01 6.695133831686262305e+00 1.817014195769446783e+00 5.698153616877341676e-01 -7.433467272475884347e-01 -3.322753084061315310e+00 -1.564111027868002246e+01 -2.569678369057546519e+01
5.537716829352260506e-01 1.092039380938227833e+00 -1.968656103286511028e-01 6.308353186143367708e+00 1.372429610085215357e+00 6.201129008736139259e-01 -3.459888268385686860e-01 -4.652311229191255393e+00 -1.663356011593172212e+01 -2.492323801385193960e+01
5.532220317883125293e-01 1.098540667134668247e+00 -2.022712643439643077e-01 5.210224696416005052e+00 1.940357396217466057e+00 7.992780005797386345e-01 2.534116458825594886e-01 -5.162411061683489955e+00 -1.549556689951791277e+01 -2.630343749402872078e+01
5.546609621405547141e-01 1.110769445981693249e+00 -2.131422794919763108e-01 5.801857221021670341e+00 1.991473445758494609e+00 8.110718540308718971e-01 -2.616410062794019553e-02 -4.884229902534397816e+00 -1.589875042014666917e+01 -2.694881189562572743e+01
5.568318296432328562e-01 1.118690663074771940e+00 -2.214617921583892646e-01 5.256755255594147691e+00 2.295962332215518487e+00 9.812525983103232985e-01 1.516714392729634209e-01 -4.630249154283077928e+00 -1.497121076225731962e+01 -2.611092269103211905e+01
5.578936615151786071e-01 1.123252035123051051e+00 -2.271050574391135224e-01 5.528880893827253118e+00 1.926728535352301375e+00 9.574261626253499635e-01 1.009652900269532028e-01 -4.644946317625394450e+00 -1.623525107528884348e+01 -2.500881063772429513e+01
5.595926640169418542e-01 1.130463713059625119e+00 -2.413584638210453381e-01 6.063371030128549499e+00 2.142279460759572096e+00 8.827225873093325070e-01 -6.182988779409381852e-01 -2.067360348991594154e+00 -1.597639370456751529e+01 -2.192055547811838423e+01
5.601411865313292715e-01 1.135754262647495239e+00 -2.515119230803967709e-01 0.000000000000000000e+00 0.000000000000000000e+00 0.000000000000000000e+00 0.000000000000000000e+00 0.000000000000000000e+00 0.000000000000000000e+00 0.000000000000000000e+00
5.594838355540858732e-01 1.139497517096072610e+00 -2.576789892866773179e-01 0.000000000000000000e+00 0.000000000000000000e+00 0.000000000000000000e+00 0.000000000000000000e+00 0.000000000000000000e+00 0.000000000000000000e+00 0.000000000000000000e+00
5.579613597721468921e-01 1.148601639180952372e+00 -2.675308436686084645e-01 0.000000000000000000e+00 0.000000000000000000e+00 0.000000000000000000e+00 0.000000000000000000e+00 0.000000000000000000e+00 0.000000000000000000e+00 0.000000000000000000e+00
5.560106700069562535e-01 1.152786356711599458e+00 -2.736485246729043475e-01 0.000000000000000000e+00 0.000000000000000000e+00 0.000000000000000000e+00 0.000000000000000000e+00 0.000000000000000000e+00 0.000000000000000000e+00 0.000000000000000000e+00
5.522356729458733904e-01 1.159855586154904916e+00 -2.891407902899388871e-01 0.000000000000000000e+00 0.000000000000000000e+00 0.000000000000000000e+00 0.000000000000000000e+00 0.000000000000000000e+00 0.000000000000000000e+00 0.000000000000000000e+00
5.510151008913177773e-01 1.162913926233653417e+00 -3.008790840228322550e-01 0.000000000000000000e+00 0.000000000000000000e+00 0.000000000000000000e+00 0.000000000000000000e+00 0.000000000000000000e+00 0.000000000000000000e+00 0.000000000000000000e+00
5.507012323265996212e-01 1.164745918565281091e+00 -3.129624069776515971e-01 0.000000000000000000e+00 0.000000000000000000e+00 0.000000000000000000e+00 0.000000000000000000e+00 0.000000000000000000e+00 0.000000000000000000e+00 0.000000000000000000e+00
5.501456174721762737e-01 1.165583768474148352e+00 -3.262064315437043782e-01 0.000000000000000000e+00 0.000000000000000000e+00 0.000000000000000000e+00 0.000000000000000000e+00 0.000000000000000000e+00 0.000000000000000000e+00 0.000000000000000000e+00
5.497552180513106679e-01 1.165327359929585249e+00 -3.356657595638060654e-01 0.000000000000000000e+00 0.000000000000000000e+00 0.000000000000000000e+00 0.000000000000000000e+00 0.000000000000000000e+00 0.000000000000000000e+00 0.000000000000000000e+00
5.487029715609430536e-01 1.164061598666092490e+00 -3.558886118295265799e-01 0.000000000000000000e+00 0.000000000000000000e+00 0.000000000000000000e+00 0.000000000000000000e+00 0.000000000000000000e+00 0.000000000000000000e+00 0.000000000000000000e+00
5.483751425220697584e-01 1.163573228945583793e+00 -3.612575014957019048e-01 0.000000000000000000e+00 0.000000000000000000e+00 0.000000000000000000e+00 0.000000000000000000e+00 0.000000000000000000e+00 0.000000000000000000e+00 0.000000000000000000e+00
5.481928303871751451e-01 1.162040083557339232e+00 -3.789514597839407362e-01 0.000000000000000000e+00 0.000000000000000000e+00 0.000000000000000000e+00 0.000000000000000000e+00 0.000000000000000000e+00 0.000000000000000000e+00 0.000000000000000000e+00
5.493587645918326379e-01 1.160597426290231660e+00 -3.892447452012390841e-01 0.000000000000000000e+00 0.000000000000000000e+00 0.000000000000000000e+00 0.000000000000000000e+00 0.000000000000000000e+00 0.000000000000000000e+00 0.000000000000000000e+00
5.538441110599972017e-01 1.157486504249389370e+00 -4.024427335812086337e-01 0.000000000000000000e+00 0.000000000000000000e+00 0.000000000000000000e+00 0.000000000000000000e+00 0.000000000000000000e+00 0.000000000000000000e+00 0.000000000000000000e+00
5.582294182130550508e-01 1.154374196359508886e+00 -4.127846523109543475e-01 0.000000000000000000e+00 0.000000000000000000e+00 0.000000000000000000e+00 0.000000000000000000e+00 0.000000000000000000e+00 0.000000000000000000e+00 0.000000000000000000e+00
5.596859188774701011e-01 1.153320024404579591e+00 -4.164533143365370949e-01 0.000000000000000000e+00 0.000000000000000000e+00 0.000000000000000000e+00 0.000000000000000000e+00 0.000000000000000000e+00 0.000000000000000000e+00 0.000000000000000000e+00
5.639976161965665202e-01 1.149660723211096691e+00 -4.272359775952614958e-01 0.000000000000000000e+00 0.000000000000000000e+00 0.000000000000000000e+00 0.000000000000000000e+00 0.000000000000000000e+00 0.000000000000000000e+00 0.000000000000000000e+00
5.686381134453023511e-01 1.145072942500942492e+00 -4.411844782411010191e-01 0.000000000000000000e+00 0.000000000000000000e+00 0.000000000000000000e+00 0.000000000000000000e+00 0.000000000000000000e+00 0.000000000000000000e+00 0.000000000000000000e+00
5.701862997787632281e-01 1.142725341547796480e+00 -4.483466070761912281e-01 0.000000000000000000e+00 0.000000000000000000e+00 0.000000000000000000e+00 0.000000000000000000e+00 0.000000000000000000e+00 0.000000000000000000e+00 0.000000000000000000e+00
5.704183639652646853e-01 1.137667610564848442e+00 -4.634021901445780633e-01 0.000000000000000000e+00 0.000000000000000000e+00 0.000000000000000000e+00 0.000000000000000000e+00 0.000000000000000000e+00 0.000000000000000000e+00 0.000000000000000000e+00
5.683962408873501904e-01 1.133632658693116468e+00 -4.758614195946762604e-01 0.000000000000000000e+00 0.000000000000000000e+00 0.000000000000000000e+00 0.000000000000000000e+00 0.000000000000000000e+00 0.000000000000000000e+00 0.000000000000000000e+00
5.668992552249412231e-01 1.130949750606871973e+00 -4.844130420754764743e-01 0.000000000000000000e+00 0.000000000000000000e+00 0.000000000000000000e+00 0.000000000000000000e+00 0.000000000000000000e+00 0.000000000000000000e+00 0.000000000000000000e+00
5.643817914551640946e-01 1.126144737965997011e+00 -4.971337120109914354e-01 0.000000000000000000e+00 0.000000000000000000e+00 0.000000000000000000e+00 0.000000000000000000e+00 0.000000000000000000e+00 0.000000000000000000e+00 0.000000000000000000e+00
5.714832119870032479e-01 1.108166335167109384e+00 -5.204977784775641769e-01 0.000000000000000000e+00 0.000000000000000000e+00 0.000000000000000000e+00 0.000000000000000000e+00 0.000000000000000000e+00 0.000000000000000000e+00 0.000000000000000000e+00
5.785188160744261232e-01 1.099767152521433200e+00 -5.257444503943700109e-01 0.000000000000000000e+00 0.000000000000000000e+00 0.000000000000000000e+00 0.000000000000000000e+00 0.000000000000000000e+00 0.000000000000000000e+00 0.000000000000000000e+00
5.946791608907755489e-01 1.078954137472167618e+00 -5.365441880554754350e-01 0.000000000000000000e+00 0.000000000000000000e+00 0.000000000000000000e+00 0.000000000000000000e+00 0.000000000000000000e+00 0.000000000000000000e+00 0.000000000000000000e+00
6.028753368799197876e-01 1.067700609309019111e+00 -5.420595982041315208e-01 0.000000000000000000e+00 0.000000000000000000e+00 0.000000000000000000e+00 0.000000000000000000e+00 0.000000000000000000e+00 0.000000000000000000e+00 0.000000000000000000e+00
6.146241591161553108e-01 1.047205276167552990e+00 -5.499907749475340113e-01 0.000000000000000000e+00 0.000000000000000000e+00 0.000000000000000000e+00 0.000000000000000000e+00 0.000000000000000000e+00 0.000000000000000000e+00 0.000000000000000000e+00
6.170320514767742015e-01 1.038785270961194884e+00 -5.531537931408175846e-01 0.000000000000000000e+00 0.000000000000000000e+00 0.000000000000000000e+00 0.000000000000000000e+00 0.000000000000000000e+00 0.000000000000000000e+00 0.000000000000000000e+00
6.127390150225313636e-01 9.903637419674781173e-01 -5.739496565370870718e-01 -5.302719365550438990e-01 -1.089462847066871687e+00 -2.182745920311042198e+00 -3.337332642834766716e+00 2.911233015959727499e+00 1.268729619764690453e+00 2.234175518325867671e+01
6.133461835388691608e-01 9.863091308124796175e-01 -5.748510914612297018e-01 -5.462663940134048213e-01 -8.430334836477156868e-01 -1.974289517239549596e+00 -3.375124196183760361e+00 2.883322693728572084e+00 1.205805015069298491e+00 2.198265949005174846e+01
6.176808077498863181e-01 9.642295921345533927e-01 -5.784713490231165878e-01 -1.211860217208178270e+00 -1.921369651776716481e-01 -1.489104233148991652e+00 -3.348365946914722446e+00 4.480721431246257325e+00 3.765563319200856185e+00 2.212674662802486836e+01
6.186686282803828263e-01 9.600501980691444892e-01 -5.789948495768636461e-01 -1.637622943735338010e+00 -5.730618637864670628e-02 -1.352795234002787783e+00 -3.157631899625251926e+00 5.261826464500078515e+00 3.845357695351666383e+00 2.184705397336453458e+01
6.247744619473494243e-01 9.375714827089279835e-01 -5.822069816636152861e-01 -2.295406424361893460e+00 -1.771033656128215839e-01 -1.606784036466474719e+00 -2.871802099644867656e+00 4.030146182287735357e+00 4.161590683641541943e+00 2.325955226000256815e+01
6.265996667574866841e-01 9.326460992675005279e-01 -5.828424575898192295e-01 -2.332758905007012995e+00 1.469614588578427306e-02 -1.280849585517058964e+00 -3.172235360419028094e+00 3.965220792110350612e+00 4.197288856742102503e+00 2.331676607939391488e+01
6.340950266807415803e-01 9.123414558548427200e-01 -5.852278533995781684e-01 -2.285719304576142363e+00 3.046635689857067342e-01 -8.245536666590113084e-01 -3.605614977278584377e+00 4.305708636246162513e+00 5.102995295019449706e+00 2.325110236355918758e+01
6.445964667625374567e-01 8.829745143345385516e-01 -5.893819503027325490e-01 -2.151923245033196430e+00 2.803747694994564443e-01 -7.803126896214941377e-01 -3.318403992465823737e+00 3.473371062106413110e+00 4.380831050974978602e+00 2.149444278831995092e+01
6.474093263402169729e-01 8.739347366000619344e-01 -5.899837940821571758e-01 -2.617024577450961509e+00 4.218083120179375589e-01 -8.458681402102200542e-01 -3.066943001126301915e+00 2.927203191400826299e+00 5.017101970412285894e+00 2.163145456995011884e+01
6.502622048868271776e-01 8.607706755838726576e-01 -5.896672914225711271e-01 -3.547089597463626731e+00 1.052947113179528715e+00 -4.993172965474096947e-01 -2.757319303751165851e+00 4.889651520385922545e+00 7.453834492039312920e+00 2.185435506755248980e+01
6.571184815337997032e-01 8.156318568860662088e-01 -5.862562619374458439e-01 -5.386752977808388465e+00 1.550879132337738220e+00 -9.210679896547870893e-01 -1.789960072066630659e+00 5.288981452959361285e+00 9.196930439605855767e+00 2.420337983859241859e+01
6.670131278591260315e-01 7.528004385159832168e-01 -5.755123347333370720e-01 -6.696152593272911346e+00 2.047230697225424390e+00 -1.084372799173513924e+00 -3.479070113620889582e-01 5.788972964361491336e+00 1.192978183595472430e+01 2.267504851082530237e+01
6.672349562972288428e-01 7.448013590740423240e-01 -5.732024377957304351e-01 -5.333283515539827491e+00 1.634671407448077485e+00 -1.454408874495250803e+00 -1.484764390918640986e+00 5.811348833578561468e+00 1.272654306280803915e+01 2.340100865211979908e+01
6.678887837440345976e-01 7.365798147573845434e-01 -5.709899171123411499e-01 -5.925959836572824102e+00 1.965600548247615764e+00 -2.631349123913544918e+00 -8.359271655105743326e-01 5.161421375174190196e+00 1.227798443428555686e+01 2.399317201016658885e+01
6.685840260376925137e-01 7.189857594192574641e-01 -5.669621653407012074e-01 -5.387922288740499610e+00 2.434640083712615866e+00 -2.955861030580624771e+00 -3.660148769931148571e-01 6.299380375249355346e+00 1.155171605847979777e+01 2.220615444424320373e+01
6.684400664285476967e-01 7.107508314446921993e-01 -5.651987568650944649e-01 -5.183940039794986632e+00 2.696294053253403433e+00 -3.542312603579633734e+00 1.098690313552170839e-01 6.450119058176571940e+00 1.120241335464520915e+01 2.195833416826304330e+01
6.680472333434377408e-01 6.958536425195100961e-01 -5.611908473473645742e-01 -5.168273136535864509e+00 2.763149386043615152e+00 -4.315037628229005939e+00 7.485139631331694243e-01 5.129525792238373683e+00 1.215114363024681587e+01 2.209617940982493423e+01
6.679719442117805217e-01 6.879648883516926716e-01 -5.585902349490696750e-01 -4.776588055857712511e+00 2.994012086208847290e+00 -4.569833103254712370e+00 9.211648458790041571e-01 5.839516625099468783e+00 1.238807764510879572e+01 2.242472557997401950e+01
6.680123128878104888e-01 6.799361555594238826e-01 -5.558680554757124970e-01 -5.041215844286724312e+00 2.754351797154016790e+00 -5.042269394872559651e+00 1.022145180810014820e+00 4.973059432363156063e+00 1.209054288362880847e+01 2.312996447793517518e+01
6.683812608761610097e-01 6.623569878653039478e-01 -5.476236598281030155e-01 -4.971110126707173116e+00 3.068578986951469023e+00 -4.795550150441088455e+00 1.611361961112403041e+00 5.639541439048814553e+00 1.314190201206489839e+01 2.036995255523821768e+01
6.686792054683954323e-01 6.569770413218789518e-01 -5.437735263988567880e-01 -4.867586426278938561e+00 3.335795905982630316e+00 -4.652246106571684692e+00 1.999068883076307701e+00 5.552606836895117581e+00 1.331237872193306160e+01 1.950253625671598101e+01
6.690347756238783639e-01 6.484383475547883524e-01 -5.375781753669883756e-01 -5.950196911486973939e+00 3.481038138562493778e+00 -5.397822797362954894e+00 2.131582568735597594e+00 5.307353187700163843e+00 1.316533425401858182e+01 2.192307993409404432e+01
6.689924269481202224e-01 6.339564432733850730e-01 -5.311920800718645808e-01 -6.198411214707047812e+00 2.896168779679574978e+00 -5.370655289754788342e+00 1.521316974715297921e+00 5.406818067788306870e+00 1.156901280642339280e+01 2.215968469817855890e+01
6.683019981333577775e-01 6.257661197492051519e-01 -5.289825501997422741e-01 -6.857384220337850778e+00 3.027504213682494338e+00 -5.526474787289193280e+00 1.477016884024027199e+00 5.813286407289231406e+00 1.183470031746012552e+01 2.234986902521427865e+01
6.667651886236387604e-01 6.140058643202275235e-01 -5.262013445208927331e-01 -6.965037843110969185e+00 3.008029101096604929e+00 -5.172660148967007210e+00 1.375826765648082484e+00 6.654672543756984027e+00 1.049777025352211268e+01 2.189119891299870346e+01
6.641822287964116445e-01 6.029263833775992953e-01 -5.238259751922532681e-01 -7.180791388553121379e+00 2.877393835859967108e+00 -5.317292602463804307e+00 9.106393941822144011e-01 5.989215101232141514e+00 9.796699011700004789e+00 2.217818833704669856e+01
6.630373940079443695e-01 5.882781361612756665e-01 -5.198142403125720623e-01 -7.596937490172036789e+00 2.198967837653288626e+00 -5.364241480024356967e+00 1.391231838431440604e+00 3.034261788282713201e+00 1.070740405528010974e+01 2.113769831356442808e+01
6.642103778938586167e-01 5.787147530791663108e-01 -5.162210096199245646e-01 -7.467524618504568501e+00 1.442984655764446789e+00 -5.315650150591568313e+00 1.362803053773884443e+00 5.541825966286494376e-01 1.019819456545733161e+01 2.035188074407480485e+01
6.654300540018518451e-01 5.725043188018732465e-01 -5.125071093423783086e-01 -7.793437230707795038e+00 1.825555904363221016e+00 -5.442944583100267408e+00 1.762336580202116032e+00 1.147093956826451766e+00 1.210739312925064759e+01 2.057714559770585083e+01
6.689093587485878123e-01 5.590722123931713972e-01 -5.038340365451945413e-01 -7.900053269881444962e+00 1.884378946020380363e+00 -5.221432135047225032e+00 1.795393953236182671e+00 2.197343822433329041e+00 1.158757280819858160e+01 1.985829863177551857e+01
6.700765212788335479e-01 5.527290567590068537e-01 -4.999250035498258304e-01 -7.839105090726238956e+00 1.845184326339284864e+00 -5.259797160688557405e+00 1.497519093735666385e+00 2.420385185133499206e+00 1.109462870197343243e+01 2.024950982204495276e+01
6.707459815461394026e-01 5.495157076796790552e-01 -4.981422062767906223e-01 -8.004190498248744845e+00 1.512431692078104017e+00 -5.399550016858338353e+00 1.076487167408475054e+00 1.638072325783712424e+00 1.087278811400740608e+01 2.046552484375553149e+01
6.715017911145872986e-01 5.329188736361522016e-01 -4.885839300031734611e-01 -8.265097946796540640e+00 2.453608638138867981e+00 -5.353810769109912826e+00 1.326395601690079307e+00 4.227327215654645975e+00 1.238279401025027582e+01 2.039442201913533737e+01
6.712648142398329743e-01 5.264241688901920568e-01 -4.844360113276563462e-01 -8.636854377882789535e+00 2.206470359343445597e+00 -5.412051040788067091e+00 1.277054737866751610e+00 3.209450209836169243e+00 1.369831151972204886e+01 1.940222303608326726e+01
6.713154942696328842e-01 5.174475410277480369e-01 -4.766004425719978510e-01 -8.898234413391149289e+00 2.700436195970636000e+00 -5.112689621018999375e+00 1.685428928806543603e+00 4.009725457146594785e+00 1.485577777916443587e+01 1.777352102168993042e+01
6.751876055306441637e-01 5.073583823307608043e-01 -4.570807138208851095e-01 -9.051454793215491179e+00 1.678174784613087445e+00 -5.486661488041544743e+00 1.642656558185685345e+00 1.342588975403520291e+00 1.667661192614358967e+01 1.668032770310812296e+01
6.768674552478128881e-01 5.038003896971666729e-01 -4.481843111844205363e-01 -8.891960050164644969e+00 1.731700176446667738e+00 -5.637221947423976864e+00 1.627449897339581453e+00 1.733286887210162552e+00 1.654797491634034401e+01 1.739037369810136369e+01
6.781895736322988144e-01 5.002940384125902362e-01 -4.400482503076249552e-01 -9.262017557918898802e+00 1.619586328729917923e+00 -5.447716401281979870e+00 1.874964775978867459e+00 1.489347195849985095e+00 1.635792658756571782e+01 1.700097274495862720e+01
6.806952841191910020e-01 4.933487306144054285e-01 -4.248255566372780567e-01 -9.019566907852063053e+00 1.584768552343205128e+00 -5.315636553568052314e+00 1.987716732409763765e+00 1.197239047946693224e+00 1.699060792852400326e+01 1.583995248591509153e+01
6.819252347009134851e-01 4.902640457234582749e-01 -4.164252700548093933e-01 -9.488057497243840288e+00 1.424396478986470260e+00 -5.218641716437125488e+00 1.740509341427871615e+00 7.620878932372989745e-01 1.730051051503615511e+01 1.539330795600688795e+01
6.847607021385488935e-01 4.852429865152255717e-01 -4.005048669496281688e-01 -9.131625145665843490e+00 1.394259110809819013e+00 -4.623926915195580634e+00 1.955684860314166329e+00 7.839782099935732607e-01 1.744732753132955949e+01 1.349723443655148714e+01
6.867094689215198500e-01 4.827007543306519599e-01 -3.893919485096041244e-01 -8.826449474020588326e+00 1.163372388804815749e+00 -4.152723624170342021e+00 2.120715841480248276e+00 1.778817386555149593e-01 1.684661042241663864e+01 1.294212117416918417e+01
6.882275598588976084e-01 4.814275002677030901e-01 -3.818494097264125697e-01 -9.352062185173409148e+00 3.415063650138083218e-01 -4.558473436750463570e+00 2.111702694342777242e+00 -1.775220474495144307e+00 1.838716710701340773e+01 1.306297297243322042e+01
6.916242171268942585e-01 4.776800957093016997e-01 -3.645109837878566239e-01 -9.846007447203374952e+00 1.076865171078519090e+00 -4.152446494730244630e+00 2.599840191899574826e+00 -4.903522739203913239e-01 1.908335996213055452e+01 1.311139008890732072e+01
6.949357866216321344e-01 4.745802459733555745e-01 -3.505884826994620784e-01 -9.913822894838528299e+00 2.882942819755642816e-01 -3.633677409048627460e+00 2.450965245016130112e+00 -1.139003804271577103e+00 1.956109597023279179e+01 1.156535358354595999e+01
6.981032799578259507e-01 4.721528326466795100e-01 -3.365349539429130510e-01 -8.980490887485483853e+00 1.066717703396369732e+00 -3.363549235276766858e+00 3.096582422997895989e+00 -3.370435447049655586e-01 1.946272747929925018e+01 1.046684958440528312e+01
7.011805899461551750e-01 4.697626939501268195e-01 -3.191345220149806039e-01 -8.820410221724214850e+00 1.191345308650640922e+00 -2.933172515781657719e+00 3.029366509021972576e+00 2.989831768056799843e-01 1.853575823159831160e+01 9.817229994994280062e+00
7.022755134711078373e-01 4.687431462213691447e-01 -3.108893821299864024e-01 -8.806346467057602823e+00 1.163760180526166810e+00 -2.692635226722424058e+00 3.013461148546169088e+00 5.058964049695241494e-01 1.867266135054333631e+01 9.374600572004419874e+00
7.029944630278115447e-01 4.677048373298265949e-01 -3.022294988217174017e-01 -9.199656815228628659e+00 1.487004662535951649e+00 -3.004796171394401583e+00 3.426825143476498692e+00 2.807060199387443888e-01 2.029447277471223288e+01 9.629082195404594202e+00
7.037659212135416453e-01 4.665973623817297744e-01 -2.882212406065008947e-01 -8.862434000564222814e+00 1.604848415919128968e+00 -2.702712851548161321e+00 3.564892575497797367e+00 6.916436004600020615e-01 2.060157930339199339e+01 8.201681032466696664e+00
7.043147912029064095e-01 4.662625779296358797e-01 -2.752368426008760527e-01 -7.937202225508706022e+00 1.640028603182813516e+00 -1.785442004483870138e+00 3.247066652488773908e+00 8.989220112953284492e-01 1.793841521654730897e+01 7.076800848628002960e+00
7.047286687808249628e-01 4.663228841647626965e-01 -2.675149042283218592e-01 -7.693791950765668020e+00 1.634001709330855423e+00 -1.529966227917244792e+00 3.521662418212321732e+00 9.037095297215403944e-01 1.818316560153983019e+01 6.532695005947886102e+00
7.058355181003401757e-01 4.668622129415051503e-01 -2.455699933716797567e-01 -8.720289490854774783e+00 1.412894404362770029e+00 -1.586838006669694545e+00 3.946796552077711073e+00 5.187696970288385723e-01 1.975298224772468103e+01 6.721625542397813291e+00
7.059548747168478133e-01 4.670057949038904366e-01 -2.407118356024692818e-01 -8.858309256495505934e+00 1.210554733073320177e+00 -1.454375621050430167e+00 3.920784410411290111e+00 5.093177364591122691e-01 1.977755595113105258e+01 6.559407352522229395e+00
7.059380316293165647e-01 4.676004805031095390e-01 -2.224548798714424958e-01 -7.801647446207215175e+00 1.484106860798787064e+00 -9.268718604564857300e-01 3.666712407156911269e+00 1.585797394642472824e+00 1.771238022600455508e+01 5.435938753512195909e+00
7.054206210323001880e-01 4.679607244635584085e-01 -2.099432315783261449e-01 -8.065887856201261030e+00 1.539844478783684245e+00 -7.608120607296158244e-01 3.865406432509937318e+00 1.435591101215945242e+00 1.832276893770363557e+01 5.225424711762471475e+00
7.056966496371417374e-01 4.696585107222946420e-01 -1.943711777210741787e-01 -6.332635643170297257e+00 7.316419155928733931e-01 -6.102576498541236738e-01 3.226168569213975434e+00 7.566705495182889096e-02 1.712351522082877153e+01 1.651788397105666162e+00
7.070210365337703529e-01 4.723986171910488086e-01 -1.869783034392261678e-01 -4.968230384744375172e+00 1.187500832230620196e+00 -2.383684214448887617e-01 3.093506291636033190e+00 5.160131342717733105e-01 1.675332151621883980e+01 -2.237472446599014564e+00
7.099161539461839032e-01 4.835104034258008721e-01 -1.726595974833778913e-01 -3.025946810493895356e+00 6.486776556290660967e-01 -1.895728413721178285e-01 2.418808165564529489e+00 1.004056237174277610e+00 1.431035124732569130e+01 -8.280928749779938869e+00
7.112438080458330925e-01 4.921912192197104852e-01 -1.659762705041964992e-01 -1.792945148850003223e+00 4.602366074200832102e-01 -1.170334668895631758e-01 2.083190916576309171e+00 -5.284612252954920542e-02 1.237884197365492867e+01 -1.063348152925829559e+01
7.126317714906376111e-01 5.092986713264705534e-01 -1.577368038822963836e-01 4.102760311881491484e-01 -3.561000633098023171e-01 -5.879261293240234387e-02 1.153106101067774336e+00 -1.496806911754876568e+00 9.908916016716782238e+00 -1.435510384193554323e+01
7.136407163952023236e-01 5.294561225187335296e-01 -1.506027894620793339e-01 1.133610607620395339e+00 -1.325455518046681824e+00 -2.538908984708272976e-01 8.453407920429496514e-01 -3.934344872570883833e+00 8.618738198334940037e+00 -1.509986205951478944e+01
7.148588064759087146e-01 5.551636358408935656e-01 -1.441846062468191136e-01 3.458535066331502428e+00 -2.227993764643529051e+00 -2.239287945432147930e-01 -7.319848900196165298e-01 -6.563422435427175294e+00 4.946512669827951569e+00 -1.598157840411115949e+01
7.156702289763717806e-01 5.609421551733330125e-01 -1.431140966051078767e-01 2.832721134173540101e+00 -3.166252634004844246e+00 -5.357353314420070234e-01 -7.120063875826931898e-01 -9.044309393725157520e+00 5.983016959261390433e+00 -1.572063501026403287e+01
7.228751220170734904e-01 5.870092502852728433e-01 -1.346960044705022286e-01 5.767162244061815102e+00 -3.849199254974326578e+00 -4.105847489625089608e-01 -1.816667700397261553e+00 -9.786758783812507190e+00 2.373384036542622866e+00 -2.039023335838540518e+01
7.262712233460932865e-01 5.964020797717022315e-01 -1.335205161993784917e-01 6.242086344789736785e+00 -4.109914420419426229e+00 -5.243554090725013328e-01 -2.212073278309256708e+00 -1.021533633933348462e+01 1.423700255032526618e+00 -2.096633752328764899e+01
7.318885163589657905e-01 6.100311086465768362e-01 -1.310949309958235887e-01 5.764234312512917846e+00 -3.644859761538897125e+00 -3.967000253940671239e-01 -1.713462380154061826e+00 -1.135677170872873631e+01 1.952187178148138358e+00 -2.180725178954364907e+01
7.356961636360648260e-01 6.261911118237102336e-01 -1.276311079574029284e-01 6.929546500542497434e+00 -1.645766096273914458e+00 2.510183247224360148e-01 -1.364856475433127159e+00 -7.458647917125159843e+00 1.204764138686104241e-01 -2.382163871023661272e+01
7.360387867389367456e-01 6.334378319997683304e-01 -1.259081255416084899e-01 6.943130402067859031e+00 -8.576892379259908328e-01 3.347934722500774951e-01 -1.259476452580129191e+00 -5.750050630645278993e+00 -5.489573040540347559e-01 -2.329026444437723242e+01
7.354659290779956837e-01 6.412222220945200668e-01 -1.240713691324449447e-01 6.989339842044659967e+00 -6.194826439451974753e-01 4.110992902570562713e-01 -1.128347321311036211e+00 -5.116316518929763468e+00 -1.045443300974793654e+00 -2.364584897367987892e+01
7.329495656261029168e-01 6.581661638130604786e-01 -1.213167560278662072e-01 6.771836193078238253e+00 5.210493700009011242e-02 1.137754834952362737e+00 -3.490079369618089289e-01 -4.916412769128809757e+00 -1.746280210478431849e+00 -2.411414598998147341e+01
7.317662414516252767e-01 6.627289319587632566e-01 -1.207666883799077551e-01 6.546271344350818921e+00 7.199527285907411089e-01 1.453188521975952829e+00 4.431532705583635101e-02 -3.748342209259856173e+00 -1.678948641917691553e+00 -2.397541248074953657e+01
7.270525801905554086e-01 6.879390196764253451e-01 -1.163717962719962862e-01 6.579594703159450830e+00 -7.186656565136911867e-01 1.011276485382991641e+00 -4.619321479497802696e-01 -6.394497648528836287e+00 -2.280916429493509145e+00 -2.329295507405933208e+01
7.244682866281407785e-01 7.058327077466708399e-01 -1.149857612202451751e-01 6.199365358784358015e+00 -6.048395147776941538e-01 9.159423923810304791e-01 -4.490312784283499448e-01 -5.792335032121126659e+00 -3.275188071041622351e+00 -2.182461631841442440e+01
7.234112184507589527e-01 7.177041287095659028e-01 -1.149464252609844195e-01 6.138658155712062303e+00 -6.029030305625848740e-01 8.344225610208537702e-01 -5.888388478435993001e-01 -6.268893230621985779e+00 -3.101667332903985663e+00 -2.089938456930616084e+01
7.239546240816536748e-01 7.249291946378133566e-01 -1.153652361256951864e-01 6.386711747642099368e+00 -1.281612411531035667e+00 5.716007423163159684e-01 -9.180614122792477572e-01 -6.884081406147783078e+00 -3.577584935651910492e+00 -2.174853825818622255e+01
7.267869736536693992e-01 7.399193452083546729e-01 -1.152401341737342988e-01 6.223798461202690646e+00 -2.172629656212522242e+00 8.008585316439642554e-02 -1.372890458211650122e+00 -8.790673695985674385e+00 -3.362362851690926746e+00 -2.175260207598317663e+01
7.288800587109204310e-01 7.473543967971003621e-01 -1.142731660205570932e-01 5.902166566703632711e+00 -2.224004089750107216e+00 -1.744148033640913198e-02 -1.381212081993268725e+00 -9.782592364613016400e+00 -2.059705433729798418e+00 -2.156934689644867831e+01
7.301235076520092848e-01 7.507215759322455328e-01 -1.135136501046637991e-01 5.673530328077197815e+00 -1.851410599771898813e+00 8.475555751173668995e-02 -1.210893883458699749e+00 -9.406288293845500803e+00 -1.451396448572106701e+00 -2.105741362310379827e+01
7.356217866251342219e-01 7.679416710423738746e-01 -1.097925626421847878e-01 6.134258366149299313e+00 -2.119536672468015581e+00 6.255309727764268857e-02 -1.532777358457386718e+00 -9.355071921933317824e+00 -3.196104496495926206e+00 -2.033276771716602127e+01
7.393111498032444162e-01 7.775186020195058445e-01 -1.099823329072558975e-01 6.318438219348162299e+00 -2.520286266181950285e+00 9.009622898574809469e-02 -1.602283628846506325e+00 -9.918184332382475432e+00 -5.602481899129061915e+00 -1.967140687877825656e+01
7.444043205646011518e-01 7.860472919754541987e-01 -1.122765184939049365e-01 5.662349687017501410e+00 -3.081944000116992655e+00 -7.983142648490781923e-02 -1.025423837389572324e+00 -1.217048042273568065e+01 -5.658979612561572559e+00 -2.009730560522228160e+01
7.485718325862104061e-01 7.919768854156188365e-01 -1.138438022849933007e-01 6.086333694488108570e+00 -3.833299036309785635e+00 -3.894125549193314662e-01 -1.328097623679451056e+00 -1.358060957855558470e+01 -6.514050227841754470e+00 -2.089207208357659695e+01
7.591327878813727281e-01 8.017783068783017608e-01 -1.194650390362646669e-01 6.355796498266364836e+00 -5.286621378008849348e+00 -9.573515841781330415e-01 -1.906620607338020523e+00 -1.591682406718390830e+01 -8.907673409826523780e+00 -1.864422969371970851e+01
7.716613179140827672e-01 8.058259868255741587e-01 -1.287164089171339287e-01 6.478766095454386864e+00 -5.486468497792929000e+00 -1.084810382017916019e+00 -2.211949267694089727e+00 -1.476851297326171775e+01 -1.031682208538128442e+01 -1.575526074413709665e+01
7.748231238685980848e-01 8.060733984457644219e-01 -1.313490619385949132e-01 6.377986258170047051e+00 -5.910583000417676480e+00 -1.291085651176374860e+00 -2.319698287175507190e+00 -1.566611588945227140e+01 -1.021362414526429419e+01 -1.528541820772041682e+01
7.844927928965934605e-01 8.066767730524032620e-01 -1.414580305661173321e-01 7.704243714800191434e+00 -5.798106675566901735e+00 -1.034601067269790953e+00 -2.945197654343047589e+00 -1.433033220838536081e+01 -1.312315159030230838e+01 -1.554927780460534947e+01
7.934526288682632877e-01 8.066736719461957694e-01 -1.546416471855536212e-01 8.173241334182751672e+00 -5.640151148672964965e+00 -8.148021881292590862e-01 -3.179859863601022241e+00 -1.299135727844668864e+01 -1.527606983981145383e+01 -1.408637091973251643e+01
8.038168940718510846e-01 8.066041360129859727e-01 -1.724349572952954268e-01 8.038097265998260355e+00 -6.318344968725465804e+00 -9.996820937002133256e-01 -3.443143390637176005e+00 -1.408129494269734394e+01 -1.517796957541250613e+01 -1.392172848759434345e+01
8.106261327199256739e-01 8.080549193649118056e-01 -1.863585261807535476e-01 8.321060034282840689e+00 -6.327121336360424841e+00 -7.977403564750069620e-01 -3.627907002858612007e+00 -1.284067131334828815e+01 -1.721644454177510042e+01 -1.372274186285890885e+01
8.126734035844409565e-01 8.088900360231834341e-01 -1.906002455956793962e-01 7.981206106261083733e+00 -6.265032076596559918e+00 -8.086832953723179784e-01 -3.419928143570699408e+00 -1.324239839549963449e+01 -1.632534476513047395e+01 -1.406777289072285519e+01
8.211676606783996357e-01 8.130107643621152791e-01 -2.065184416708033543e-01 7.955560385415962443e+00 -7.246058776371289589e+00 -1.168271124677465522e+00 -3.709983120895506747e+00 -1.512736467161822418e+01 -1.673012090607926083e+01 -1.314481517058790061e+01
8.299607768139525277e-01 8.162168570912234911e-01 -2.210643812212799708e-01 7.815679815537855291e+00 -7.839597837178528650e+00 -1.349330232940571861e+00 -3.828113792133487792e+00 -1.592348788105783086e+01 -1.753372904353928519e+01 -1.151681779309649123e+01
8.347092252685174296e-01 8.172776407103899965e-01 -2.276468245079470709e-01 8.089480144280186025e+00 -7.562447205252421867e+00 -1.082052835392541823e+00 -3.934616254780738842e+00 -1.496064470375171673e+01 -1.782547580928798325e+01 -1.161425575251009157e+01
8.440232046814951650e-01 8.178488052795352958e-01 -2.409103640288553783e-01 7.920196204334664536e+00 -7.888905153821024641e+00 -1.168798005695675712e+00 -4.116773856535063558e+00 -1.483535638383367150e+01 -1.823780728760196013e+01 -1.025582508408151128e+01
8.537886232712430523e-01 8.163941112099386554e-01 -2.554928062525829713e-01 8.097451323671519319e+00 -7.931381162898687442e+00 -1.085820559873113211e+00 -4.281049600963298118e+00 -1.418939072623412834e+01 -1.919780374273710066e+01 -9.779926610277451360e+00
8.611605125977812580e-01 8.140829330977104039e-01 -2.682205699539965127e-01 7.727881496341924894e+00 -8.397434996998713430e+00 -1.324870346751632511e+00 -4.262630779747230036e+00 -1.516070609960341820e+01 -1.908866976601887089e+01 -8.672138244168460020e+00
8.715290556040371506e-01 8.109133918033660793e-01 -2.863117927562338072e-01 7.942345226702629546e+00 -8.034512970156335143e+00 -9.618858550122695306e-01 -4.305113686506659931e+00 -1.383150264526200601e+01 -1.996724424134713516e+01 -1.009810561722769151e+01
8.776606607958836737e-01 8.097171206166439150e-01 -2.998204369739203012e-01 7.472949938255062818e+00 -8.307384374816869865e+00 -1.080512556884666076e+00 -4.321104777977188505e+00 -1.408302133161526370e+01 -1.940715737149704623e+01 -9.794086148709283179e+00
8.837100824863768356e-01 8.097105354695760537e-01 -3.136029633162062957e-01 7.559920579669735297e+00 -8.831751361987086213e+00 -1.074382842812478422e+00 -4.604973202400926446e+00 -1.432084393035657754e+01 -2.017102481139903247e+01 -1.013193319138252413e+01
8.885845167697693503e-01 8.099508237718092696e-01 -3.277987385637818329e-01 7.014570146740984669e+00 -8.153630402755386086e+00 -7.109342591699903124e-01 -4.221705898660287559e+00 -1.235628055835518069e+01 -1.984781215917675823e+01 -9.672348142048479147e+00
8.908562244399200747e-01 8.104869607329714398e-01 -3.366900602891086391e-01 7.357187594385056428e+00 -8.228981563021438461e+00 -4.849396451344309966e-01 -4.416069956869542956e+00 -1.212379177166580391e+01 -2.083880511866954421e+01 -9.831137194567384441e+00
9.015124862451030507e-01 8.151428678634639047e-01 -3.903489064918874152e-01 7.852816666673810175e+00 -9.314643106515509530e+00 -6.412524836627762070e-01 -5.003814550191978405e+00 -1.269392388841923669e+01 -2.300795315390270446e+01 -8.821410226744905714e+00
9.022256680588932598e-01 8.146941567403128692e-01 -3.952486415552636245e-01 7.823135671739914088e+00 -9.576624094909140794e+00 -6.089366377248479623e-01 -5.140266864546253700e+00 -1.222425746256186230e+01 -2.336922265506778729e+01 -8.545437520986617130e+00
9.050841941855747308e-01 8.106831883523735183e-01 -4.145895728513171452e-01 6.122852274381074267e+00 -9.305373728963441948e+00 -5.269070176449459630e-01 -4.530557635752558099e+00 -1.037099965717613159e+01 -2.257322466290170482e+01 -6.871187671453794721e+00
9.093633778784555588e-01 8.010222190074934856e-01 -4.549828341384920538e-01 5.771472046553560276e+00 -8.773671062873059867e+00 -3.259287775911476892e-01 -4.348293343189066462e+00 -9.041875685429976883e+00 -2.160990452765092940e+01 -7.175014231764833994e+00
9.088614390216043226e-01 8.000426390370973806e-01 -4.642259836991642352e-01 6.082687928357243479e+00 -9.648260701585682497e+00 -4.165388968154974947e-01 -5.055848585984287880e+00 -8.540416558909104339e+00 -2.257112581809029450e+01 -7.093108368316390688e+00
9.073364908058155764e-01 7.992995344440847472e-01 -4.740805110645882614e-01 5.806209747201364735e+00 -9.571044943865578247e+00 -3.815955386593250509e-02 -5.066361718935081804e+00 -7.048621089459046196e+00 -2.271614158647322412e+01 -7.182598989447666504e+00
9.020042801773704433e-01 7.994502649301593600e-01 -4.947844617962040559e-01 5.239697202436277124e+00 -9.692788046110720757e+00 6.999314612092426557e-01 -4.868581468405580814e+00 -6.356961127935836231e+00 -2.343022802130616000e+01 -6.842851864177733390e+00
8.938005949044300902e-01 7.996880410026273589e-01 -5.217741945478393539e-01 4.854253988737222691e+00 -1.005020115130917446e+01 1.228778651854883552e+00 -4.923893742458047562e+00 -6.163932945500746996e+00 -2.436370366943958388e+01 -6.032196285334262775e+00
8.882870611272153383e-01 7.995734391448744427e-01 -5.383286736428154473e-01 3.976313251036568186e+00 -9.044181540761975668e+00 2.088664423013757432e+00 -4.154761057705107952e+00 -5.334160600195307467e+00 -2.384284620817014044e+01 -7.193308586968602647e+00
8.836759164591616589e-01 8.019462393692795565e-01 -5.526893102044162509e-01 4.339282101320759644e+00 -9.026638987534472136e+00 2.712285091380365998e+00 -4.015739886226011635e+00 -6.212652488101807258e+00 -2.379840191233182267e+01 -1.001252326054341601e+01
8.788551130882831242e-01 8.126130094982072505e-01 -5.675819384866651607e-01 4.381948349683729482e+00 -8.393554394144858932e+00 4.014541830981274373e+00 -3.148316269453217409e+00 -6.999397573296170627e+00 -2.285317520311722461e+01 -1.636070661668431470e+01
8.761844732785210033e-01 8.333710331043215902e-01 -5.747236293391071449e-01 5.217153343831797407e+00 -8.297499695721318957e+00 4.745254828728924679e+00 -2.772927538764271116e+00 -8.841119190033586150e+00 -2.042102088514313252e+01 -2.157999286424750451e+01
8.740928255754772946e-01 8.598853924542856353e-01 -5.762301390527151401e-01 3.194749694919134964e+00 -8.008939374690314139e+00 5.608722346370407230e+00 -1.855129061350521358e+00 -9.819355980424495201e+00 -1.966452480620657184e+01 -2.491794257321116746e+01
8.734781690283738298e-01 8.777483296207183594e-01 -5.731478334934609897e-01 1.645369971193838765e+00 -5.312979640875044041e+00 5.986874486684518715e+00 -1.465078246793833916e-01 -1.048482222900983807e+01 -1.659364777163836280e+01 -2.415090245835772720e+01
8.720286858508612404e-01 8.932015112983862082e-01 -5.688755971088246266e-01 1.882456301776926688e+00 -4.086033292365190306e+00 6.508672047596320454e+00 -4.008854172107723102e-03 -7.530769993139676544e+00 -1.452878309274881197e+01 -2.508140706382689089e+01
8.678270073195597512e-01 9.070167609817798571e-01 -5.674030774323370885e-01 1.945045095273420399e+00 -3.362077318475388932e+00 6.894471281086261172e+00 1.043536050550502026e-01 -5.944899493948352820e+00 -1.376722498057557154e+01 -2.616038321447143034e+01
8.573889663679089557e-01 9.319992570475491567e-01 -5.670340446947753632e-01 0.000000000000000000e+00 0.000000000000000000e+00 0.000000000000000000e+00 0.000000000000000000e+00 0.000000000000000000e+00 0.000000000000000000e+00 0.000000000000000000e+00
8.515393602225992398e-01 9.472602082867486173e-01 -5.650029771876551310e-01 0.000000000000000000e+00 0.000000000000000000e+00 0.000000000000000000e+00 0.000000000000000000e+00 0.000000000000000000e+00 0.000000000000000000e+00 0.000000000000000000e+00
8.482802784384145811e-01 9.572782571550247921e-01 -5.629103557866312890e-01 0.000000000000000000e+00 0.000000000000000000e+00 0.000000000000000000e+00 0.000000000000000000e+00 0.000000000000000000e+00 0.000000000000000000e+00 0.000000000000000000e+00
8.367807703226286531e-01 9.821941011292396606e-01 -5.591300006772667031e-01 0.000000000000000000e+00 0.000000000000000000e+00 0.000000000000000000e+00 0.000000000000000000e+00 0.000000000000000000e+00 0.000000000000000000e+00 0.000000000000000000e+00
8.316273786800855161e-01 9.924289617505313021e-01 -5.577252611981603492e-01 0.000000000000000000e+00 0.000000000000000000e+00 0.000000000000000000e+00 0.000000000000000000e+00 0.000000000000000000e+00 0.000000000000000000e+00 0.000000000000000000e+00
8.239707475185100716e-01 1.007537171278204635e+00 -5.550564984965249415e-01 0.000000000000000000e+00 0.000000000000000000e+00 0.000000000000000000e+00 0.000000000000000000e+00 0.000000000000000000e+00 0.000000000000000000e+00 0.000000000000000000e+00
8.188658693642258957e-01 1.017140232171716008e+00 -5.532698019923958377e-01 0.000000000000000000e+00 0.000000000000000000e+00 0.000000000000000000e+00 0.000000000000000000e+00 0.000000000000000000e+00 0.000000000000000000e+00 0.000000000000000000e+00
8.113409348776775554e-01 1.030588138705390122e+00 -5.505423139458548443e-01 0.000000000000000000e+00 0.000000000000000000e+00 0.000000000000000000e+00 0.000000000000000000e+00 0.000000000000000000e+00 0.000000000000000000e+00 0.000000000000000000e+00
8.011945637909535511e-01 1.047767525656812637e+00 -5.462985904683896887e-01 0.000000000000000000e+00 0.000000000000000000e+00 0.000000000000000000e+00 0.000000000000000000e+00 0.000000000000000000e+00 0.000000000000000000e+00 0.000000000000000000e+00
7.988124633258038010e-01 1.052026977401264052e+00 -5.450221571053903702e-01 0.000000000000000000e+00 0.000000000000000000e+00 0.000000000000000000e+00 0.000000000000000000e+00 0.000000000000000000e+00 0.000000000000000000e+00 0.000000000000000000e+00
7.861658325810387815e-01 1.074310557934148758e+00 -5.373051863754898516e-01 0.000000000000000000e+00 0.000000000000000000e+00 0.000000000000000000e+00 0.000000000000000000e+00 0.000000000000000000e+00 0.000000000000000000e+00 0.000000000000000000e+00
7.813572503533632307e-01 1.083363630166732650e+00 -5.338857202587994344e-01 0.000000000000000000e+00 0.000000000000000000e+00 0.000000000000000000e+00 0.000000000000000000e+00 0.000000000000000000e+00 0.000000000000000000e+00 0.000000000000000000e+00
7.715528195630039221e-01 1.104111041617834577e+00 -5.256478699332850502e-01 0.000000000000000000e+00 0.000000000000000000e+00 0.000000000000000000e+00 0.000000000000000000e+00 0.000000000000000000e+00 0.000000000000000000e+00 0.000000000000000000e+00
7.694591123131386823e-01 1.108020510104374301e+00 -5.243567354614403486e-01 0.000000000000000000e+00 0.000000000000000000e+00 0.000000000000000000e+00 0.000000000000000000e+00 0.000000000000000000e+00 0.000000000000000000e+00 0.000000000000000000e+00
7.614410621571967575e-01 1.121867816073270685e+00 -5.206838080898851251e-01 0.000000000000000000e+00 0.000000000000000000e+00 0.000000000000000000e+00 0.000000000000000000e+00 0.000000000000000000e+00 0.000000000000000000e+00 0.000000000000000000e+00
7.542747526324617979e-01 1.131903797033459558e+00 -5.191718293288525299e-01 0.000000000000000000e+00 0.000000000000000000e+00 0.000000000000000000e+00 0.000000000000000000e+00 0.000000000000000000e+00 0.000000000000000000e+00 0.000000000000000000e+00
7.465947274729556327e-01 1.142190731669938675e+00 -5.170913025675610841e-01 0.000000000000000000e+00 0.000000000000000000e+00 0.000000000000000000e+00 0.000000000000000000e+00 0.000000000000000000e+00 0.000000000000000000e+00 0.000000000000000000e+00
7.391033506565667377e-01 1.151977121135344451e+00 -5.144272843269558360e-01 0.000000000000000000e+00 0.000000000000000000e+00 0.000000000000000000e+00 0.000000000000000000e+00 0.000000000000000000e+00 0.000000000000000000e+00 0.000000000000000000e+00
7.348485028018122422e-01 1.158002555883947071e+00 -5.120609682769381443e-01 0.000000000000000000e+00 0.000000000000000000e+00 0.000000000000000000e+00 0.000000000000000000e+00 0.000000000000000000e+00 0.000000000000000000e+00 0.000000000000000000e+00
7.290809691196270537e-01 1.167231032842688254e+00 -5.066971193099695236e-01 0.000000000000000000e+00 0.000000000000000000e+00 0.000000000000000000e+00 0.000000000000000000e+00 0.000000000000000000e+00 0.000000000000000000e+00 0.000000000000000000e+00
7.289563773663160218e-01 1.172058862543230884e+00 -4.993498785658422312e-01 0.000000000000000000e+00 0.000000000000000000e+00 0.000000000000000000e+00 0.000000000000000000e+00 0.000000000000000000e+00 0.000000000000000000e+00 0.000000000000000000e+00
7.300646663566041639e-01 1.174127108267560615e+00 -4.928610105920981366e-01 0.000000000000000000e+00 0.000000000000000000e+00 0.000000000000000000e+00 0.000000000000000000e+00 0.000000000000000000e+00 0.000000000000000000e+00 0.000000000000000000e+00
7.323091694314554090e-01 1.177137031976211112e+00 -4.811804456059688428e-01 0.000000000000000000e+00 0.000000000000000000e+00 0.000000000000000000e+00 0.000000000000000000e+00 0.000000000000000000e+00 0.000000000000000000e+00 0.000000000000000000e+00
7.342986171114084248e-01 1.180330044712224247e+00 -4.692512524935960050e-01 0.000000000000000000e+00 0.000000000000000000e+00 0.000000000000000000e+00 0.000000000000000000e+00 0.000000000000000000e+00 0.000000000000000000e+00 0.000000000000000000e+00
7.349999990257765070e-01 1.182473079025437190e+00 -4.612299213652528151e-01 0.000000000000000000e+00 0.000000000000000000e+00 0.000000000000000000e+00 0.000000000000000000e+00 0.000000000000000000e+00 0.000000000000000000e+00 0.000000000000000000e+00
7.364350741708717285e-01 1.185298195144868671e+00 -4.490818108965523026e-01 0.000000000000000000e+00 0.000000000000000000e+00 0.000000000000000000e+00 0.000000000000000000e+00 0.000000000000000000e+00 0.000000000000000000e+00 0.000000000000000000e+00
7.376365640053292871e-01 1.189104051877013291e+00 -4.310088495302558664e-01 0.000000000000000000e+00 0.000000000000000000e+00 0.000000000000000000e+00 0.000000000000000000e+00 0.000000000000000000e+00 0.000000000000000000e+00 0.000000000000000000e+00
7.389212042785060497e-01 1.191424347671326878e+00 -4.165263761619489302e-01 0.000000000000000000e+00 0.000000000000000000e+00 0.000000000000000000e+00 0.000000000000000000e+00 0.000000000000000000e+00 0.000000000000000000e+00 0.000000000000000000e+00
7.410290411334233829e-01 1.192296488519796860e+00 -3.988809134499031739e-01 0.000000000000000000e+00 0.000000000000000000e+00 0.000000000000000000e+00 0.000000000000000000e+00 0.000000000000000000e+00 0.000000000000000000e+00 0.000000000000000000e+00
7.428106923735897649e-01 1.191977536850591157e+00 -3.907413050801916699e-01 0.000000000000000000e+00 0.000000000000000000e+00 0.000000000000000000e+00 0.000000000000000000e+00 0.000000000000000000e+00 0.000000000000000000e+00 0.000000000000000000e+00
7.454467044714419011e-01 1.190566327575987682e+00 -3.795729959966002709e-01 0.000000000000000000e+00 0.000000000000000000e+00 0.000000000000000000e+00 0.000000000000000000e+00 0.000000000000000000e+00 0.000000000000000000e+00 0.000000000000000000e+00
7.481776883259623201e-01 1.187388078294326021e+00 -3.699737753163695464e-01 0.000000000000000000e+00 0.000000000000000000e+00 0.000000000000000000e+00 0.000000000000000000e+00 0.000000000000000000e+00 0.000000000000000000e+00 0.000000000000000000e+00
7.505669397727582348e-01 1.184364805677169397e+00 -3.633033392169914277e-01 0.000000000000000000e+00 0.000000000000000000e+00 0.000000000000000000e+00 0.000000000000000000e+00 0.000000000000000000e+00 0.000000000000000000e+00 0.000000000000000000e+00
7.548219932194051296e-01 1.178261552540144308e+00 -3.512945804499492675e-01 0.000000000000000000e+00 0.000000000000000000e+00 0.000000000000000000e+00 0.000000000000000000e+00 0.000000000000000000e+00 0.000000000000000000e+00 0.000000000000000000e+00
7.560395947805526040e-01 1.175241901546746348e+00 -3.457045736862036089e-01 0.000000000000000000e+00 0.000000000000000000e+00 0.000000000000000000e+00 0.000000000000000000e+00 0.000000000000000000e+00 0.000000000000000000e+00 0.000000000000000000e+00
7.583574273372037933e-01 1.168557279290528994e+00 -3.363168206487233691e-01 0.000000000000000000e+00 0.000000000000000000e+00 0.000000000000000000e+00 0.000000000000000000e+00 0.000000000000000000e+00 0.000000000000000000e+00 0.000000000000000000e+00
7.599486399592664254e-01 1.163253190016999117e+00 -3.280302236795564208e-01 0.000000000000000000e+00 0.000000000000000000e+00 0.000000000000000000e+00 0.000000000000000000e+00 0.000000000000000000e+00 0.000000000000000000e+00 0.000000000000000000e+00
7.613183509974306151e-01 1.158232021339610007e+00 -3.154831704235478984e-01 0.000000000000000000e+00 0.000000000000000000e+00 0.000000000000000000e+00 0.000000000000000000e+00 0.000000000000000000e+00 0.000000000000000000e+00 0.000000000000000000e+00
7.610536255528879135e-01 1.155914962408118640e+00 -3.108109843170859254e-01 0.000000000000000000e+00 0.000000000000000000e+00 0.000000000000000000e+00 0.000000000000000000e+00 0.000000000000000000e+00 0.000000000000000000e+00 0.000000000000000000e+00
7.610492409017782789e-01 1.151504845286850376e+00 -3.051604976826893245e-01 0.000000000000000000e+00 0.000000000000000000e+00 0.000000000000000000e+00 0.000000000000000000e+00 0.000000000000000000e+00 0.000000000000000000e+00 0.000000000000000000e+00
7.615741637315309731e-01 1.149616725002561513e+00 -3.035667302938033218e-01 0.000000000000000000e+00 0.000000000000000000e+00 0.000000000000000000e+00 0.000000000000000000e+00 0.000000000000000000e+00 0.000000000000000000e+00 0.000000000000000000e+00
7.697406729520497315e-01 1.136224273410364249e+00 -2.998869772410381884e-01 0.000000000000000000e+00 0.000000000000000000e+00 0.000000000000000000e+00 0.000000000000000000e+00 0.000000000000000000e+00 0.000000000000000000e+00 0.000000000000000000e+00
7.782779844588079143e-01 1.124798162951619496e+00 -2.989923481755368262e-01 0.000000000000000000e+00 0.000000000000000000e+00 0.000000000000000000e+00 0.000000000000000000e+00 0.000000000000000000e+00 0.000000000000000000e+00 0.000000000000000000e+00
7.838590656035213655e-01 1.117178802178199648e+00 -2.979028862358676921e-01 0.000000000000000000e+00 0.000000000000000000e+00 0.000000000000000000e+00 0.000000000000000000e+00 0.000000000000000000e+00 0.000000000000000000e+00 0.000000000000000000e+00
7.884431302477595827e-01 1.110134300157593401e+00 -2.963988460082310761e-01 0.000000000000000000e+00 0.000000000000000000e+00 0.000000000000000000e+00 0.000000000000000000e+00 0.000000000000000000e+00 0.000000000000000000e+00 0.000000000000000000e+00
