-9.928911759999455855e-01 7.354789831189864624e-02 9.358322112081687849e-02
-9.998135961420120399e-01 1.338620841983165916e-02 1.391338900909489494e-02
-9.967462093258621092e-01 -6.140420534002345720e-02 -5.221606803547008957e-02
-9.837196638666194648e-01 -1.478416851858593561e-01 -1.021687772440801056e-01
-9.608641167005094186e-01 -2.424802415654638832e-01 -1.339532817354774363e-01
-9.284079328997760783e-01 -3.415469338852169523e-01 -1.463024336173942008e-01
-8.866754039243690544e-01 -4.410922857453549728e-01 -1.387239111743004127e-01
-8.360835074088702745e-01 -5.371477381007376817e-01 -1.115198461805919361e-01
-7.771377408598051373e-01 -6.258838631864647173e-01 -6.577477886017664421e-02
-7.104270708916520238e-01 -7.037630317184034867e-01 -3.312420690211848560e-03
-6.366180484671170037e-01 -7.676804470091139754e-01 7.337705122043552963e-02
-5.564481489402469672e-01 -8.150879234140231411e-01 1.612362696343111468e-01
-4.707184034464690914e-01 -8.440954744518099906e-01 2.567625647690502944e-01
-3.802853952642709645e-01 -8.535466606012190871e-01 3.561476046882873780e-01
-2.860527011182310009e-01 -8.430646928954156349e-01 4.554292214780718551e-01
-1.889618629390690252e-01 -8.130674543090682382e-01 5.506493703782540106e-01
-8.998298028790724379e-02 -7.647508400828547659e-01 6.380119245367393832e-01
9.894982557872647466e-03 -7.000410811540800360e-01 7.140340146077118755e-01
1.096740780087806372e-01 -6.215179514077824319e-01 7.756848797616189284e-01
2.083573463256550851e-01 -5.323119202328815414e-01 8.205066945553298741e-01
3.049587769118253244e-01 -4.359793505864105745e-01 8.467125546764351363e-01
3.985131602050617783e-01 -3.363607180251715900e-01 8.532577151792802850e-01
4.880857317324659994e-01 -2.374275030646069151e-01 8.398812411690650404e-01
5.727815119680914613e-01 -1.431238607833816567e-01 8.071164104526721284e-01
6.517542486725274031e-01 -5.720937980689584645e-02 7.562694534353608944e-01
7.242148723655379428e-01 1.689080062714057653e-02 6.893674778365612710e-01
7.894393804474815202e-01 7.622254016146398636e-02 6.090776543020032241e-01
8.467760711939578133e-01 1.184204695729721146e-01 5.186008847268214206e-01
9.099769528099129756e-01 1.452312711123483757e-01 3.883939021739102881e-01
9.468276661015050388e-01 1.422105270045408709e-01 2.886061965964480946e-01
9.742179903330256963e-01 1.194252399756187966e-01 1.914077306909165999e-01
9.918742504387910719e-01 7.778378751629418109e-02 1.006735005654731951e-01
9.996200309042079235e-01 1.894628292891819415e-02 2.002079364679858545e-02
9.973779384512805324e-01 -5.474160815109301720e-02 -4.733502115459414794e-02
9.851703753266611852e-01 -1.403421820419665511e-01 -9.870868005613840646e-02
9.631193154658072020e-01 -2.344428139909048303e-01 -1.320520773963851091e-01
9.314450857697370578e-01 -3.332920087538196463e-01 -1.460359171445535231e-01
8.904641646714656078e-01 -4.329489608721859839e-01 -1.401027077384423558e-01
8.405860199881151074e-01 -5.294406621507427024e-01 -1.144889875137481972e-01
7.823090176538393115e-01 -6.189202929566852696e-01 -7.021589466706140703e-02
7.162154422121462805e-01 -6.978205827790843196e-01 -9.048457698355773585e-03
6.429656788212181340e-01 -7.629960260469832445e-01 6.657477070543554865e-02
5.632916149037044962e-01 -8.118482835102959205e-01 1.536389310707508282e-01
4.779893273695252076e-01 -8.424297698261727918e-01 2.486730500706707536e-01
3.879111284785343727e-01 -8.535212976406609808e-01 3.478884172781731565e-01
2.939570498181570124e-01 -8.446806827411365015e-01 4.473296290948913789e-01
1.970658494852783327e-01 -8.162603725454700143e-01 5.430322782105830859e-01
9.820563232565186762e-02 -7.693933951356877188e-01 6.311810020121791931e-01
-1.635823049706668910e-03 -7.059481890038177276e-01 7.082615890510934875e-01
-1.014609338218838419e-01 -6.284541143054123147e-01 7.712010795639430150e-01
-2.002722804818384272e-01 -5.400006152520024916e-01 8.174902746810278620e-01
-2.970825727164327912e-01 -4.441140537196904825e-01 8.452837702670324971e-01
-3.909245140868867208e-01 -3.446171243292267539e-01 8.534735273603896166e-01
-4.808604669350483585e-01 -2.454764556746918680e-01 8.417330461900603966e-01
-5.659918209489321894e-01 -1.506444733588707396e-01 8.105303826910749132e-01
-6.454679717799157723e-01 -6.390182925706967831e-02 7.611094885914392316e-01
-7.184948200002186924e-01 1.129332114261508840e-02 6.954406189822558426e-01
-7.843427054818902233e-01 7.194318448576704494e-02 6.161417844647412156e-01
-8.423536979196144525e-01 1.156298421126061154e-01 5.263743793291659756e-01
-8.919481706528384901e-01 1.406116448447702894e-01 4.297171467408568701e-01
-9.326305921037645330e-01 1.458926470419656674e-01 3.300235055435748466e-01
-9.639944769650758971e-01 1.312623118117560161e-01 2.312679266103777609e-01
-9.857264476667602082e-01 9.730390445107719999e-02 1.373874832320817752e-01
-9.976093655412004990e-01 4.537123949944823348e-02 5.212489242930889999e-02
-9.995245004009659651e-01 -2.246529157451051736e-02 -2.112069536429868680e-02
-9.914527168515973043e-01 -1.035012603474330384e-01 -7.942920970322801810e-02
-9.734746654861425874e-01 -1.945060184681305926e-01 -1.204760741239437466e-01
-9.344186991972692757e-01 -3.250426121284863412e-01 -1.456330830930035736e-01
-8.941921815299619380e-01 -4.247839721808970848e-01 -1.413468056551207552e-01
-8.450311911654442287e-01 -5.216855937265081344e-01 -1.173304191406951136e-01
-7.874269284689754400e-01 -6.118843149050458008e-01 -7.454138109196667417e-02
-7.219549561919810232e-01 -6.917841973416463119e-01 -1.468555542732037991e-02
-6.492694486392960318e-01 -7.581998848622218956e-01 5.985079496997491172e-02
-5.700966553757527144e-01 -8.084835935921488304e-01 1.460961410226344070e-01
-4.852276447805941584e-01 -8.406306707437836145e-01 2.406121529464663455e-01
-3.955103999537223913e-01 -8.533595137970594324e-01 3.396307756085908958e-01
-3.018413459488691331e-01 -8.461626639476286238e-01 4.392044489948020991e-01
-2.051563929907783967e-01 -8.193270368880152255e-01 5.353634849700886766e-01
-1.064215851696109910e-01 -7.739224843843677260e-01 6.242743262175014518e-01
-6.623448047727815285e-03 -7.117591426626556084e-01 7.023923780708903886e-01
9.324086837762741997e-02 -6.353152679895549548e-01 7.666033203186286560e-01
1.921735528674866911e-01 -5.476384364156858808e-01 8.143472653226447866e-01
2.891861027412249152e-01 -4.522240465356571204e-01 8.437208126603595870e-01
3.833092006685890896e-01 -3.528759689764660590e-01 8.535529316930071664e-01
4.736023997680486319e-01 -2.535548980794097851e-01 8.434516468618017404e-01
5.591635202411648908e-01 -1.582204515153902702e-01 8.138196645165158838e-01
6.391376636549175316e-01 -7.067331282367235457e-02 7.658383182841277392e-01
7.127257548042520430e-01 5.596289847077659703e-03 7.014204730250299669e-01
7.791925258073947314e-01 6.754772812102592672e-02 6.231342649474351791e-01
8.378738626594741667e-01 1.127111936532587816e-01 5.341007181209835863e-01
8.881834408401357850e-01 1.392861615945631404e-01 4.378693190960405990e-01
9.296185836743341424e-01 1.462131718352799870e-01 3.382765100759907440e-01
9.617652849115071456e-01 1.332160663365569986e-01 2.392927420731802701e-01
9.843023453391794853e-01 1.008129986798899369e-01 1.448641855565387104e-01
9.970045820993195251e-01 5.029577691895721625e-02 5.875540908784268601e-02
9.997450786410212453e-01 -1.632163673094457965e-02 -1.560070214705846538e-02
9.924964528287277821e-01 -9.638341621099920375e-02 -7.523980463750698511e-02
9.753311305354782634e-01 -1.866977510228919057e-01 -1.177842755692796867e-01
9.484206219875258581e-01 -2.836640936410369518e-01 -1.415380011431685847e-01
9.120338080908501066e-01 -3.834167019802378062e-01 -1.455539952797582914e-01
8.665342538620250945e-01 -4.819787543335692925e-01 -1.296721529660254391e-01
8.123765758067522658e-01 -5.754208927042461230e-01 -9.452563313696690783e-02
7.501018995420116742e-01 -6.600178739091489000e-01 -4.151561662691030663e-02
6.803324530477695697e-01 -7.323970832688497801e-01 2.724455448866884219e-02
6.037653495706835072e-01 -7.896729901119805550e-01 1.090136291726599566e-01
5.211656222989773379e-01 -8.295621847772817192e-01 2.005317324546490587e-01
4.333585804037100586e-01 -8.504744109510803396e-01 2.981503263588586305e-01
3.097050516753732663e-01 -8.475102321425530549e-01 4.310558982086084567e-01
2.132329415512078941e-01 -8.222666105688657412e-01 5.276450831581853684e-01
1.146302783605021164e-01 -7.783368720248499129e-01 6.172937817033038455e-01
1.488226732015041423e-02 -7.174723565579490536e-01 6.964279831357975681e-01
-8.501444241584117656e-02 -6.420995403307431237e-01 7.618928565669663699e-01
-1.840617159452519747e-01 -5.552232996735348980e-01 8.110785240794639028e-01
-2.812699056516518858e-01 -4.603071161474963646e-01 8.420241083239161650e-01
-3.756677394362498701e-01 -3.611349984644730560e-01 8.534959065109352094e-01
-4.663120253476454868e-01 -2.616606260007723894e-01 8.450365742481568132e-01
-5.522970756440293005e-01 -1.658497280769874460e-01 8.169833584179316821e-01
-6.327637561257186682e-01 -7.752198284456723876e-02 7.704546522083689508e-01
-7.069080703200885107e-01 -1.987387716099326665e-04 7.073054083062206843e-01
-7.739891927485605949e-01 6.303737040830256766e-02 6.300531877869026687e-01
-8.333368710099006149e-01 1.096653205752491644e-01 5.417777928990410441e-01
-8.843581227206553930e-01 1.378262024990792312e-01 4.459984850676972368e-01
-9.265431603991146625e-01 1.463973306842914213e-01 3.465336830470231444e-01
-9.594704850933145623e-01 1.350370012979004719e-01 2.473487346142496657e-01
-9.828110978592370373e-01 1.041981148229492449e-01 1.523978306671870397e-01
-9.963317870095059758e-01 5.511012034546038107e-02 6.546636411130048183e-02
-9.998974582874773365e-01 -1.026999870087338604e-02 -9.979981809933605175e-03
-9.934724846843958623e-01 -8.933574328857075975e-02 -7.093339936934733858e-02
-9.771210624126898114e-01 -1.789350116873056340e-01 -1.149638681584792266e-01
-9.510065694786361545e-01 -2.754957638128624486e-01 -1.403160323328856984e-01
-9.153899332633287367e-01 -3.751684271930686432e-01 -1.459791811103133552e-01
-8.706270234225361726e-01 -4.739793672742337316e-01 -1.317275426201057198e-01
-8.171650961547369807e-01 -5.679893036912742055e-01 -9.812928471522146257e-02
-7.555383253650272968e-01 -6.534503569447526194e-01 -4.652386391289448087e-02
-6.863624653760360683e-01 -7.269554645294015183e-01 2.103137450980861398e-02
-6.103286985142738486e-01 -7.855742097646013500e-01 1.018432163798581730e-01
-5.281967290448015273e-01 -8.269696482599727672e-01 1.926899485784082655e-01
-4.407871924573393829e-01 -8.494914745135644374e-01 2.899497985761443908e-01
-3.489734559477171705e-01 -8.522418143843789595e-01 3.897453230748618713e-01
-2.536728920215530758e-01 -8.351110205009663057e-01 4.880979894357854176e-01
-1.558377124114191659e-01 -7.987820435561118204e-01 5.810867872208915763e-01
-5.644545389196927582e-02 -7.447032052178907957e-01 6.650045465056082516e-01
4.351078894438280970e-02 -6.750304581152050121e-01 7.365057310450570105e-01
1.430322863603571970e-01 -5.925414348099714568e-01 7.927398142466852704e-01
2.411246524512067335e-01 -5.005247123522027497e-01 8.314649206701563156e-01
3.368077807199773011e-01 -4.026487070907318055e-01 8.511372025265055985e-01
4.589898409939091595e-01 -2.697914277157083540e-01 8.464873958869710835e-01
5.171558117207051275e-01 -2.050049084046471348e-01 8.309770477777956854e-01
6.263466839946962850e-01 -8.444597059659221527e-02 7.749572307546058747e-01
7.010421634068011443e-01 -6.090183486117771786e-03 7.130938190666200605e-01
7.687330612558743725e-01 5.841334204055009804e-02 6.368966650908338689e-01
8.287430324662443670e-01 1.064930539733092152e-01 5.494035089022376583e-01
8.804724772422363177e-01 1.362321659217048120e-01 4.541024265374506430e-01
9.234045320711294913e-01 1.464450733395492310e-01 3.547927714104002761e-01
9.571102340525240448e-01 1.367246198367858268e-01 2.554337060812631455e-01
9.812528069538456466e-01 1.074583292199051965e-01 1.599863629390498865e-01
9.955910261671380157e-01 5.981295614068162653e-02 7.225592635333175084e-02
9.999816289456068263e-01 -4.312028729885426272e-03 -4.260068018620711411e-03
9.943807458376301422e-01 -8.236016460309793230e-02 -6.651116894138091318e-02
9.788443390158170221e-01 -1.712199185968261428e-01 -1.120156214658671046e-01
9.535276431214777526e-01 -2.673487327325092533e-01 -1.389593066675317845e-01
9.186836142114013226e-01 -3.669142545425725377e-01 -1.462680648431000374e-01
8.746604023045528864e-01 -4.659471208696218669e-01 -1.336505188682320933e-01
8.218978727821664165e-01 -5.604992038494793771e-01 -1.016096904839770554e-01
7.609232113982561385e-01 -6.468010103100899633e-01 -5.142294640733437172e-02
6.923456568138268707e-01 -7.214119595689683084e-01 1.490892624878938436e-02
6.168504132855604505e-01 -7.813575485276286203e-01 9.474148504392307379e-02
5.351918043313818041e-01 -8.242479357235337201e-01 1.848920577851122238e-01
4.481857357792136676e-01 -8.483732167676270031e-01 2.817666256237489342e-01
3.567015435056468120e-01 -8.527715928364069109e-01 3.815031052454835869e-01
2.616533073192253145e-01 -8.372677145558896639e-01 4.801253179444593955e-01
1.639907177771543489e-01 -8.024796726278022874e-01 5.737015073207571980e-01
6.468958719117820499e-02 -7.497943565038032165e-01 6.585010860006856870e-01
-3.525790036647803716e-02 -6.813121634796269754e-01 7.311433623828214046e-01
-1.348531026383847642e-01 -5.997632624830904202e-01 7.887323181437673192e-01
-2.331008972852378625e-01 -5.083987508544869360e-01 8.289720633497935642e-01
-3.290196248193291151e-01 -4.108610433550604069e-01 8.502583663433952443e-01
-4.216508970216536478e-01 -3.110386605847775265e-01 8.517426093970305034e-01
-5.100691728401934855e-01 -2.129112059369449306e-01 8.333656204239509036e-01
-5.933910060901658179e-01 -1.203907113692819220e-01 7.958600319825710478e-01
-6.707838725562732529e-01 -3.716567703489709329e-02 7.407210735283200620e-01
-7.414744882994668274e-01 3.344597757908059771e-02 6.701469613337237563e-01
-8.047565360544511881e-01 8.862918863115347434e-02 5.869512625424910812e-01
-8.765267694680032307e-01 1.345044868101138436e-01 4.621789322696717162e-01
-9.202029127949954423e-01 1.463563867740266533e-01 3.630515215972211496e-01
-9.546846927959813378e-01 1.382784614708325588e-01 2.635454504147287103e-01
-9.796275789233521714e-01 1.105927522910025163e-01 1.676277117706744257e-01
-9.947823501039453342e-01 6.440300109222883707e-02 7.912224321886893175e-02
-9.999975848736256667e-01 1.550647494617837839e-03 1.557478495315982184e-03
-9.952211743305017233e-01 -7.545858350596501563e-02 -6.197432000022572163e-02
-9.805008427898491696e-01 -1.635545768862078087e-01 -1.089403399479226126e-01
-9.559836709385275411e-01 -2.592252233930236183e-01 -1.374681943423065322e-01
-9.219146262533758351e-01 -3.586564362563683384e-01 -1.464205676535235146e-01
-8.786341153671589632e-01 -4.578842067927177961e-01 -1.354405570085033261e-01
-8.265745828380176574e-01 -5.529526369221245963e-01 -1.049659007822355411e-01
-7.662561903063892510e-01 -6.400716483411094115e-01 -5.621152735012275442e-02
-6.982816192118402876e-01 -7.157680809843357528e-01 8.878880272418935085e-03
-6.233300489993415239e-01 -7.770241569562242878e-01 8.771037293813796487e-02
-5.421503709827611983e-01 -8.213977898125023325e-01 1.771401878016126974e-01
-4.555537056704075383e-01 -8.471199428402855780e-01 2.736030403563365909e-01
-3.644052983170285587e-01 -8.531651549693043401e-01 3.732532610770870618e-01
-2.696158736792429456e-01 -8.392924226687447087e-01 4.721181101281837211e-01
-1.721325363548128762e-01 -8.060548079974912961e-01 5.662561579640317255e-01
-7.292930762657712229e-02 -7.547773897651288699e-01 6.519144176872042618e-01
2.700260663623942070e-02 -6.875044368213312218e-01 7.256779647928084387e-01
1.266647197794216750e-01 -6.069179095078881536e-01 7.846060794320773857e-01
2.250612409123576296e-01 -5.162305383632942446e-01 8.263494836327623938e-01
3.212090245214524464e-01 -4.190577426945355510e-01 8.492439995983117607e-01
4.141473937351157764e-01 -3.192734952184357877e-01 8.523768952250022624e-01
5.029477390895051858e-01 -2.208558789944661260e-01 8.356232718506209078e-01
5.867227968873306443e-01 -1.277284938067282383e-01 7.996510435699891728e-01
6.646355144434297202e-01 -4.360403462219914622e-02 7.458943096077242929e-01
7.359074136385007625e-01 2.816372184151616151e-02 6.764961813077190467e-01
