6.846822362666686868e-01 8.034855529467220814e-01 -4.083165237647472523e-01 2.527365063978494142e+00 -2.860187803188610545e+00 -1.635647427177966629e+00 -1.209253583327368986e+00 -1.298610914806421057e+01 -1.306532494325387539e+01 1.154222053646368096e+00
6.985204913078872924e-01 7.914386476248412849e-01 -4.203382639833399548e-01 2.316301949793337034e+00 -2.474476641874139293e+00 -1.082652107225797966e+00 -2.363080943702235537e+00 -1.191233763445329252e+01 -1.346344719406255130e+01 1.233363190321910219e+00
7.111267593339136717e-01 7.674395527928183913e-01 -4.572748375711997437e-01 3.570979399217772521e+00 -1.468144064083263700e+00 8.085653353643205143e-01 -3.121766726372208201e+00 -2.774499332326217704e+00 -1.687595721668393622e+01 -1.222252053915029224e+00
7.089410779048166411e-01 7.634966614136406982e-01 -4.723269588026963173e-01 3.720327274247652305e+00 -2.356330634698060145e+00 3.342085386365432620e-01 -2.921203059531865875e+00 -4.285768452226230707e+00 -1.469172447232612377e+01 -2.457885623823287791e+00
7.082208236937155288e-01 7.631887120540845615e-01 -4.759643345521964997e-01 3.767289609355256363e+00 -2.829169805129467363e+00 1.267153200000060709e-01 -2.696233171057152767e+00 -4.990846512631453180e+00 -1.395981166051342370e+01 -2.528226369993038514e+00
7.057038065373040236e-01 7.646425969364608610e-01 -4.845589649642155772e-01 3.536453628087472989e+00 -2.857611587510348272e+00 3.722614021818157481e-01 -2.154146195665529895e+00 -5.256646414272305279e+00 -1.287526715200990601e+01 -2.706466969034068804e+00
7.038438799632975584e-01 7.662884318379965531e-01 -4.884218909008434251e-01 2.553490463147152223e+00 -2.801267905235095945e+00 3.306813635457100387e-01 -1.990336248787572204e+00 -4.415774411703438318e+00 -1.122160923321070847e+01 -1.215476104220321041e+00
7.036439072015124863e-01 7.662776306101806156e-01 -4.886742258226673963e-01 1.858877635233524117e+00 -3.006093086965144767e+00 -1.004817360972909412e-02 -1.618498192995224683e+00 -4.558277837612983774e+00 -1.002647810307838760e+01 -9.553911152272668295e-01
7.046223460677081274e-01 7.669250029311793782e-01 -4.827455012706042270e-01 2.062572599046339494e-01 -3.886221465655573803e-01 3.267385747298197363e-02 6.219950581784545150e-03 -1.280711929797408111e+00 -8.656057094951327135e-01 -6.860213757635610365e-01
7.064929311140928370e-01 7.689581232965652102e-01 -4.727407968214093481e-01 -3.369592696164663281e-01 7.995073298772821246e-01 -5.662076726206975719e-02 9.524606598246542211e-01 -8.879727149110666629e-01 3.915936807602226288e+00 -6.515722628620916890e-01
7.083520302692856152e-01 7.709016615708821352e-01 -4.634675683461700335e-01 -7.161121643000092352e-01 1.833991307763237710e+00 -1.854210204104194959e-01 1.543382635632204902e+00 5.036068232954326040e-01 7.491627893821173778e+00 -1.374467378452261523e-01
7.116517122902528136e-01 7.762361753779810636e-01 -4.416976896595057323e-01 -7.614202647212626740e-01 2.913166777321808620e+00 -2.216082137858116363e-02 1.802887905561334714e+00 2.485613348427156311e+00 9.961102035011514033e+00 -5.253115397872611947e-01
7.129871542042507393e-01 7.795341995838711568e-01 -4.301851306573954981e-01 -1.028815527397032970e+00 3.419049051058147271e+00 -2.013584091034247847e-01 2.505796443766221238e+00 1.741972139702498312e+00 1.311612038499253252e+01 -9.908226692141836045e-01
7.149873073686697778e-01 7.849709463843513868e-01 -4.133552725216437240e-01 -1.285147876009194112e+00 3.338536722070230667e+00 -4.288262234187954491e-01 2.802857306601514775e+00 2.069862949521311890e+00 1.360343235476580581e+01 -1.244848104717178883e+00
7.166905864505117574e-01 7.887198475548071741e-01 -4.019206166610033715e-01 -1.946279865897688310e+00 3.058364456820298116e+00 -1.141474655038381414e+00 3.418004747962704037e+00 -7.669064572971627802e-01 1.568731113365062768e+01 -1.059386466172796082e+00
7.230244893501527326e-01 7.951014582828737076e-01 -3.755927376238943349e-01 -2.416674378935553147e+00 3.499538297674863685e+00 -1.394319231264042225e+00 3.436171347715670343e+00 -1.625247921309682431e+00 1.605678363264088659e+01 -3.240418907482239819e-01
