6.073833262894219320e-01 8.106325595944000595e-01 -3.335754137815081233e-01 3.594616355597322621e-01 -6.221740424570619821e-01 -2.572794151823457609e-01 -4.238597804176133521e-01 -1.600956937046960959e+00 -1.275065491648978977e+00 6.250096638498149337e-01
6.081702442636831574e-01 8.094792400977343094e-01 -3.336846159512327770e-01 2.839886911484791332e-01 -4.059825389752544367e-01 -1.894584128925175248e-01 -3.426619121637827781e-01 -1.197022730508508603e+00 -1.058496491314380172e+00 5.478865053664685458e-01
6.083847239524315942e-01 8.091540366806940776e-01 -3.337073804759182472e-01 2.561458940809730467e-01 -4.572204576506105900e-01 -2.721795892786612048e-01 -3.516579889127430247e-01 -1.518538823625943390e+00 -1.012872821565739656e+00 6.208453679061005648e-01
6.087479143351136601e-01 8.085922134500342917e-01 -3.337594477433163953e-01 2.358248387370170673e-01 -5.828199792412380731e-01 -3.920954664651279398e-01 -4.614915942146832206e-01 -1.963336773084702447e+00 -1.097157113829835495e+00 1.138290221380843237e+00
6.090831657618274164e-01 8.081093100966898479e-01 -3.338295052541770391e-01 2.749224041109396555e-01 -5.536477367352661272e-01 -3.504372825133940106e-01 -5.552947591435219987e-01 -1.873815033278291686e+00 -1.340060417246357272e+00 1.437382658072807295e+00
6.110540631811585133e-01 8.056064401887471638e-01 -3.342081465687363195e-01 2.286368910213224526e-01 -5.939016040942366459e-01 -3.829730936819153442e-01 -5.184607376848897609e-01 -1.982180339416396819e+00 -1.176310600371306414e+00 1.306729174053997244e+00
6.113244556426049581e-01 8.052866288709720211e-01 -3.342475615169633318e-01 1.996550806638812681e-01 -6.543985364974179708e-01 -3.901055136499466114e-01 -4.766964747118613288e-01 -1.903564412119092886e+00 -1.012138067824523979e+00 1.228993017232327789e+00
6.154948220005262982e-01 7.993661228629361792e-01 -3.347717629255870797e-01 2.903637945318161551e-01 -8.260924659729718122e-01 -4.024974997628657514e-01 -3.389988061934847141e-01 -2.262051022056999816e+00 -8.180922297643093977e-01 1.615872005619739885e-02
6.156198390987355218e-01 7.993422849390210416e-01 -3.348430867745740835e-01 3.903813458388497581e-01 -8.216153735647614420e-01 -3.255204428583923226e-01 -3.878582344676362870e-01 -2.176030896848757390e+00 -1.025417684287164066e+00 -1.500795833803745261e-01
6.148043743201055955e-01 7.991990002476755395e-01 -3.392948726179244590e-01 1.148029854068161049e+00 -5.258438223629253727e-01 1.751747110994753276e-01 -5.010896474437351866e-01 -1.208149807387399521e+00 -2.696014444739831983e+00 -1.076172071950535214e+00
6.146622893598081561e-01 7.993045497646702469e-01 -3.400574430988698160e-01 8.626447031211528227e-01 -5.592438437312378108e-01 3.035614053368673737e-02 -2.848042305370269700e-01 -1.449345515468577927e+00 -1.774336686722969514e+00 -1.459064620291452341e+00
6.146284271125950216e-01 7.993610980677785527e-01 -3.403107477038927464e-01 4.250708939580243872e-01 -7.357241649388136517e-01 -2.622868136693354835e-01 -2.388050380823120433e-01 -2.005263111577355595e+00 -8.060982538501548778e-01 -9.486943937013188055e-01
6.149738130555100213e-01 7.991309825515761078e-01 -3.395445081639315021e-01 -1.140991760241191755e-01 -6.674766076135794091e-01 -4.534842074852414306e-01 -1.767851584063759862e-01 -1.961026702954021150e+00 2.078814573248730091e-01 1.970681913479441494e-01
6.151853706138792344e-01 7.989120459031371357e-01 -3.392540523395941032e-01 -3.316034501568621562e-01 -6.209004151569188501e-01 -5.036332252655711939e-01 -1.029095524166909331e-01 -1.847711825998417545e+00 7.165181275076855094e-01 3.544392638361198444e-01
6.153190413185478658e-01 7.987690643419287362e-01 -3.391058879463620390e-01 -3.424972714747652192e-01 -7.127997857509577040e-01 -5.852513444271308929e-01 -1.520368990735576631e-01 -2.160241744367040972e+00 7.074954044114259988e-01 5.979308081102925332e-01
6.167072258475655433e-01 7.974056425505007262e-01 -3.383028056280085738e-01 -3.883594982638132187e-01 -9.948214519398675959e-01 -8.004779215237509682e-01 -3.290965764328177556e-01 -2.986720277071981400e+00 6.677159743613753085e-01 1.360159192491480429e+00
6.177584944813681034e-01 7.965105120314190934e-01 -3.382409459979662247e-01 -4.519791404816922986e-01 -1.022357052622861584e+00 -7.954846711433724016e-01 -3.933616128681169943e-01 -3.024041545957708799e+00 6.218034170221080625e-01 1.560471654000841646e+00
6.208430877345703092e-01 7.941115681570476426e-01 -3.384651735760260682e-01 -3.720400589946626924e-01 -1.088748813986298192e+00 -8.097592671717284141e-01 -4.121181850831505122e-01 -3.215731991744957163e+00 4.988034658273232114e-01 1.363974287897266491e+00
6.235602001315542209e-01 7.922211060929436055e-01 -3.384580131773726186e-01 -4.863744776861814723e-01 -1.184808843220973573e+00 -8.812293062096415719e-01 -3.216418048283279929e-01 -3.423515256695131903e+00 8.876401066843724319e-01 9.156268587878719778e-01
6.252532977434268613e-01 7.903848983959781416e-01 -3.383896673238228070e-01 -2.503913220897240333e-01 -8.498959214872641166e-01 -5.477460047825692957e-01 -3.638883281687456672e-01 -2.328199329677787421e+00 1.133596009970198742e-01 1.462721873611344980e+00
6.256096706380136485e-01 7.898509308817368568e-01 -3.384337134775953215e-01 -2.677659178644068438e-01 -9.523158595632926771e-01 -6.265956927438003365e-01 -4.097928634953460492e-01 -2.635825879259099835e+00 9.921901521266066060e-02 1.663832161628165496e+00
6.284015830891476195e-01 7.861940611292861369e-01 -3.389141121181323268e-01 -3.908300272451240009e-02 -9.893511680017472720e-01 -6.064231669187086782e-01 -4.638737308323481190e-01 -2.730780282914786472e+00 -3.189518266279856573e-01 1.256182290596200568e+00
6.284581984109045560e-01 7.860652507331282735e-01 -3.389310426088437134e-01 -7.452749291699377332e-02 -7.629014932128002080e-01 -4.850833639370875083e-01 -3.935863283221506248e-01 -2.153235804302518375e+00 -2.524203447248716814e-01 1.323640340756107925e+00
6.285752953837948631e-01 7.856994872565423726e-01 -3.389449738591309158e-01 -1.534615029514622697e-01 -4.510220811688850917e-01 -3.265057659356703224e-01 -3.239825195264935398e-01 -1.345418696932582314e+00 -1.266805569149261901e-01 1.674255700081922926e+00
6.287350546084637948e-01 7.854395437770514965e-01 -3.389512522911984349e-01 -1.345633758531710744e-01 -7.845188264683885526e-01 -5.678986909362415680e-01 -3.934189328941092301e-01 -2.344670517837991852e+00 -9.152422210964776539e-02 1.472654153271204303e+00
6.298614204703393282e-01 7.849919646866666545e-01 -3.389421531246202823e-01 -2.062440713945538073e-01 -1.398064217090615902e+00 -1.043908041065651826e+00 -3.914733802019905173e-01 -4.263606871408558874e+00 2.826375685108777347e-01 6.781637569176539593e-01
6.315187515942981555e-01 7.840610258345007688e-01 -3.389418636433690901e-01 7.378402820202434320e-02 -1.068311177764037279e+00 -7.709124954565375054e-01 -4.234969833652738047e-01 -3.346081844225055946e+00 -4.179639862400048034e-01 7.940048487819931777e-01
6.320815534659163237e-01 7.832638165838212707e-01 -3.390310178312005984e-01 5.952059192870608369e-03 -5.242194618985230870e-01 -4.365387734649135987e-01 -2.764947538428250695e-01 -1.968877637922640700e+00 -1.778725766652298479e-01 7.699068784385021402e-01
6.327519205916098954e-01 7.821240217709957143e-01 -3.388441539043731687e-01 -3.318795932818850991e-01 -4.687297984711854548e-01 -5.471029834388239088e-01 -1.574912959016607494e-01 -1.991492415556018081e+00 8.591479333672725760e-01 9.426410766318895629e-01
6.329010030592843172e-01 7.819088909104370266e-01 -3.387204718912510959e-01 -3.299981409554635370e-01 -5.176693660991944501e-01 -5.674647032991542162e-01 -1.671319920318183883e-01 -2.039391306053703889e+00 7.458687296180548376e-01 1.018019425744207895e+00
6.342315534740361471e-01 7.806177680215686809e-01 -3.359974396135813057e-01 -8.549758829819131822e-01 -2.548802034461098986e-01 -5.556738677010131244e-01 2.114760915330125557e-01 -1.147633945057691118e+00 2.281462483153775533e+00 6.120062642373023110e-01
6.344475990923924558e-01 7.803777720587905531e-01 -3.355579690833530582e-01 -8.805728389347035057e-01 -1.784777440158343276e-01 -4.909382784767423180e-01 2.124837715360271551e-01 -8.024704050845371528e-01 2.239465084987708909e+00 7.497694232315404994e-01
6.348637486054246049e-01 7.799901480682045474e-01 -3.347770989580761691e-01 -1.005346473144169472e+00 -1.292208862128149116e-01 -5.045919791954971423e-01 3.389252997706951875e-01 -7.357745941694058267e-01 2.602746627815097025e+00 5.644978468082557654e-01
6.355867791702576319e-01 7.793024906839907118e-01 -3.334965002617933383e-01 -1.036948135821442074e+00 -4.558694395710926606e-01 -7.385953614228297770e-01 3.066851937412632401e-01 -1.843980632457598468e+00 2.653791232642012776e+00 5.059991046233243139e-01
6.359897753064800430e-01 7.789337663665968359e-01 -3.326919459080516228e-01 -1.016320394453007259e+00 -2.111911854615270701e-01 -6.005133557713203674e-01 3.847510878922144051e-01 -1.259547105169543491e+00 2.698496216479043586e+00 5.272697631721756650e-01
6.365833522277501988e-01 7.784972625784405409e-01 -3.312570978499203012e-01 -8.978778204275149610e-01 -3.307031522488420583e-01 -5.772472124095728852e-01 2.349866714326079298e-01 -1.343787268028011850e+00 2.124875980018375632e+00 7.272459051586811496e-01
6.369441419634318535e-01 7.781803007043168741e-01 -3.305051449602022240e-01 -9.021683341727847472e-01 -1.671064730930944542e-01 -4.853452679879544096e-01 2.438119342963062652e-01 -8.319787481520493078e-01 2.093851174182753017e+00 9.213539279728145681e-01
6.375678173946279781e-01 7.773150330042394307e-01 -3.297385614242204221e-01 -8.800593428506600091e-01 -2.628005498742401747e-01 -5.476339676089626574e-01 1.475361361138202154e-01 -1.085509029304064565e+00 1.907897720625161275e+00 1.228833747652261943e+00
6.379422935175629306e-01 7.765345873489749584e-01 -3.298016431207229093e-01 -7.420243691028890476e-01 -2.809558212422962331e-01 -5.106669965827450586e-01 7.830689281394015433e-02 -1.097450497416622373e+00 1.557621579930920985e+00 1.201691404833324706e+00
6.380597233353663134e-01 7.763077694578925936e-01 -3.298147654601836787e-01 -7.458359054023669943e-01 -2.511591470732167375e-01 -5.143203309992370187e-01 9.012982727417281903e-02 -1.062727097420512301e+00 1.621483885171483674e+00 1.217074328930765503e+00
6.383130822080376188e-01 7.757984560264846730e-01 -3.298481624572278670e-01 -7.315291975203950248e-01 -4.037909480702714382e-01 -6.217340856316129205e-01 3.812941363096972180e-02 -1.565315993072222245e+00 1.548391667828229012e+00 1.305066533395885298e+00
6.390138555724731440e-01 7.745523396672384653e-01 -3.299391881242434987e-01 -6.349773353596506187e-01 -4.903626243555442299e-01 -6.256700308832507940e-01 4.665109764865685293e-02 -1.818532323903299996e+00 1.409784357073854855e+00 9.030142075544391744e-01
6.391974120194920950e-01 7.742195991511150455e-01 -3.299597724883438499e-01 -6.214286286575033680e-01 -5.902460396583457669e-01 -6.826273563706456438e-01 1.897708527225741570e-02 -2.115580564049055035e+00 1.361316693241891196e+00 8.965039805849397414e-01
6.404608593006915207e-01 7.726037521819537623e-01 -3.300940634915056071e-01 -5.076753838804635155e-01 -5.843308186422908612e-01 -6.321747452245310983e-01 -7.604037261081980636e-02 -2.005607955212931781e+00 9.553126610490736415e-01 1.113437592120217090e+00
6.409074189670562749e-01 7.717003720739823436e-01 -3.301987387831886167e-01 -3.286974356306845424e-01 -5.748224334709788330e-01 -5.157376398625806990e-01 -2.164756867726201628e-01 -1.718055775425870957e+00 2.371155900887365331e-01 1.313501926341538617e+00
6.427264165310146993e-01 7.677886816794574631e-01 -3.303874574499368055e-01 -5.085376636444136622e-01 -5.569251266134418454e-01 -5.919384662353166515e-01 -1.813775805140228348e-01 -1.698624731281401568e+00 5.442378700144518966e-01 1.625459857966615962e+00
6.430301109572309493e-01 7.671912203372410755e-01 -3.303933727994793346e-01 -4.472633962226584270e-01 -3.643353980933448089e-01 -4.658028564750497091e-01 2.317253480230813123e-02 -1.378333870348462220e+00 9.506453141850311761e-01 7.571715407015139343e-01
6.430924544073630678e-01 7.670891179933299053e-01 -3.303989006412214602e-01 -3.683436806549294507e-01 -2.848187446607002848e-01 -3.835128501510877697e-01 7.309261987192675059e-02 -1.200255572408919669e+00 9.319587131350866027e-01 4.286880291664822429e-01
6.430385495160890752e-01 7.669524386009294314e-01 -3.304404013867280887e-01 -9.655169408614340532e-02 8.468813164172073193e-02 -1.889007031721758739e-02 1.221769307123709292e-01 2.576493794408033985e-02 4.661434808612576752e-01 -2.329291519538846944e-01
6.425212847827114215e-01 7.669094785892864863e-01 -3.303335883444037946e-01 -1.075996139177760880e-01 7.102303372089078248e-01 2.810774425244285668e-01 2.830709678376704952e-01 1.856824598891554379e+00 7.399056283729289474e-01 -4.437997411909258560e-01
6.388348258972916804e-01 7.694463061098995027e-01 -3.295851292768042229e-01 -2.870378311066473787e-01 1.454214923025927586e+00 5.683278892093052148e-01 4.603287762905242109e-01 4.072014144416699288e+00 1.429394342149692410e+00 -4.536852773912892212e-01
6.372429839551860820e-01 7.708070891242208011e-01 -3.293212910842149288e-01 -3.503531218869477826e-01 1.289787916737473283e+00 4.794530889793074402e-01 3.657793397379421330e-01 3.751476851199449847e+00 1.377795264337427161e+00 -2.153990720031486450e-01
6.354878276098639978e-01 7.723255529934628383e-01 -3.291836736597176793e-01 -1.878169778614373064e-01 1.712912922485796630e+00 8.243262203252121889e-01 5.334562595256887585e-01 4.792217537886491741e+00 1.095758532059052159e+00 -9.110997238244061824e-01
6.296765015778242880e-01 7.763251358156026960e-01 -3.287804111632767756e-01 -2.170431355835180098e-01 2.252401883882060751e+00 1.219937693559465464e+00 7.883243911941474336e-01 6.700136693029382862e+00 1.352768218097762487e+00 -1.623097582487450063e+00
6.260668644028618557e-01 7.790632650548284799e-01 -3.283474347107602775e-01 -1.867922989300558889e-01 2.632513114500627083e+00 1.530096510046582203e+00 8.707132057243418544e-01 7.796652160413280797e+00 1.055643972722875912e+00 -1.600907736444176388e+00
6.192798109614822133e-01 7.839196302477272615e-01 -3.277434714025913021e-01 -2.222580717252757576e-01 2.305463328924175936e+00 1.537312088941197530e+00 6.728732324206414539e-01 7.679670579661925345e+00 1.171804841031896860e+00 -1.701518943925892424e+00
6.122730385466070846e-01 7.890160398848561352e-01 -3.271655181360896281e-01 -2.678259666766418801e-01 2.257089731369061436e+00 1.495256958640951428e+00 5.469105723100642358e-01 7.588511483004729108e+00 1.149236789368418998e+00 -1.104062365732675799e+00
6.101874301528282807e-01 7.904827698605652042e-01 -3.269993969643644194e-01 -1.571984121881916663e-01 2.034309306526441485e+00 1.310238407130909444e+00 5.491595292488946622e-01 6.611095889340155907e+00 7.872537236171126551e-01 -8.030246477528780735e-01
6.064340547178266316e-01 7.898000535804247102e-01 -3.260152641456552924e-01 -3.083279299593214562e-01 1.711152197006825526e-01 -4.725328920027459939e-02 -6.376956067248952531e-02 6.023641474122498618e-01 5.730747981423525150e-01 1.180913789151091242e+00
6.070496032739349790e-01 7.890014878069682158e-01 -3.260645723358436276e-01 -3.347112400576015556e-01 8.875600011614605961e-03 -1.735472123228812280e-01 -8.089762798435159996e-02 1.423105275980205212e-02 6.654875246749836215e-01 1.167561441267291444e+00
6.087800393145272881e-01 7.866654279293916474e-01 -3.258783196978903840e-01 -4.110827704291600826e-01 1.354262937369196951e-01 -1.264747777202065993e-01 1.056008920989349176e-01 3.153299101531679138e-01 1.115616717038415695e+00 5.350799769871389389e-01
6.088659331365058325e-01 7.865629857243752188e-01 -3.257794270636049649e-01 -4.186027175507637810e-01 1.601664434129288772e-01 -1.026377287265715366e-01 1.513616469960713251e-01 3.586800990138813150e-01 1.149341636364893615e+00 3.784026649076369098e-01
6.088110824540755583e-01 7.868823420615606024e-01 -3.251707483131904275e-01 -3.888312747541362024e-01 -4.991209588592508684e-02 -2.165726885448685524e-01 1.236180896264050116e-01 -3.270763263631357165e-01 1.022515184233409924e+00 2.562500955841615635e-01
6.088320350936858860e-01 7.868761224176210600e-01 -3.251115436945294368e-01 -4.018957796849335629e-01 -1.205133518573938134e-01 -2.663481613902685674e-01 1.107044687448183462e-01 -5.371343675656284899e-01 1.069646426973263065e+00 2.229682869504623632e-01
6.088364678638914507e-01 7.868753179403514819e-01 -3.251016757308737848e-01 -3.457036812670483128e-01 -1.007550012463857558e-01 -2.410775808694518851e-01 8.975374412538596192e-02 -4.908477540411425033e-01 9.957225050058797766e-01 2.012412699438488328e-01
6.088374306753417953e-01 7.868706414695966211e-01 -3.250985660413929224e-01 -3.194558275298307048e-01 -1.078619670750505521e-01 -2.305687025102298171e-01 1.024918834049017152e-01 -5.265275919167480279e-01 9.454917705967700314e-01 1.674494332599887614e-01
6.088588161633821105e-01 7.868128437332064795e-01 -3.250872603148950435e-01 -3.136614478249142857e-01 -1.206334908731366978e-01 -2.306135063837221610e-01 1.091919638308711110e-01 -5.266615381700580079e-01 9.547637543672156113e-01 6.733040583401066204e-02
6.089081982628767875e-01 7.867064109138156569e-01 -3.250787726586110704e-01 -3.068329407243659546e-01 -1.103474780133842092e-01 -2.140112092449298065e-01 1.160467787699751840e-01 -4.914645429602548243e-01 9.259486341403222465e-01 4.406194945950040603e-02
6.089446713730374272e-01 7.865377938337229091e-01 -3.250349143009310104e-01 -2.897033855944206593e-01 -1.282637308054335734e-01 -2.117466754415194274e-01 1.253762216650548822e-01 -5.370730948945591221e-01 8.604288878263586238e-01 -7.464900345761349421e-02
6.089598103503269799e-01 7.865038759771058041e-01 -3.250369706755152355e-01 -3.016974208254681877e-01 -1.071892379457436428e-01 -1.880451465339883221e-01 1.298628680086563736e-01 -4.475949619421574766e-01 8.598983205893375725e-01 -6.781339062514371574e-02
6.093532301690984809e-01 7.858038096085845359e-01 -3.251172025819148992e-01 -1.787449566304061960e-02 -2.850665412248376551e-01 -2.419743178350805823e-01 -9.287509007811278750e-02 -1.005449082853314025e+00 -1.282464724688361229e-02 2.060915196476147127e-01
6.094201039454625324e-01 7.856731383606133656e-01 -3.251378339859706257e-01 2.283514228516192457e-02 -2.646079414783802930e-01 -2.190095450949505751e-01 -1.106954207383946537e-01 -9.737453164225640112e-01 -1.312292785846125298e-01 1.746350437736829131e-01
6.095945483263498499e-01 7.852687470258183922e-01 -3.252878234396819890e-01 1.946256744506022485e-01 -5.931706230027784105e-02 7.043110844726477998e-03 -4.619637647845706296e-02 -2.252965938732184037e-01 -5.199331476407993424e-01 -3.219290511806888189e-01
6.095875974932987162e-01 7.852481896215599555e-01 -3.253581270271316273e-01 1.837720178005208260e-01 -4.450101981854514416e-02 1.856560534823441938e-02 -5.977849958116577406e-02 -1.396066013010283935e-01 -5.099326701829469677e-01 -1.789528949233405442e-01
6.096148285126119504e-01 7.852116780959250697e-01 -3.253924329735081722e-01 1.589733545041808749e-01 -1.817916686240063084e-01 -1.048712886376179099e-01 -1.100681156005511724e-01 -7.273519035732760596e-01 -4.769183065963660262e-01 -9.756892521718964206e-02
6.096158491709879890e-01 7.852108067262013602e-01 -3.253952537791671706e-01 1.827888846280939505e-01 -1.744891962442125521e-01 -7.249702797993397285e-02 -9.587091127710846428e-02 -6.054610335368917351e-01 -4.721709994129951737e-01 -2.333362354005577288e-01
6.096171929332782069e-01 7.852102655692476674e-01 -3.253945942553195247e-01 1.937600392027951368e-01 -1.885103423140466750e-01 -7.124673425095784385e-02 -1.110037772406129858e-01 -6.334746715727292976e-01 -4.836170481426762535e-01 -2.567604876556727200e-01
6.096212042762272354e-01 7.852024360455910346e-01 -3.253958588604816682e-01 2.092586543690254930e-01 -2.393098578163561641e-01 -8.920462361672278073e-02 -1.484095369910342910e-01 -7.377883170266515966e-01 -4.848890659614177867e-01 -2.790805607935252786e-01
6.096235015179998218e-01 7.851959760401002741e-01 -3.253993292904824308e-01 2.532541630529644983e-01 -2.994295341049706405e-01 -8.800268748470720104e-02 -2.017192873442170131e-01 -7.601580508000032044e-01 -5.443528376847003303e-01 -2.750617706168487220e-01
6.096312038123234966e-01 7.851841301577715537e-01 -3.254009114068366904e-01 2.325975299781303240e-01 -2.834223559457987873e-01 -5.411332575215263563e-02 -1.587377026470644659e-01 -6.858591457258386148e-01 -4.782995333128252091e-01 -3.060122648820788882e-01
6.096370532084018912e-01 7.851749618235083217e-01 -3.254032658571126557e-01 2.380218996363954453e-01 -3.735990379239894077e-01 -5.303028661103194319e-02 -1.941676810834266909e-01 -8.460379173173059320e-01 -5.223817862821954483e-01 -2.716436730020931334e-01
6.096421521868696791e-01 7.851644728426754316e-01 -3.254047522164510431e-01 2.356739813451839416e-01 -3.417559217286242346e-01 5.169696669402243372e-03 -1.711041934314309620e-01 -7.150277696174527353e-01 -4.669463752606307083e-01 -3.257299164712694761e-01
6.096446677239852896e-01 7.851574042683415744e-01 -3.254030640682564202e-01 2.483128344983260294e-01 -3.604274302309866118e-01 2.424700937519276567e-02 -1.859756695712964092e-01 -7.170226857530720421e-01 -5.059576937649307160e-01 -3.168675032793763502e-01
