5.520283862671377939e-01 6.982109930981388324e-01 -3.191472396854305171e-01 -1.835275191952469992e-02 -2.640032501904791135e-02 -5.752933899586491762e-02 1.385770647443063802e-02 -1.157267947272911240e-01 3.274829775813539734e-01 3.456103380025824512e-01
5.520302019554572670e-01 6.982111498689107520e-01 -3.191469245979017821e-01 -1.100649481950082970e-01 6.307023254474886098e-02 -9.225152855673927899e-02 6.406534252714500555e-02 -1.117883350465458808e-01 3.434824232548229772e-01 2.996527779734262098e-01
5.520286126001328064e-01 6.982125185023213554e-01 -3.191493140571018405e-01 -1.982718522993651700e-01 2.472041985878506432e-02 -1.517923305282628359e-02 4.761405327906045870e-02 -9.680158765652427388e-02 3.407592185422408382e-01 3.096961913260220522e-01
5.520297955808315393e-01 6.982114854488694622e-01 -3.191468577367158055e-01 -2.004765268446897786e-01 1.785417759131344498e-02 -9.413654786031042804e-03 7.425942240338864742e-02 -7.354071550434804205e-02 3.288874002407000119e-01 2.777743528310375187e-01
5.520290795039217713e-01 6.982135102380438996e-01 -3.191477795382639537e-01 -2.250030959097765182e-01 -2.547481011962039396e-02 1.107168320771799268e-02 6.883877984943576056e-02 -1.293723000144253732e-01 3.153543634278017649e-01 3.282052747190806197e-01
5.520293548833055119e-01 6.982132026339633590e-01 -3.191481650600964115e-01 -2.125469384358958935e-01 1.323610465204937484e-02 9.772847026066415824e-03 8.287081897899095662e-02 -1.186068703467936247e-01 3.437027677372661572e-01 3.606732529890523398e-01
5.520300883422571969e-01 6.982114295990539121e-01 -3.191462824918193664e-01 -1.008180156119477255e-01 6.648848161991929850e-02 8.368467433629777144e-03 8.467144319430096322e-02 -1.337746549564137466e-01 3.174342901141330442e-01 3.355419171129824241e-01
5.520288090076563847e-01 6.982139990137903318e-01 -3.191498225138829081e-01 -1.378702405929094210e-01 -6.079353446656638599e-02 -5.408147399809590250e-02 1.735914705479577741e-02 -1.576845871220944051e-01 3.078954763808768313e-01 3.478213498146854321e-01
5.520302142984047089e-01 6.982152535888129785e-01 -3.191466440393941895e-01 -1.967446859250044366e-01 -8.177241110373321964e-02 -6.514996982468931885e-02 -1.823991858944652017e-02 -1.092562992432005997e-01 3.280662446432707213e-01 3.646421570328265416e-01
5.520302064055722102e-01 6.982114797235814407e-01 -3.191472668457595585e-01 -1.983072429567150075e-01 -5.910189138605781434e-02 -6.303918611001521621e-02 -2.241947357349766481e-02 -1.075922973401377131e-01 3.351129046887794671e-01 3.068280675999604523e-01
5.520293687209161249e-01 6.982137161649422108e-01 -3.191463513613823633e-01 -2.199303941951040453e-01 -4.158407954207922474e-02 -6.175590192300883796e-02 -2.964121116383887020e-02 -9.997044604753688168e-02 3.303093952504347897e-01 3.437386735903832924e-01
5.520295842390536833e-01 6.982129957198642822e-01 -3.191482026955889673e-01 -2.107645639629076584e-01 -4.850681921625753235e-02 -5.696538068386942238e-02 -4.026106891012198180e-02 -1.025752828718916043e-01 3.166221809632130402e-01 3.447070410042443189e-01
5.520294788274429099e-01 6.982119799838282237e-01 -3.191479382496432149e-01 -1.957057469699623464e-01 -4.697496817650222145e-02 -5.147187507203965229e-02 -4.274403394599761430e-02 -8.254410370257400653e-02 3.258300736427010569e-01 3.253607446177225748e-01
5.520287180874483557e-01 6.982106076611378498e-01 -3.191474932852017554e-01 -2.061547082320762669e-01 -5.388859585370064931e-02 -4.889174910637125032e-02 -5.724278226992362412e-02 -9.772277642705984313e-02 3.181671099043758555e-01 3.343034493035538235e-01
5.520292880521832091e-01 6.982127626316472213e-01 -3.191470836983748560e-01 -2.198455877044083462e-01 -5.969198192752853821e-02 -4.514301752888073144e-02 -7.881081574947558510e-02 -1.115466657646810994e-01 3.398359847800414557e-01 3.302536782824109785e-01
5.520296448037189663e-01 6.982143410612295931e-01 -3.191483591020409238e-01 -2.142191627023335709e-01 -6.638497459307635129e-02 -4.842421459753361301e-02 -8.179389034936360159e-02 -1.012413021558177806e-01 3.421523961958157223e-01 3.293384743602326692e-01
5.520282991552304397e-01 6.982100905540109537e-01 -3.191470352176221104e-01 -1.639687368051473693e-01 -6.311579756161204979e-02 -4.913747566046246240e-02 -9.295375024530092012e-02 -6.653893762961800296e-02 3.308690446934509088e-01 3.140677241500515193e-01
5.520292897911991403e-01 6.982100233700416769e-01 -3.191450785491340980e-01 -1.477854653341762470e-01 -3.782766103325552187e-02 -5.282319201078847920e-02 -9.989885381530430597e-02 -8.997896540798157317e-02 3.192880071366173134e-01 3.325666210472871809e-01
5.520293073874847911e-01 6.982119254102980843e-01 -3.191477397526341075e-01 -1.276279491691311163e-01 -4.283095036423530122e-02 -4.731387606886022779e-02 -9.989953269407655934e-02 -9.032897716132480548e-02 3.336272630429524266e-01 3.117674313548506881e-01
5.520291848685110470e-01 6.982132280806254698e-01 -3.191488195422712559e-01 -1.202347657355823385e-01 -8.011295339857879561e-02 -3.287556101681196608e-02 -9.963557356566962731e-02 -9.483281536956338076e-02 3.208980390044074427e-01 3.154124979165915943e-01
5.520303664988188697e-01 6.982136432554140182e-01 -3.191469336752103536e-01 -1.107967444741105728e-01 -1.208375620242621851e-01 -2.047824727414526702e-02 -9.287541209400621001e-02 -9.097619929667653815e-02 3.567088079056031091e-01 3.071932306028565818e-01
5.520290583335363266e-01 6.982115752144233412e-01 -3.191478119740184805e-01 -1.130640405338239202e-01 -1.309387161691477341e-01 -1.538879554214346232e-02 -8.579778718969698070e-02 -1.151787255068147386e-01 3.203409137160627140e-01 3.199784551682944844e-01
5.520295919660999084e-01 6.982139887164431347e-01 -3.191468539823079098e-01 -1.124947755642403679e-01 -1.315306847405882940e-01 -1.219490971963259687e-02 -7.493372595392593094e-02 -1.248920244580145056e-01 3.093682243502910989e-01 2.958888755426433703e-01
5.520299571049205323e-01 6.982130834524140628e-01 -3.191471902002643857e-01 -1.357367796035331697e-01 -1.134970669984773500e-01 -2.020833397019230343e-02 -7.682887509807158344e-02 -9.903880513850067679e-02 3.186232150753022796e-01 3.259111186879559141e-01
5.520297464033958601e-01 6.982152580286258292e-01 -3.191469970653229571e-01 -1.195423537504625711e-01 -1.178348204141308059e-01 -1.997934735722074404e-02 -7.491573808410288693e-02 -8.779315331431923608e-02 3.225118556429786842e-01 3.002180599220850010e-01
5.520292273997272625e-01 6.982121358978561343e-01 -3.191484817451898937e-01 -1.235317973779312684e-01 -1.184106574208654838e-01 -2.822004601315094771e-02 -8.747407733215108172e-02 -8.944510865729517202e-02 3.190766316084301391e-01 3.264894494628747812e-01
5.520299060281701475e-01 6.982148812054678189e-01 -3.191478047202098711e-01 -1.271449244539904211e-01 -1.176899596920746721e-01 -3.185303939394370371e-02 -9.100105455474186145e-02 -9.968432235889880533e-02 3.130073747824749786e-01 3.369495054280940982e-01
5.520290690243805365e-01 6.982127222672642741e-01 -3.191486146669796353e-01 -1.467827511880787361e-01 -1.112349423229992418e-01 -3.715847486632328778e-02 -8.806721595867358920e-02 -7.630734045965149870e-02 3.277850623767071259e-01 3.587641839422540113e-01
5.520297471357636931e-01 6.982113158220546456e-01 -3.191465872401728077e-01 -1.396381374036320122e-01 -1.148622841218647911e-01 -3.375043876279465449e-02 -8.260114941237819974e-02 -9.453776996956833600e-02 3.127869864540301359e-01 3.295863591937695514e-01
5.520298678162920414e-01 6.982117861213322785e-01 -3.191470606541975674e-01 -1.278698865981202915e-01 -1.179888754169954868e-01 -3.218706748594091921e-02 -7.495503806444450690e-02 -9.254390654362654178e-02 3.216004671035048168e-01 3.165200022189266216e-01
5.520295675656046175e-01 6.982114906835032997e-01 -3.191473207499776477e-01 -1.338960347525208483e-01 -1.216759342663770310e-01 -3.568998620441290320e-02 -7.564591134646629633e-02 -1.206834201511380739e-01 3.125613596150446094e-01 3.236601721137102317e-01
5.520295123364920009e-01 6.982134304015550352e-01 -3.191483868201078211e-01 -1.330671987491637287e-01 -9.883486902677844632e-02 -3.309450372879582658e-02 -5.960952065046197512e-02 -7.052276585830900835e-02 3.269088509850234248e-01 3.334850860394141803e-01
5.520288772446289016e-01 6.982114064087203698e-01 -3.191477551644961719e-01 2.454160385097900465e-02 -6.057060747421046110e-02 1.069487485338034213e-02 1.604349770985099427e-02 -1.174434865231129971e-01 3.155669686097477555e-01 3.255898332242789239e-01
5.520293760809662498e-01 6.982089119509312658e-01 -3.191460748081686449e-01 -1.403843138134238111e-01 -1.112205175890389891e-01 -2.764728130113787777e-02 -7.480689968417419955e-02 -1.087552843983111417e-01 3.293557922752320399e-01 3.074742749496425787e-01
5.520310174232492262e-01 6.982115242098817509e-01 -3.191460220461456720e-01 -1.648216939847234608e-01 -9.028398296249054433e-02 -3.659173623446800028e-02 -7.622518817794861345e-02 -1.137870427241184784e-01 2.926318637623813168e-01 3.232971649910007517e-01
5.520297207195912215e-01 6.982125172573134808e-01 -3.191486443198011669e-01 -1.426386276123208507e-01 -6.575249817925155060e-02 -4.112240858016551204e-02 -4.304952807949337379e-02 -8.644621653621722968e-02 3.128126873157903720e-01 2.923128606944138674e-01
5.520296080374511583e-01 6.982141567391454418e-01 -3.191467197887633556e-01 -1.694842756540685391e-01 -7.843672942547515181e-02 -5.357168285268502916e-02 -5.836798916545773985e-02 -1.274273872355776993e-01 2.990327827866512411e-01 3.153002357844157943e-01
5.520301546828364492e-01 6.982142040237546698e-01 -3.191466678688890113e-01 -1.986222461297943165e-01 -5.042436740592930178e-02 -6.547473024349478865e-02 -5.299675077148834068e-02 -9.389133296285027963e-02 3.211821354263565409e-01 3.019141625284865182e-01
5.520291241885536548e-01 6.982121908192022719e-01 -3.191484088750767834e-01 -2.137717296746298457e-01 -5.577047836329463576e-02 -6.942552246217750800e-02 -6.245044090235414569e-02 -1.152515654032709169e-01 3.075507248820641970e-01 3.160187453634628607e-01
5.520306319438769149e-01 6.982138361332506094e-01 -3.191466321002127682e-01 -2.365714116940658140e-01 -2.808611174143065686e-02 -6.797151126207447158e-02 -6.993793510737823793e-02 -7.044433526552081049e-02 3.403100898910976779e-01 3.122260034471247558e-01
5.520289132053994852e-01 6.982142263009130101e-01 -3.191503417493466443e-01 -2.515407156497864727e-01 -3.456548086924886298e-02 -6.097530378131305745e-02 -8.964303528138038712e-02 -8.564039008849894108e-02 3.210634489448869755e-01 3.593498873909101166e-01
5.520303903680818802e-01 6.982136105539729076e-01 -3.191477050219774236e-01 -2.421108332104640326e-01 -4.134951171782161317e-02 -4.543412702945122394e-02 -1.038299303694913411e-01 -9.786116518993344393e-02 3.142626689625845904e-01 3.298872559024277895e-01
5.520291230490557144e-01 6.982137508384969049e-01 -3.191473045668136166e-01 -2.573860232839023099e-01 -2.696588440706067930e-02 -4.661328409264119815e-02 -1.095255815328546461e-01 -7.250393523272624652e-02 3.547344104720188129e-01 3.382359967102945841e-01
5.520295581768019932e-01 6.982107613569641380e-01 -3.191448277672687128e-01 -2.393108043257934081e-01 -6.223933117574265150e-02 -3.507118170068745239e-02 -1.081925885553446653e-01 -1.413983733775046048e-01 3.287278228261278357e-01 3.177223376017380141e-01
5.520309626456239016e-01 6.982136219980425995e-01 -3.191467369569779833e-01 -2.335136362529693921e-01 -4.494638707165864167e-02 -3.543373000102212345e-02 -1.041337677289630587e-01 -1.039025916590748944e-01 2.894502151033351844e-01 3.251174376198524008e-01
5.520304762778661667e-01 6.982119728150091298e-01 -3.191454873356014410e-01 -2.628124135168540265e-01 -4.205494863357926716e-02 -3.731006324750783809e-02 -1.159365760981706239e-01 -9.893718728692392494e-02 3.696895289352196134e-01 3.291313436994204311e-01
5.520303644822925904e-01 6.982132239653628947e-01 -3.191452184737408326e-01 -2.429358351727389786e-01 -2.363702173827997993e-02 -2.987049331003378133e-02 -1.043592592847506079e-01 -6.938116218938086832e-02 3.551739992186258577e-01 3.170026480203886332e-01
5.520298144522304273e-01 6.982102024384373440e-01 -3.191457380799111454e-01 -2.557010437310749396e-01 -5.219296327218124476e-02 -2.686390907301931114e-02 -1.100210026315720513e-01 -1.239842655174396568e-01 3.928114176989812578e-01 3.126346826128552636e-01
5.520312400683751175e-01 6.982130961694323901e-01 -3.191434447345419811e-01 -2.510532198918341562e-01 -4.244013309617560015e-02 -3.017324087271923416e-02 -1.121849331914518688e-01 -1.158128081293368777e-01 3.590499930069421253e-01 3.323543548283466320e-01
5.520297616656930639e-01 6.982109477301197131e-01 -3.191442016471107146e-01 -2.328936700900506307e-01 -3.164639547805281339e-02 -3.611842101814631556e-02 -9.321018651822443601e-02 -1.063077341083502186e-01 3.856159740171523076e-01 3.363984517443784905e-01
5.520301363129322958e-01 6.982116435563090473e-01 -3.191436442490299674e-01 -1.991199093767489214e-01 -4.762188329541156701e-02 -3.324099921553488879e-02 -8.101237568156169355e-02 -1.077272069263708332e-01 3.563022313934409158e-01 3.282069431415696181e-01
5.520299802228481045e-01 6.982147041867724502e-01 -3.191446245651783364e-01 -1.637569516839411654e-01 -4.138742054676380899e-02 -4.527724739998171405e-02 -6.023340231696920621e-02 -8.082693932341185328e-02 3.010537642317861473e-01 3.522727885559954752e-01
5.520310452333856421e-01 6.982122694620473968e-01 -3.191426419927831382e-01 -1.547144233270240088e-01 -7.459902205037470535e-02 -4.006979659811098216e-02 -5.998513603322796345e-02 -1.145668009729808035e-01 3.381501520577349651e-01 3.183505163469657617e-01
5.520308835932844493e-01 6.982123085800181483e-01 -3.191440064126108145e-01 -1.729296976972575228e-01 -1.022130799741293172e-01 -4.251158085253013696e-02 -7.531164719208907621e-02 -1.608808570307287966e-01 3.405533818710022032e-01 3.263348005674617802e-01
5.520289941735101458e-01 6.982126196517304262e-01 -3.191461973423841969e-01 -1.661668918775036363e-01 -6.147501542158680804e-02 -4.986364516462464536e-02 -5.172543247390543053e-02 -6.855785568474008496e-02 3.628156712304251297e-01 2.892976970304435014e-01
5.520302049522006760e-01 6.982106332290360928e-01 -3.191431092097804512e-01 -2.247240245861653885e-01 -7.976654249574569033e-02 -7.114368461156950207e-02 -7.834265626708646069e-02 -1.469106862650868817e-01 3.373940484366091397e-01 4.080567807077791209e-01
5.520297348330150955e-01 6.982084754471403754e-01 -3.191442156833874666e-01 -1.954229085369786345e-01 -7.227887783909861530e-02 -6.033008176981900783e-02 -5.925128643193972727e-02 -1.354772377222323299e-01 3.484440149879484694e-01 3.244863815983964894e-01
5.520310835775885661e-01 6.982126552838469058e-01 -3.191443851598705361e-01 -1.948819551660195548e-01 -5.659632525081750853e-02 -5.817638057430548487e-02 -5.699235780528117551e-02 -1.101754634513032460e-01 3.315092273611137674e-01 3.162564782244811634e-01
5.520300043697810022e-01 6.982116534423641330e-01 -3.191447167836637955e-01 -2.191748585447518549e-01 -4.546615298917475179e-02 -6.522642126429722964e-02 -6.128177039757369549e-02 -9.095626491026838345e-02 3.531471510070886555e-01 3.441711752098305377e-01
5.520300505734552221e-01 6.982137670105473815e-01 -3.191456538528743558e-01 -2.088942917415559652e-01 -2.977326294448745525e-02 -6.654707028664065549e-02 -5.206993340362469497e-02 -8.066135109158324712e-02 3.306478744450866425e-01 3.223283655094031919e-01
5.520306294778531964e-01 6.982086700727165862e-01 -3.191438847343187057e-01 -2.203284675735612819e-01 -5.595632453437438675e-02 -6.418735132612300720e-02 -6.755241488386104498e-02 -1.356601931762910496e-01 3.384272835207998154e-01 3.311594713857834438e-01
5.520312400524188812e-01 6.982141890011861474e-01 -3.191449448576136882e-01 -2.076560961997796773e-01 -4.228904696054373857e-02 -5.464790536937162713e-02 -6.567602879974941688e-02 -1.015934785719927597e-01 3.220472874688461995e-01 3.043359248105547143e-01
5.520303745443657650e-01 6.982108648616155433e-01 -3.191445404769689409e-01 -2.283618050850517722e-01 -9.303861797445939219e-02 -5.260793961039855055e-02 -9.303641052082547991e-02 -1.918559629260242483e-01 3.267163701515575780e-01 3.500589343592839242e-01
5.520301702501648755e-01 6.982129728565414917e-01 -3.191437334871038978e-01 -2.003559639737388653e-01 -7.651810094525718364e-02 -4.316213489386133695e-02 -8.125129467506095327e-02 -1.405171255613202885e-01 3.566156568315029807e-01 2.768766522955624643e-01
5.520298453541636619e-01 6.982129905334009123e-01 -3.191465915251212038e-01 -2.112592246629972359e-01 -8.319500266204498187e-03 -5.207733717078716351e-02 -6.966749685543725812e-02 -5.552816242619870724e-02 3.302366652274218994e-01 3.159457637704418120e-01
5.520302579563658441e-01 6.982126827349042220e-01 -3.191446881733169816e-01 -2.240676340787558715e-02 -1.602996947018056617e-02 -5.488974966819056001e-02 1.905928140317116742e-03 -9.333681424567155660e-02 3.159285885023761509e-01 3.320225459507312182e-01
5.520316044767926700e-01 6.982145760592406436e-01 -3.191418604777319645e-01 -4.628689902676980800e-02 -1.033027466604435896e-02 -5.181541841325591063e-02 3.062045990870120721e-02 -1.165291743288778825e-01 3.746396764167295723e-01 3.120556825138360302e-01
5.520306558271421693e-01 6.982128360415511548e-01 -3.191438052916701906e-01 -6.214942418434473564e-02 2.290625840194750532e-02 -5.420491393683133513e-02 2.545173620317124630e-02 -9.098231160670623707e-02 3.166717418853721711e-01 3.088980612235053269e-01
5.520303170583260588e-01 6.982129688812026558e-01 -3.191430433054389115e-01 5.355792062134455411e-02 9.900132370034152307e-02 -6.614704494610984531e-02 7.968052857328637717e-02 -7.024120354773485952e-02 3.033567475775383881e-01 3.282932729250946369e-01
5.520303212697420525e-01 6.982109504039569758e-01 -3.191435948776353282e-01 1.140177014332227068e-01 1.144523179628185033e-01 -5.285079902489490250e-02 9.204483432860363634e-02 -7.593259118049976164e-02 3.200520010523728032e-01 3.429205352934467377e-01
