8.360544776669874834e-01 7.084591693486965713e-01 -5.308347094001207855e-01 -6.613514829210103141e-01 1.277999840489971950e+00 9.607776792521338649e-03 -2.070382571026891938e+00 1.218465048378967275e+01 7.585996431482119107e+00 1.029501807546484349e+00
8.310515522513457487e-01 7.120836312223477460e-01 -5.227535419921153226e-01 4.687494456807929089e-01 4.141503493006664982e+00 9.371621072552737131e-01 9.727206707484761239e-01 1.154378190441809160e+01 7.633903174792915358e+00 8.019249239849108868e-01
8.170751388359946965e-01 7.235587018043295737e-01 -5.097975224402175876e-01 2.082473771096475357e+00 3.261612599262284196e+00 1.907431839391231065e+00 6.428664578846657873e-01 9.548915282385612713e+00 7.344245283223500564e+00 -1.924465713427378377e+00
8.081793613427348255e-01 7.308974697877668181e-01 -5.025484538963953529e-01 5.249721400511409009e-01 1.963487119234840872e+00 1.082192146399381771e+00 -5.983924116684250505e-01 9.251345191747422092e+00 8.819546307692945675e+00 -1.962395288112746883e+00
7.938055939892061375e-01 7.429199925958366313e-01 -4.887905074982776821e-01 7.092054136999381697e-01 2.214687501234728018e+00 1.118226814595842722e+00 2.803980420523917161e-01 7.872981527064839113e+00 7.865294196242810010e+00 -1.923619831215567677e+00
7.776430783518346601e-01 7.547909009234461397e-01 -4.715976414770605141e-01 3.008774557146554063e-01 2.115629601467921894e+00 8.821104219464933616e-01 3.996998155035837441e-01 8.494348948883123640e+00 7.350421943012411141e+00 -1.337922103963206322e+00
7.608922044446048139e-01 7.640732741521745197e-01 -4.539941828139145708e-01 -7.632572167855032896e-01 1.558238360826985414e+00 2.930920990930563352e-02 1.093529881010476767e+00 6.162809547896763718e+00 5.798887998784161724e+00 -9.728910403304927845e-01
7.497451387531470779e-01 7.690708295312673748e-01 -4.416312273163992552e-01 -1.457233980495343584e+00 1.929231068389749337e+00 -8.988042802157492073e-02 1.154799898332733221e+00 6.217406376457200068e+00 6.296480624947295546e+00 -1.286406537847250453e+00
7.334870419310672851e-01 7.757959079879046538e-01 -4.213197837358986231e-01 -1.760473945513701732e+00 2.636600920425785866e+00 7.668348465720324914e-01 1.485918086900916979e+00 3.385343415717925186e+00 6.385802915590880424e+00 -1.638081237926210632e+00
7.141698500045783327e-01 7.827061576218173888e-01 -3.921358548037022773e-01 -1.758288981728770128e+00 2.149856904465409002e+00 4.792498306163416322e-01 1.286387358027039518e+00 2.161979526715024580e+00 5.968428283356055353e+00 -2.935145313140551937e-01
6.934404067514010617e-01 7.906653049358638441e-01 -3.464828599881133453e-01 -2.474987241726623211e+00 1.720312427112379972e+00 -2.214153072077797990e-01 1.877515120038752094e+00 -1.470203877357974642e+00 8.193069526269935565e+00 -5.956615955543325125e-01
6.861664003637344411e-01 7.946160768725585299e-01 -3.152664637853808127e-01 -1.569193666670974485e+00 6.092182832395289793e-01 -4.335851111869515884e-01 9.124188799946791883e-01 -1.088026143399093204e+00 4.603260981244454264e+00 5.130928769259690547e-01
6.855206713303787502e-01 7.952492821620980035e-01 -3.109950573468093227e-01 -1.775055259518252715e+00 1.541563342410732229e-01 -7.681516363257303581e-01 8.441568746772425413e-01 -2.048508552330950749e+00 4.845836563140774267e+00 7.976242688308279316e-01
6.853310972232089515e-01 7.964017632727277141e-01 -3.054883666814761645e-01 -2.206289497604712602e-01 -4.824342826869360557e-01 -3.568931998392040339e-01 -1.635067011645885970e-01 -8.838460880731963121e-01 2.133549209820157222e-01 1.357964177384067384e+00
6.854483535148154782e-01 7.954210460690246398e-01 -3.118259415582117500e-01 2.026361314196769847e-01 -6.476831394965210098e-01 -2.507820461144595336e-01 -2.996814514076422409e-01 -1.221035409616042733e+00 -8.205683070561121673e-01 8.179607697838495728e-01
6.827597139883154753e-01 7.929973063856596838e-01 -3.330301449770391442e-01 -2.062213539625098457e-01 -2.576423121166965813e-01 -2.877109373258651126e-01 3.915243894473970088e-02 -1.028288804638114229e+00 5.329026738724029766e-01 3.081239291582285045e-01
6.820227189864813688e-01 7.926346756838433816e-01 -3.370157214010789382e-01 -2.467489711025744326e-01 -6.095960614743042849e-02 -2.194786144628636526e-01 1.289855048601125931e-01 -6.265200120081955149e-01 7.898477726363494211e-01 1.467549195632436576e-01
6.819800403058897675e-01 7.928774519862737957e-01 -3.377895874292779488e-01 -2.109882585190932247e-02 -1.956064087913416127e-01 -1.452897541714487650e-01 4.393545486292526614e-01 -1.751197262877262295e+00 9.033174233631368066e-01 -1.458787657193376885e+00
6.821614082759781539e-01 7.929582976713422937e-01 -3.370824568813751698e-01 2.824465904814476014e-01 -3.137419380923752721e-01 3.541936471592042890e-02 -9.122633326341315907e-02 -8.448359230002069342e-01 -1.008545273550826460e+00 -4.766122968011153871e-01
6.822439359399006253e-01 7.929222102253934423e-01 -3.368505054028685386e-01 2.079289399803344596e-01 -3.496252592068435083e-01 -5.913750185199283249e-02 -2.441576153365285565e-02 -1.164024958184622482e+00 -5.424850733565809158e-01 -5.194954910552038729e-01
6.830297299354026741e-01 7.923407974111367214e-01 -3.363441340287613435e-01 -5.424231654526847496e-02 -4.459413816100650241e-01 -3.595824589730676202e-01 -2.650842055683158560e-02 -1.790859068067000903e+00 -1.384124260686569186e-01 5.446357712777579740e-01
6.872520254589993272e-01 7.890100601151603943e-01 -3.353965194736124866e-01 -2.981736461240712677e-01 -3.480347438517633063e-01 -5.053080758007758577e-01 4.860461741900814481e-01 -2.696739806076938528e+00 1.518263830404402936e+00 -4.773634528120432874e-01
