7.345742793751066646e-01 7.557717757357353960e-01 -5.445344990135235763e-01 3.860322544761632391e-01 -2.394111733290649191e-01 3.843283874166373848e-01 -7.009294671960031309e-02 -8.190970715597324370e-01 -4.487015727589108494e+00 4.555610145648438247e-01
7.311231960026171040e-01 7.547699650795718362e-01 -5.504377920112099032e-01 8.674971806361069238e-01 -9.072645106653624003e-01 3.598631226498441027e-01 -1.059867805324604007e+00 -1.639480757288578339e-01 -5.952123193186216632e+00 5.734556211911289170e-01
7.266886537545327318e-01 7.532236797827800423e-01 -5.580307873111615136e-01 9.536522674957638168e-01 -1.139814233964673074e+00 3.343722214116776059e-01 -1.388153367091074841e+00 3.469638816228829969e-01 -6.073823279289844557e+00 7.468663352744844275e-01
7.238983634895719277e-01 7.521232875895826897e-01 -5.641511055722827628e-01 7.693628540221001400e-01 -9.007742148317469111e-01 2.580498995002526996e-01 -8.991867386568449527e-01 -1.140954243262486817e-01 -6.638207999491173794e+00 6.638339425649640857e-01
7.210844954290611675e-01 7.494270055394970376e-01 -5.734564352635818096e-01 -2.075650436586503833e+00 -4.388505284527082773e-01 -9.965659818602486952e-01 -4.154119640133777103e-01 -1.433733126553419002e+00 -5.199982245474088494e+00 4.092655112180071386e-01
7.211275805805447137e-01 7.465463461101757847e-01 -5.779505918621481442e-01 2.555287987270163375e-01 -7.074540051737563395e-01 1.022209798946877579e-01 -7.783101654945004388e-02 -1.785052376429735688e+00 -1.764763962605480296e+00 -8.809623494346554562e-01
7.226475205654254719e-01 7.460530973945513900e-01 -5.764005818851046792e-01 2.423353938636461646e-01 -9.150165033583007590e-01 5.642080125687110037e-02 -4.654409998457679776e-01 -1.727763888844566775e+00 -9.047343034610667578e-01 -1.045363636542241181e+00
7.233170381239683033e-01 7.461073820794308364e-01 -5.755061693740908257e-01 -2.526645750964616743e-01 -8.565743085330812523e-01 -1.653717857572230554e-01 -5.154163425142377353e-01 -1.635236156821409992e+00 -1.145752885030015156e+00 -1.002199164699197897e+00
7.253695540805202846e-01 7.462964820005608679e-01 -5.725827715799983730e-01 1.852976657824810802e-01 1.309269636162953276e-02 2.630478134214840891e-01 1.879188037404754541e-01 -6.987745524686557186e-01 9.914802290564747600e-02 -1.332956144286840505e+00
7.264029019078930283e-01 7.462183674025382185e-01 -5.701405151857651399e-01 4.363988840166570238e-02 4.802792317455494286e-01 7.407111556200654534e-02 5.036724048767593498e-01 -2.066128895052374292e-01 2.054310614205977714e+00 -9.434530473717716026e-01
7.288493337928740878e-01 7.475925400593576020e-01 -5.590862895078789752e-01 3.266002466353008504e+00 1.183736019239402415e+00 1.349713887457070438e+00 1.012902762556160408e+00 2.370534906343005677e+00 7.226610467413832950e+00 -1.230507178731212070e+00
7.287813639856469683e-01 7.494893066228054401e-01 -5.501087856366835283e-01 1.592787525783528002e+00 3.056778720555076490e+00 1.302375699684168442e+00 2.047287680906658913e+00 4.685284501038098348e+00 8.328107763170013556e+00 -5.350083610307267978e-01
7.244266206832092880e-01 7.590769659078562270e-01 -5.256570116848864327e-01 -9.818118336424064285e-01 3.619799602645187075e+00 8.746974219978580489e-01 2.465620024424007184e+00 6.588097706751189442e+00 9.100978462755552556e+00 5.724616119588352703e-01
7.176837959972393044e-01 7.688740818911636854e-01 -5.073848330930994521e-01 -1.577812192264331781e+00 3.704256129469899683e+00 7.475795929513501248e-01 2.572852242478091966e+00 7.105529288721147196e+00 9.781844409769199444e+00 1.168768407077837246e+00
7.135993182754489794e-01 7.734510668447155401e-01 -4.981233192553876643e-01 -2.015927886724487639e+00 3.835884942801725650e+00 3.652761765940872318e-01 2.503848838646266728e+00 8.181698159659369196e+00 1.009000110774157832e+01 1.413015367152033575e+00
7.065002372644528794e-01 7.790699123918095603e-01 -4.831280388869731990e-01 -1.967268197667576768e+00 4.500704616443099937e+00 -2.929543356760849759e-02 2.592193130469420126e+00 9.302995405437856746e+00 1.083023416880661927e+01 2.263280991295077094e+00
7.008348708404579241e-01 7.823259500455524984e-01 -4.727764934788926121e-01 -1.712603246851542860e+00 4.507113650975460573e+00 -7.692443806613127322e-01 2.539352679886185182e+00 9.455799421854463205e+00 1.051573499045750815e+01 3.491093743910441027e+00
6.913156207176267554e-01 7.862823918825249114e-01 -4.580358539987436917e-01 -1.073484424321205610e+00 4.538895209812324971e+00 -1.121056613456571149e+00 2.455896015446398906e+00 1.014828587896126066e+01 9.923707508079390394e+00 3.506006972567214497e+00
6.775730289830259601e-01 7.903960862462426906e-01 -4.406044795054812058e-01 -5.041144878818153430e-01 4.362106489258239073e+00 -1.389584870202494438e+00 2.220694098628911206e+00 1.004669806798365350e+01 8.483272959517879741e+00 3.544415762629773425e+00
6.676473779800864428e-01 7.935458145660460039e-01 -4.291214703054795354e-01 1.157247183610391750e-01 3.910189755888274554e+00 -1.583457489127636286e+00 2.196029754313098437e+00 9.720880768023830498e+00 8.187437967616611800e+00 2.672976344131942739e+00
6.612108024471694545e-01 7.960717866785506081e-01 -4.218793158567606394e-01 -5.009278137459622915e-01 3.515536720975157792e+00 -2.004404900368255582e+00 2.221108451871502965e+00 8.353803179100687260e+00 8.975864002094704475e+00 2.600244305029071779e+00
6.531221791335746207e-01 8.004225239842009954e-01 -4.102048042355752600e-01 -3.555597983944199569e+00 3.859699338495037324e+00 -3.042759807654590531e+00 6.732080006162813879e-01 8.684879236321686236e+00 9.901375679353593640e+00 1.895080806409849661e+00
6.454790784927053604e-01 8.061260154950160572e-01 -3.930944587553111824e-01 -2.454537391791445700e+00 3.961997727233826261e+00 -2.481967453653337152e+00 1.892378450219088348e+00 8.160742851012175336e+00 1.028997972373906045e+01 2.740714068623293809e+00
6.429038067924506272e-01 8.086981789508894680e-01 -3.847974263013981266e-01 -2.069194077749025418e+00 3.194368222475983732e+00 -1.920619977572401771e+00 1.752006798363663354e+00 6.992005443159467148e+00 9.801992302777142285e+00 3.335861964896947196e+00
6.410080231986088339e-01 8.105539548925928539e-01 -3.768576954051228722e-01 -1.866554455528066425e+00 3.281310908128826753e+00 -1.569245696078163554e+00 1.516401372092966326e+00 8.246867185487028351e+00 1.009233120230057601e+01 3.404643629332576360e+00
6.391626744308875896e-01 8.118138160432187833e-01 -3.663256565199125570e-01 -1.994135763214070378e+00 2.961765461120955401e+00 -1.081852968669282600e+00 9.385909284607052427e-01 8.465997346323289818e+00 9.372857073754371271e+00 4.188174130658421035e+00
6.375173309538871846e-01 8.130090096185688120e-01 -3.534547265330221788e-01 -2.409022428884979306e+00 3.039909612692497376e+00 -1.095037584571038281e+00 1.419283934042343542e+00 7.529144584303641530e+00 1.132060270797222756e+01 3.466180755891536069e+00
6.373426708210445657e-01 8.141959896988489875e-01 -3.431536573926042832e-01 -2.457597900806083757e+00 2.411434221220094543e+00 -8.338782042785793935e-01 2.481835282735661785e+00 5.728376691764020201e+00 1.053626646821239810e+01 4.036554524150703038e+00
6.383022137663179052e-01 8.145445041362356919e-01 -3.341654546856676622e-01 1.304090707347932199e+00 1.413435015752072310e+00 7.008679454809259024e-01 1.251044548242879140e+00 4.696067008440430790e+00 9.094859724424367187e+00 3.508729382663553942e+00
6.398097985254799225e-01 8.146366098446695680e-01 -3.270462403963792508e-01 5.271999805803586625e-01 1.658296315570117141e+00 8.591245502502438125e-01 1.662107491344111398e+00 2.755698892264117017e+00 8.877469868179419521e+00 2.545862644380568529e+00
6.409470531387249093e-01 8.144701852974131073e-01 -3.227078262642618656e-01 -1.719809098515342249e+00 1.210545518746368066e+00 3.074255752204008152e-02 1.602277355549594606e+00 1.772318511005009034e+00 5.926665254797370608e+00 2.736043957395613457e+00
6.414211815225419056e-01 8.142887037201842482e-01 -3.216847312574423468e-01 -1.678700594528439449e+00 6.303261293679468524e-01 -4.270104148900500385e-01 9.692400791891726541e-01 7.028213850960367548e-01 4.634134443344358090e+00 2.387370575821097685e+00
6.415683966153624684e-01 8.141066071912619329e-01 -3.220218090453366711e-01 -1.209235299068003755e+00 3.559472266034448551e-01 -4.886281258107579850e-01 6.498685386519313933e-01 4.554315821859856311e-02 3.410138355782117880e+00 1.848347746025797100e+00
6.419859948874132582e-01 8.136349908708316869e-01 -3.233829801463724007e-01 -4.208931653678658624e-01 -2.185662235065675280e-02 -3.023009147988676149e-01 4.082873957338232218e-01 -9.284103541840214024e-01 1.864210588759570353e+00 6.827408036243502731e-02
6.419775854413716232e-01 8.136447244937263790e-01 -3.234175956272811736e-01 -3.043579170429678848e-01 -4.281739102613267567e-02 -2.505979828882300420e-01 3.582742878811099874e-01 -9.887212225014547773e-01 1.593040668135278892e+00 -3.589501572581146709e-03
6.419765494580049747e-01 8.136575785370839808e-01 -3.234344839873888877e-01 -1.089509223527058285e-01 -7.731723893500824785e-02 -1.159229151190060564e-01 2.894926939120908704e-01 -9.773002627306459633e-01 1.213799545609959063e+00 -2.967672614203141213e-01
6.419907511731650640e-01 8.136301587716876504e-01 -3.234524615593318830e-01 8.669287476188800023e-02 -2.747287961578934734e-01 4.390583101558593465e-02 1.285275691176072932e-01 -1.284335985388535439e+00 6.271171270402829956e-01 -4.400741560352027792e-01
6.420390313831187967e-01 8.135880795941425880e-01 -3.234641274793840227e-01 9.587002977838901541e-02 -5.406773698558866581e-01 1.487280176883201410e-01 -1.786886396662520221e-02 -1.801187882993499523e+00 8.314599047501401718e-02 -4.106242768931940845e-01
6.420519324517113269e-01 8.135586526976958943e-01 -3.234735166846062770e-01 1.594944921856403242e-01 -3.173197535832504301e-01 2.147126134766547123e-01 -1.510544495702953460e-03 -1.045614636635801897e+00 -4.725017447733043108e-02 -5.416449028765190077e-01
6.420566389167761123e-01 8.135580408473168657e-01 -3.234761523835165131e-01 1.486804478319064260e-01 -3.502604778657318341e-01 1.855804205585381839e-01 3.588981079634145921e-02 -1.151735370177806583e+00 -2.853548588687074283e-02 -5.595352578819563494e-01
6.420871115334745305e-01 8.135012945232852344e-01 -3.234770982927949179e-01 2.022908715288572190e-01 -4.448430081712213546e-01 1.958879371380734258e-01 1.989758287039822271e-02 -1.388783632746118935e+00 -1.530761756241424409e-01 -6.952410595901196144e-01
6.422626816673272510e-01 8.133821471274808035e-01 -3.234285734326030060e-01 9.907284782489347852e-02 -8.316757191170662811e-01 1.341330588877144292e-01 -3.250539245067097238e-01 -1.935222223366896310e+00 2.900541468437067283e-01 -4.911924191651688698e-01
6.426813355078262457e-01 8.129491315617708436e-01 -3.234312617858794425e-01 7.480920691387933641e-02 -4.693874644156668663e-01 8.836744872510968185e-02 3.718640811435303117e-02 -1.760722644187217689e+00 2.275814171207300451e-01 -6.248899612548015625e-01
6.429118218920160110e-01 8.126307411632908151e-01 -3.234153071599230045e-01 2.323910665857730623e-02 -2.728652251058255596e-01 1.594149939476652289e-02 2.625881699368455280e-01 -2.086038204333816370e+00 2.248190655498072121e-01 -5.140289657645213950e-01
6.432779236615562279e-01 8.121393442570548071e-01 -3.233818562300306843e-01 -7.894921136665331018e-02 -4.866149560361265891e-01 -1.549634400707752546e-01 6.892228560219831879e-02 -1.854208393822720735e+00 6.578890930232319523e-01 -4.909537043037900950e-01
6.434157334331511713e-01 8.119224405649464460e-01 -3.233502931785942058e-01 2.297660450451360359e-01 -6.080506304969992559e-01 6.198188675826565852e-02 -3.592439150831564509e-01 -1.844889969075075298e+00 5.015918429038179749e-01 -5.798449187584743258e-01
6.436159394960737634e-01 8.116174221283731782e-01 -3.233334308449457017e-01 -8.627797324630089026e-02 -1.899454893854880255e-01 -2.789686255124235181e-01 3.935599340746823716e-01 -2.179585197241718397e+00 4.848667466586935038e-01 -4.915300807483836132e-01
6.436912040870086393e-01 8.114796581372389905e-01 -3.233449603069352696e-01 -7.958121476346775858e-02 -4.581627750488728723e-01 -3.817794085660119463e-01 1.868701525438378197e-01 -2.171724928909238184e+00 3.970403137658046200e-01 -5.082400439113211599e-01
6.437364503359570556e-01 8.114000446690197155e-01 -3.233501377170810986e-01 1.865438209639822820e-01 -7.805430835979632054e-01 -1.954551842144539586e-01 -4.797100764810547924e-01 -1.986733445926842423e+00 2.687177777251782418e-01 -4.450561911682023308e-01
6.438623773456833010e-01 8.111752019272011616e-01 -3.233708694258148886e-01 -8.915527146204013653e-02 -1.990630003307921059e-01 -3.292796682342750691e-01 3.020490971853556639e-01 -1.841746105681546730e+00 3.152056102352110423e-01 -2.920625898440682433e-01
6.439869028767672976e-01 8.109506248052404942e-01 -3.233962433433478778e-01 -1.358947451619631555e-02 -4.985729218871328694e-01 -2.819727307865516619e-01 -2.556218145106324835e-01 -1.975059426604984791e+00 1.663030725616700400e-01 -2.288514077173214034e-01
6.443172965028001187e-01 8.103818196415890629e-01 -3.234245980625451988e-01 5.233318484082774558e-03 -1.031693638031784932e+00 -3.217178594641079137e-01 -4.175217385112378055e-01 -2.191504758001234787e+00 2.477406118452580852e-01 -1.125130304199363634e-01
6.446333246161292108e-01 8.098454243478123704e-01 -3.234485239470194506e-01 1.357184742342718298e-01 -8.293117049344997938e-01 -3.784219677848638663e-01 -2.258954196589441077e-01 -1.986227975505125087e+00 5.239804214555556783e-01 -2.249392439107043007e-01
6.447614819875366887e-01 8.096370501750557169e-01 -3.234470434290727114e-01 2.554946599893875153e-02 -6.661886137410174547e-01 -4.143249045342131121e-01 -5.470587428458784096e-02 -1.896021898723953658e+00 6.268970701483440600e-01 -2.615614109665566067e-01
6.449436556283243416e-01 8.093414154599046784e-01 -3.234308730465751958e-01 -1.356503271169814395e-01 -4.409292238715851742e-01 -4.028232696364123511e-01 1.003851278646233636e-01 -1.633443554259439434e+00 6.761705321959704529e-01 -1.474159159194327329e-01
6.451175554606346507e-01 8.090358478971649836e-01 -3.234499716594374519e-01 -1.287217649327386804e-01 -4.603069476139606264e-01 -4.196978023588111006e-01 1.006898348905212320e-01 -1.882757069471035605e+00 5.496761285908350336e-01 -1.214709816307942003e-01
6.454745222738849098e-01 8.083981276866379906e-01 -3.235083689981875232e-01 -7.379053038283471533e-02 -4.780730138613331626e-01 -3.223628531991344359e-01 6.410013782081099010e-02 -1.923315001668276958e+00 2.396724123886851965e-01 8.250390995337312378e-03
6.459970342316216918e-01 8.075752719575196581e-01 -3.235738081501755570e-01 -4.881147898392257378e-02 -4.538921198901494924e-01 -7.015173725718604203e-02 6.639385724587595905e-02 -1.793066214569247085e+00 2.455183287147023607e-01 2.445637325278844990e-02
6.466510569217553961e-01 8.066231693451371143e-01 -3.236600743755689846e-01 -5.552216027075587701e-02 -5.749431954690298330e-01 8.824553738529802849e-02 4.310750345383840276e-02 -2.055930881465714677e+00 2.290077579796637730e-01 8.021478976167881192e-02
6.470585843183025432e-01 8.059918068843432426e-01 -3.237124289941762934e-01 -3.351280534072634959e-02 -4.795527036266425402e-01 1.931647745231255542e-01 5.369461826816179784e-02 -1.854490353922941592e+00 3.048752799366516442e-01 1.041170769859477152e-01
6.474402606150444495e-01 8.054296938141519702e-01 -3.237529545370389505e-01 -1.819275531335293877e-02 -5.721532469379261299e-01 3.249347356657235064e-01 5.148817001722031522e-02 -2.153386751406418220e+00 4.177510266375287773e-01 1.034752194908016842e-01
6.476018045232180276e-01 8.051372747971848876e-01 -3.237783186354565301e-01 3.484399068325650523e-02 -4.985075660706701495e-01 3.731714963784157346e-01 7.275927406172776057e-02 -1.983396315723966463e+00 4.333763380479319083e-01 -3.645860899617590217e-02
6.479221797933001348e-01 8.045507681985041293e-01 -3.238237371377040708e-01 -2.703546354773491908e-02 -4.194415653340124450e-01 3.025967575046195068e-01 3.057343983477286628e-02 -1.638886976291708875e+00 3.028229562814076514e-01 1.690877261887362426e-01
6.481073629189204599e-01 8.042148653097932476e-01 -3.238468197825435935e-01 -1.716892593305970327e-01 -7.623698739567935645e-01 3.039788456292087382e-01 -1.379081245782083354e-01 -1.986655646207110104e+00 2.588324381973030608e-01 2.024761714554566272e-01
6.485562454664983711e-01 8.034034557302978108e-01 -3.238902568397048487e-01 -3.522420975456477116e-02 -6.140995629024290636e-01 2.465910112044094882e-01 -4.048569574980867558e-02 -1.912023040670365992e+00 4.631512785435230595e-01 1.287545856365384933e-01
6.487749854904338864e-01 8.030008724014350285e-01 -3.239217818060194376e-01 -1.353637819279136512e-01 -7.261393887102619571e-01 4.135187614630414510e-02 -1.530150163290321663e-01 -1.893917835195161992e+00 6.115738464387837636e-01 1.202936743523704971e-01
6.495569733503292476e-01 8.015534632698962936e-01 -3.240250349348733350e-01 -1.866778595030150478e-01 -7.694001134998817992e-01 -4.855263552184629905e-02 -2.458267520234621029e-01 -1.815908223330606086e+00 3.053505801127829322e-01 3.122243330161281194e-01
6.499626713307180559e-01 8.008070079840968747e-01 -3.240678770134817754e-01 -1.720254327449032006e-01 -6.658846245657534801e-01 -1.930763592016739305e-01 -1.031178202443490122e-01 -1.980464907317259549e+00 3.782261217691738064e-01 1.992970372514755728e-01
6.501263185288017610e-01 8.005009525332149600e-01 -3.240907835248236779e-01 -1.731129844490731373e-01 -6.034089545389816900e-01 -2.903453898516953346e-01 -7.981110362746036968e-02 -1.819564620158862001e+00 4.421391103419934354e-01 6.906063473365241234e-02
6.502784998923312187e-01 8.002165944081084392e-01 -3.241104569860118190e-01 -1.572016677718644229e-01 -5.172494142497821024e-01 -3.526849612893123709e-01 -2.817115407241863045e-02 -1.736730312096600892e+00 3.841784163507409033e-01 1.244633507545422763e-01
6.506494764422068311e-01 7.995294756713212658e-01 -3.241510488339339746e-01 -2.072285005779870015e-01 -4.596913748372259412e-01 -4.241951036350753990e-01 2.236255094734726501e-02 -1.763006699396236776e+00 5.238299688565464240e-01 2.391917368810317635e-01
6.511377476796713637e-01 7.986216968112731518e-01 -3.242064599685093862e-01 -2.110991716072887769e-01 -4.267016860470479456e-01 -4.453327379787524465e-01 5.164313466067985137e-02 -1.780405931375904638e+00 5.812469934069753874e-01 1.739405598436745137e-01
6.513762004454712873e-01 7.981720676689777472e-01 -3.242308390956640807e-01 -2.112988737262139205e-01 -3.168177423677299709e-01 -3.791592032357113951e-01 8.335464795482921962e-02 -1.467371694677448879e+00 6.333946684494315971e-01 1.074658386443139990e-01
6.517373910360273470e-01 7.974880132702958369e-01 -3.242727203536802660e-01 -2.540906864209363514e-01 -5.577522092825765165e-01 -5.202502631007548395e-01 2.778986469366048762e-02 -2.035267520141987863e+00 6.486479517963636976e-01 1.624018408418252957e-01
6.518678399964675796e-01 7.972346733989481571e-01 -3.242891693548302090e-01 -2.276640760801457997e-01 -6.028478023253014406e-01 -5.118867525538136620e-01 -7.752746070355004404e-03 -2.055949912116942890e+00 5.553137969352297532e-01 1.357510429412521480e-01
6.520524938066852849e-01 7.968845258835329792e-01 -3.243098622833313072e-01 -1.339987659988629010e-01 -9.697055795274760470e-01 -3.253948744945233118e-01 -3.107846449147401158e-01 -1.950723699998877514e+00 6.050141537991063911e-01 1.476501818641762498e-01
6.521828582972108990e-01 7.966348558883304953e-01 -3.243265348717120355e-01 -3.196100470049154652e-01 -8.346136592956607814e-01 -2.144456664085530595e-01 -2.310601753811408754e-01 -1.590125228561011017e+00 6.959021260135145326e-01 1.085246196863198370e-01
6.524074831833289734e-01 7.962074892333871334e-01 -3.243501453481817398e-01 -2.254168072144201174e-01 -4.667661025538183961e-01 -3.988505643321112459e-01 -3.143562872114291640e-02 -1.560613092891065978e+00 6.176647018492600338e-01 1.808487940256116658e-02
6.525184591654504818e-01 7.959955005950017926e-01 -3.243593255864763436e-01 -3.014212369982142703e-01 -3.859196705500796964e-01 -3.252572186180167080e-01 6.272341137965667390e-03 -1.165935009553478618e+00 7.423371947011219163e-01 -1.121982795828256052e-01
6.525907052941151143e-01 7.958721160320088028e-01 -3.243561688810234211e-01 -2.851441821027035917e-01 -4.698819220735496183e-01 -3.754676134106879615e-01 1.555984066185456260e-02 -1.480911130237035911e+00 7.494056482302886568e-01 -1.580719804954205665e-01
6.526006881717516528e-01 7.958407505520918024e-01 -3.243611812001285233e-01 -2.154539463231715246e-01 -3.896811510911255549e-01 -3.410636546715123396e-01 7.509967584838649068e-02 -1.431688137400411120e+00 6.681870260825285568e-01 -2.927614243634147906e-01
6.526139956354437555e-01 7.958209151810751170e-01 -3.243509111704286907e-01 -2.421659286335101913e-01 -4.245732277513086239e-01 -3.959012782916956907e-01 9.920262444528091250e-02 -1.641600579515980485e+00 7.411454935384801379e-01 -2.517562619538988855e-01
6.526258542747347402e-01 7.958529225362866999e-01 -3.243692804800139551e-01 2.157341017979905878e-02 -4.528892533969048895e-01 -2.818757511877952315e-01 8.115996510837769629e-02 -1.658430672188337063e+00 1.862380100999033727e-01 -8.137165728379484042e-01
6.526167451730269242e-01 7.958333505909550576e-01 -3.244030320970844317e-01 2.217533627943653052e-01 -5.619040185605826965e-01 -2.482631176177248766e-01 -3.491412106040100993e-02 -1.788014160943492081e+00 -3.308235507978213863e-01 -8.977063252818360262e-01
6.525858208724095721e-01 7.958452394707944411e-01 -3.245375434881349053e-01 3.317070253603205399e-01 -3.979129240201323414e-01 -9.046736393444770874e-02 -3.220068877508089344e-02 -1.229868636443538499e+00 -5.835771453672206066e-01 -1.041265291272229110e+00
6.526093479735255443e-01 7.957960820657808965e-01 -3.244452727091810540e-01 -1.434109798837678862e-01 -4.309540796498104731e-01 -3.381805464229931668e-01 1.763305696671322587e-01 -1.688672595753587524e+00 6.930691941182977045e-01 -1.015897921175401120e+00
6.530751560816319135e-01 7.960391554941642633e-01 -3.222042945957796500e-01 -9.546112015309695664e-01 -1.595854619529972485e-01 -5.730796861977578427e-01 5.892283357782950315e-01 -1.590734574964459691e+00 2.844072747711220206e+00 -1.088101989210193521e+00
6.528286328668178040e-01 7.969990980288069737e-01 -3.150265620446304204e-01 -2.050132128706369627e+00 1.381226912799143003e+00 -1.016908297431327046e-01 1.031090377697649885e+00 2.637158794135805007e+00 5.494263213058014905e+00 2.455106659063553964e-01
6.490238731577712139e-01 7.984284635433726018e-01 -3.098980205234190266e-01 -2.135941503290604615e+00 2.947853739029357101e+00 8.130327816121213358e-01 1.262170194844210336e+00 7.276714295059198534e+00 5.346657898746633109e+00 1.244776567211376639e+00
6.456156700510697899e-01 7.996814823143616469e-01 -3.079769372152971751e-01 -2.408380057929129681e+00 3.846667076979041866e+00 1.124865527654009156e+00 1.716475138935608546e+00 8.905420970385810264e+00 5.733322867129987621e+00 1.693061392118765163e+00
6.434780005816937987e-01 8.004815611520876839e-01 -3.074662668999219584e-01 -2.079245767226191255e+00 3.732875877691139266e+00 1.178717442296038476e+00 1.456481752566887389e+00 8.738169400977431778e+00 4.710868058002233738e+00 2.087763689294787284e+00
6.356740794346118495e-01 8.038923651185151398e-01 -3.055179411374302489e-01 -2.625821288023694411e+00 3.011518426605844567e+00 5.928917791463121922e-01 1.564018780317353530e+00 6.149814634120244428e+00 5.993606139560095691e+00 1.896783303187520975e+00
6.331146703930710107e-01 8.050140879750945500e-01 -3.042125034707783282e-01 -2.412879142323228088e+00 3.226365548588716159e+00 7.971838800537149883e-01 1.579058486111595050e+00 6.655793042059816145e+00 5.496117600747655985e+00 1.439137725076881758e+00
6.293323511961080863e-01 8.070456730515975785e-01 -3.039585663858628828e-01 -1.354814116419481351e+00 1.655716778793717925e+00 4.936530792469855378e-01 6.005967987068258074e-01 4.046682404015627732e+00 2.904752598631263893e+00 1.885983872051999910e+00
6.289263275662179131e-01 8.073683066017319776e-01 -3.040765167895638221e-01 -1.298523753661884106e+00 1.177926674363096726e+00 2.612868242109693817e-01 5.615535503576767340e-01 2.671114458160781524e+00 2.726653093256302007e+00 1.632771928706087117e+00
6.296755066159364089e-01 8.067077211221352906e-01 -3.047891568411716379e-01 -6.804585000543441620e-01 1.162384862190958545e-01 -1.325962104890067716e-01 1.051683108781941434e-01 2.675847170934904651e-01 1.131872593826914297e+00 1.544659917200247090e+00
6.308219850398510964e-01 8.055132175738952682e-01 -3.050143269695516635e-01 -7.604756537763218693e-01 2.058407088996918044e-01 -9.662115833659862263e-02 1.341626357043722850e-01 4.856515931422425436e-01 1.298589642394183619e+00 1.697749558128005987e+00
6.339760765279769394e-01 8.015177978204109932e-01 -3.056344151335417259e-01 -3.581931415925312945e-01 -1.687764481306750497e-01 -2.326366836445769581e-01 -4.708724989148294071e-02 -5.054562623117452302e-01 5.970474563649166289e-01 1.154939212839358298e+00
6.350559910623038151e-01 7.998801867953163613e-01 -3.058662268942891060e-01 -1.792710305388899306e-01 -2.950531664503194262e-01 -2.545715443045178938e-01 -1.464559440068977370e-01 -7.110836047819825145e-01 2.006203053831204508e-01 1.186433836177141155e+00
6.362749758773946773e-01 7.978349207459521919e-01 -3.059652116067377303e-01 -3.890153739533215305e-01 -8.868172325075432405e-02 -1.688242305038910318e-01 1.289752206819457653e-02 -2.795698751801962700e-01 7.758681866784887804e-01 9.396248150905052166e-01
6.367723654834775981e-01 7.968769227504213237e-01 -3.060123054386560959e-01 -3.118972459937778829e-01 4.155491919285014824e-02 -6.424451034524590598e-02 -2.712596801492055121e-02 1.609911660762379237e-01 5.852525461757775993e-01 1.040007295179513847e+00
6.373335531388439890e-01 7.958932353597326648e-01 -3.060412341480077680e-01 -3.662806228079907300e-01 -5.651616808864199371e-01 -4.827436844106320346e-01 -1.654217642915244979e-01 -1.523392128533929135e+00 5.687819961246088907e-01 1.443840827212498290e+00
6.374271180341301024e-01 7.957509274993652681e-01 -3.059830589013513569e-01 -4.332026386121400341e-01 -3.595258388418998141e-01 -4.098205626905045418e-01 -7.156741983358932968e-02 -1.056696727202111497e+00 8.902208713779411475e-01 1.275752464247080553e+00
6.374922930418711609e-01 7.957293031960288587e-01 -3.057379896094855054e-01 -4.294262442663546175e-01 -3.608505965480638955e-01 -4.297039903199326716e-01 1.889812006788721410e-02 -1.222444446703008891e+00 9.723547537864579704e-01 8.075978472104651251e-01
6.375058751472131302e-01 7.957518931090248326e-01 -3.055965213222529009e-01 -4.810715432275190495e-01 -2.393010440072981526e-01 -3.631969285884864562e-01 7.171122493823998967e-02 -9.177474790836693819e-01 1.076980897181913699e+00 6.805999710771412081e-01
6.375137932059735668e-01 7.957549463871552708e-01 -3.055346210493655734e-01 -5.067714339555230429e-01 -2.397429865493415357e-01 -3.769505129561703249e-01 9.835240130175083861e-02 -9.850879306733854035e-01 1.182266297107576580e+00 5.699367850600458585e-01
6.375405173453957408e-01 7.957274678641892418e-01 -3.054413976089306870e-01 -4.701752539096966110e-01 -3.945052096528120500e-01 -4.143908511631860248e-01 3.320484458057129662e-02 -1.282683989427856774e+00 1.041456112352850294e+00 5.271797061820265862e-01
6.375482531488297910e-01 7.957184202178045895e-01 -3.054329115716267196e-01 -4.557112535236128026e-01 -4.191962817497177918e-01 -4.292429287138527227e-01 2.423095690373799904e-02 -1.361829123958682164e+00 1.013932105992684907e+00 5.077460417607960741e-01
6.375861388367858318e-01 7.956580947291872485e-01 -3.054524561190261056e-01 -2.604683388397837640e-01 -3.689567677092012721e-01 -3.221823858078422531e-01 -6.976009538863930937e-04 -1.181532648260283702e+00 5.842070423060653495e-01 2.892380093334076530e-01
6.376779175109652531e-01 7.954979096102758884e-01 -3.054809780842887568e-01 -1.330681550013352310e-01 -4.894109634224886873e-01 -3.208923108251457434e-01 -8.130368290926723307e-02 -1.357818999361039891e+00 2.447649133092456297e-01 3.453696077611959070e-01
6.378382335498906652e-01 7.952374660830355824e-01 -3.054902549877225315e-01 -1.890642522699106653e-01 -6.957187802384838804e-01 -4.901070741503567030e-01 -8.619684913196623555e-02 -2.066602813905389802e+00 3.819707976052886256e-01 4.525412778474333653e-01
6.385517984992877816e-01 7.943116459860305456e-01 -3.055797467201324391e-01 -1.956994722772796846e-01 -8.404587647944471440e-01 -5.773185738076984652e-01 -7.821218598167070657e-02 -2.593952755391605969e+00 4.096309674033811188e-01 3.452249099211658345e-01
6.390594048950803963e-01 7.936805541580308487e-01 -3.056585895148414833e-01 -1.477307623534153402e-01 -8.149273999319909256e-01 -5.335676950990668743e-01 -8.080872424061349979e-02 -2.494131373721694356e+00 3.075670370800809295e-01 2.742927632894079371e-01
6.396375581629005769e-01 7.928363320957694249e-01 -3.057465338639953067e-01 -9.495614078125698410e-02 -7.576885559932406977e-01 -4.446300529476618912e-01 -1.123002155435120775e-01 -2.195949836766704966e+00 1.617146799965600290e-01 2.252946772443080725e-01
6.403990135268172734e-01 7.922494725128503834e-01 -3.058949677106548304e-01 7.060051264565621321e-02 -9.263555381967446545e-01 -4.574356077388676001e-01 -1.620916330413793849e-01 -2.669373035655722592e+00 -2.783935667529083280e-01 1.097239967967238022e-01
6.424893956719340826e-01 7.914837897686342050e-01 -3.066264475049834126e-01 4.338193660131987595e-01 -1.703566035418435876e+00 -6.275307099467145600e-01 -3.945895085366576405e-01 -4.577430577097093334e+00 -1.249188964269838609e+00 -1.563956908640723731e-01
6.451993547073902047e-01 7.903373420430204188e-01 -3.073006782375100054e-01 5.094675424365279204e-01 -1.739228319893963537e+00 -6.323681505026869099e-01 -3.406497686915444523e-01 -4.913138574834706951e+00 -1.430110951494210747e+00 -4.785871931006821511e-01
6.497742699876436490e-01 7.882436575097443443e-01 -3.086424884511139721e-01 1.038293137847532410e+00 -2.353636444521830740e+00 -5.969960815903679885e-01 -7.613752011147233434e-01 -5.695431997710251437e+00 -2.672599181688186665e+00 -7.286074643119722083e-01
6.598205118925170032e-01 7.847292912807932730e-01 -3.134772697418519716e-01 2.579067427876212903e+00 -4.271974780715202868e+00 -1.031744180823900514e+00 -1.564868958924427345e+00 -9.966415005157832852e+00 -6.869635944846376852e+00 -1.190736911939149767e+00
6.678830368120646233e-01 7.818716096295170725e-01 -3.178205043493659288e-01 2.970781853468947631e+00 -5.095348165406397456e+00 -1.329141712964152733e+00 -1.769639952441207864e+00 -1.201747146152099432e+01 -7.468758725760170414e+00 -2.225191670514279796e+00
6.775289065488646623e-01 7.791822448049338101e-01 -3.223637633165982175e-01 3.408256248130261401e+00 -5.798865871961526253e+00 -1.574221032668180698e+00 -1.568332525924673204e+00 -1.476923071032899237e+01 -8.328514111095918437e+00 -4.365453307453812215e+00
6.887644786277384856e-01 7.787268050475191217e-01 -3.266711437445615207e-01 4.124441763435338970e+00 -6.415432484306734295e+00 -1.608676437739050336e+00 -1.454002156595349149e+00 -1.715710844292246762e+01 -1.025165849087335523e+01 -6.462041689777628051e+00
7.004373618954384817e-01 7.793679964693459583e-01 -3.321992804502105767e-01 4.725149253891273382e+00 -6.655630746500703410e+00 -1.405552332385474834e+00 -1.671667509789743100e+00 -1.730925827044068299e+01 -1.180750150126024245e+01 -7.205862425623071665e+00
7.041850871030959080e-01 7.797500419104665959e-01 -3.344725907394011655e-01 5.219367082745010933e+00 -6.878216264094774601e+00 -1.204769816947467209e+00 -1.897894991015797617e+00 -1.755217506140113315e+01 -1.252108411356440065e+01 -8.329892497111638150e+00
7.196165938527078199e-01 7.800326209922298082e-01 -3.463251055128288014e-01 6.440823244465588182e+00 -8.100971084908522357e+00 -1.157706822293018689e+00 -2.941109543414651029e+00 -1.823602512024214661e+01 -1.601531776694969622e+01 -7.777318110416207020e+00
7.307565063846492848e-01 7.789475924434422494e-01 -3.568981890776453114e-01 7.002317374913381798e+00 -8.513443243398997495e+00 -1.246544290543163847e+00 -3.300892723291273256e+00 -1.866992896161629645e+01 -1.691766237257130356e+01 -8.413650286575181880e+00
7.417480954976103380e-01 7.775683190944431278e-01 -3.680806532307601131e-01 7.362389716813653173e+00 -8.192537898042809630e+00 -1.034668894967958330e+00 -3.155070773546200691e+00 -1.816508270005007120e+01 -1.785378471585349303e+01 -9.569842003824376775e+00
7.591459282918658902e-01 7.748733062315457110e-01 -3.868072104396628741e-01 7.279004256921105309e+00 -8.163291663157938416e+00 -1.158304038993204443e+00 -2.858975818191316520e+00 -1.830732558290582546e+01 -1.912172264402634525e+01 -9.597572401276835308e+00
7.717582134832327023e-01 7.729838862340163708e-01 -4.017671801430502954e-01 7.167128910316632684e+00 -7.950207021815309361e+00 -1.203903320083564488e+00 -2.273577587145738654e+00 -1.836710335898336410e+01 -2.069092516332811016e+01 -1.070053214146399156e+01
7.769947170285322890e-01 7.726913326671128734e-01 -4.090854512310514446e-01 6.177438151794644838e+00 -6.674746884526623347e+00 -1.122107553984558859e+00 -8.509470026019889666e-01 -1.778279258287466291e+01 -2.042494946506938902e+01 -1.168688051648450887e+01
7.841793783532327033e-01 7.738853930249948165e-01 -4.199277894640548459e-01 7.300654820127300049e+00 -7.162323070916651879e+00 -1.124040179435382036e+00 -1.500081908635735095e+00 -1.832837347798195893e+01 -2.249247386221190226e+01 -1.187955690169940404e+01
8.114641447707132693e-01 7.799068374450679464e-01 -4.833632084969333720e-01 8.616013988953419300e+00 -7.618976298357880594e+00 -7.994128862743767883e-01 -2.440034134459226234e+00 -1.696921244550972219e+01 -2.592308603733229688e+01 -1.224318159364120362e+01
8.128800556989359549e-01 7.800258621389863922e-01 -4.879798190866035945e-01 7.901879037828538621e+00 -7.389974095879614957e+00 -9.432015783685780974e-01 -1.817827108747574139e+00 -1.705965937665492405e+01 -2.609022770726079088e+01 -1.250846297842440791e+01
8.200993775958397292e-01 7.798516619187002563e-01 -5.121774744199085738e-01 7.751946416988919175e+00 -7.176553483550359047e+00 -1.089394654637410476e+00 -1.203814501963689221e+00 -1.691358292808917341e+01 -2.759108960794819865e+01 -1.318732038083946811e+01
8.234239796650164589e-01 7.805777893212783036e-01 -5.321198369747139889e-01 8.214848023021829704e+00 -7.012959043147601434e+00 -1.044817075487969760e+00 -1.655600753620433574e+00 -1.527138827561440237e+01 -2.764782358725605249e+01 -1.333192008381419846e+01
8.245358597027916403e-01 7.815379588759642226e-01 -5.416879978201806223e-01 8.295179169968996291e+00 -6.996767150340592600e+00 -1.173303636763329827e+00 -2.009835401761488782e+00 -1.430083516495533225e+01 -2.698716834113563223e+01 -1.332057068068874450e+01
8.254540487412520555e-01 7.825469675575950079e-01 -5.512287000019132632e-01 7.570181989935578670e+00 -5.978605064573653927e+00 -2.329239809189647570e+00 3.146006747129082015e-02 -1.398866962307137918e+01 -2.860432919604989266e+01 -1.229626920984626359e+01
8.258710643199141943e-01 7.829836667165608333e-01 -5.560274649879002329e-01 7.957296240346617644e+00 -5.903942323851072871e+00 -3.102469746522096283e+00 7.905822371150872385e-02 -1.437792043250184726e+01 -2.833053747454913562e+01 -1.240224981133152227e+01
8.265561504785989833e-01 7.834511158382353457e-01 -5.812127259219997955e-01 1.080246787700449218e+01 -7.292983580676565936e+00 -3.874659641275742139e+00 -3.417304431440169932e+00 -1.333357442379969626e+01 -2.985578199977921443e+01 -1.179647293550272025e+01
8.272420254598862321e-01 7.844656685627158232e-01 -6.008744707051099088e-01 1.087400318056384840e+01 -7.544133713100259264e+00 -3.055895125490875497e+00 -4.318426599369806773e+00 -1.310601015444881945e+01 -2.850774385832566438e+01 -1.256831309563285615e+01
8.282994133081534871e-01 7.855812506210657631e-01 -6.096913431148052176e-01 1.072980931364578439e+01 -8.884730533933073104e+00 -2.022682135762915223e+00 -4.867180247991800712e+00 -1.391331719838344760e+01 -2.908788528241530003e+01 -1.343985868696007557e+01
8.292356586110737338e-01 7.872410086335722701e-01 -6.231685482632777218e-01 8.611026547021833011e+00 -9.859949127847885464e+00 3.820354193630088879e-01 -4.362009671060135929e+00 -1.448578106152354472e+01 -2.972755640355412154e+01 -1.283800591607829666e+01
8.300339591173061526e-01 7.893677211716281228e-01 -6.392987103423682926e-01 6.661977552883938891e+00 -8.733784484890973587e+00 2.300276606926940026e+00 -4.012445464801920103e+00 -1.041933994729361679e+01 -2.602711772651976929e+01 -1.247623721649172346e+01
8.301438514791013024e-01 7.904664462504653599e-01 -6.451656667393150801e-01 4.750442621887856376e+00 -8.919529445482046626e+00 2.970625111933244078e+00 -3.496841718393921550e+00 -1.023363146493143994e+01 -2.341606288831524907e+01 -1.277062933892764640e+01
8.311880738851241679e-01 7.913574442717955515e-01 -6.507619140900942067e-01 2.536320132308670594e+00 -7.915670760757185676e+00 1.786489971591572301e+00 -2.520526751167680324e+00 -1.061011184640469374e+01 -1.740773045245571282e+01 -9.783729367374435881e+00
8.329988372257759455e-01 7.910764700144196082e-01 -6.497762649330599549e-01 1.850747626625349529e+00 -5.627954323513953305e+00 1.572397684709271770e+00 -1.530802875313507005e+00 -7.761538869659966977e+00 -1.351361252522634970e+01 -9.066124077655560498e+00
8.331447298634441223e-01 7.919531439504927661e-01 -6.499991706133685376e-01 2.319484630434403005e+00 -5.598748874222569505e+00 1.717408970637074983e+00 -2.423172909921639473e+00 -4.360602515474510277e+00 -1.522523696475383126e+01 -8.540396192541168219e+00
8.300944107435080932e-01 7.954688442399204806e-01 -6.552014417000402435e-01 2.430033210037532143e+00 -4.551977011376513005e+00 1.740015006042766377e+00 -2.695938050267629116e+00 -1.124013609321166784e+00 -1.391741623385968829e+01 -6.940333837736914369e+00
7.588760315345823848e-01 7.928325987256057417e-01 -8.230915916115411068e-01 1.684095780837651102e+00 -5.275897019623884354e+00 6.833353249658611350e-01 -2.951463550685009984e+00 -1.856863327083223991e+00 -1.522612197978801518e+01 -3.225944537669147127e+00
7.027382098595662541e-01 7.825327679037559214e-01 -9.131410924025114006e-01 7.712566471065439577e-01 -3.328952294074304596e+00 1.911304913525331273e-01 -2.175049452690604568e+00 1.237992009484953249e+00 -1.059357204228670390e+01 -1.123650675563941492e+00
7.022048260348926485e-01 7.868216243537187182e-01 -9.233505955187800707e-01 2.443879895862345608e-02 1.152213393872878244e+00 5.778260041096501265e-01 8.391647915287926418e-01 -6.760222319723067086e-01 4.007237756073604551e+00 -2.394944124624575288e+00
7.081272064339443340e-01 7.888109056059575686e-01 -9.145139491396191422e-01 -2.739173017875165539e-02 1.926736523431874959e+00 5.130416262751781309e-01 1.560319447261155457e+00 -7.177566849970451468e-01 7.874230564488541084e+00 -3.132232924647813999e+00
7.107075594959777476e-01 7.899224594480774853e-01 -9.105836573210672746e-01 -7.895222153790595887e-02 1.401896533136024914e+00 2.058549401712445603e-01 1.788209416410514674e+00 -1.112360266156483091e+00 8.620725307686068817e+00 -3.392172262966808294e+00
7.397188281372762964e-01 8.185283456781760059e-01 -7.244508430285301337e-01 3.327807201111765423e+00 -9.141780744575164208e-01 3.504731432655472378e+00 5.197827295438195438e-01 -8.220002045417064807e+00 -4.728191921479884208e+00 -2.884729429634858278e+01
7.317493319511585437e-01 9.188128495886934699e-01 -6.854782081294586993e-01 0.000000000000000000e+00 0.000000000000000000e+00 0.000000000000000000e+00 0.000000000000000000e+00 0.000000000000000000e+00 0.000000000000000000e+00 0.000000000000000000e+00
7.317963641880802506e-01 9.233297173046709494e-01 -6.826979677724064333e-01 0.000000000000000000e+00 0.000000000000000000e+00 0.000000000000000000e+00 0.000000000000000000e+00 0.000000000000000000e+00 0.000000000000000000e+00 0.000000000000000000e+00
7.322377966814055394e-01 9.320950353845037784e-01 -6.775327410804933281e-01 0.000000000000000000e+00 0.000000000000000000e+00 0.000000000000000000e+00 0.000000000000000000e+00 0.000000000000000000e+00 0.000000000000000000e+00 0.000000000000000000e+00
7.332123021843675037e-01 9.521969041526259225e-01 -6.655208217124959358e-01 0.000000000000000000e+00 0.000000000000000000e+00 0.000000000000000000e+00 0.000000000000000000e+00 0.000000000000000000e+00 0.000000000000000000e+00 0.000000000000000000e+00
7.333967751757258791e-01 9.602623289667017170e-01 -6.611322705893739604e-01 0.000000000000000000e+00 0.000000000000000000e+00 0.000000000000000000e+00 0.000000000000000000e+00 0.000000000000000000e+00 0.000000000000000000e+00 0.000000000000000000e+00
7.326622797174178192e-01 9.767260611618465704e-01 -6.527431997042021372e-01 0.000000000000000000e+00 0.000000000000000000e+00 0.000000000000000000e+00 0.000000000000000000e+00 0.000000000000000000e+00 0.000000000000000000e+00 0.000000000000000000e+00
7.310030978876793650e-01 9.889964949655772886e-01 -6.467959390070361358e-01 0.000000000000000000e+00 0.000000000000000000e+00 0.000000000000000000e+00 0.000000000000000000e+00 0.000000000000000000e+00 0.000000000000000000e+00 0.000000000000000000e+00
7.304472768668821558e-01 9.928480694178045685e-01 -6.448410313307376684e-01 0.000000000000000000e+00 0.000000000000000000e+00 0.000000000000000000e+00 0.000000000000000000e+00 0.000000000000000000e+00 0.000000000000000000e+00 0.000000000000000000e+00
7.279251585093333698e-01 1.007531077664930219e+00 -6.357110730149896360e-01 0.000000000000000000e+00 0.000000000000000000e+00 0.000000000000000000e+00 0.000000000000000000e+00 0.000000000000000000e+00 0.000000000000000000e+00 0.000000000000000000e+00
7.286253724529806464e-01 1.006936303388827225e+00 -6.344718549250324413e-01 0.000000000000000000e+00 0.000000000000000000e+00 0.000000000000000000e+00 0.000000000000000000e+00 0.000000000000000000e+00 0.000000000000000000e+00 0.000000000000000000e+00
7.340150793533952722e-01 1.005841137407495811e+00 -6.273568698693546830e-01 0.000000000000000000e+00 0.000000000000000000e+00 0.000000000000000000e+00 0.000000000000000000e+00 0.000000000000000000e+00 0.000000000000000000e+00 0.000000000000000000e+00
7.777437748662500150e-01 1.030781944454622678e+00 -5.151898702527882845e-01 0.000000000000000000e+00 0.000000000000000000e+00 0.000000000000000000e+00 0.000000000000000000e+00 0.000000000000000000e+00 0.000000000000000000e+00 0.000000000000000000e+00
7.795598803296202028e-01 1.031592813064296177e+00 -5.104945582928561709e-01 0.000000000000000000e+00 0.000000000000000000e+00 0.000000000000000000e+00 0.000000000000000000e+00 0.000000000000000000e+00 0.000000000000000000e+00 0.000000000000000000e+00
7.844198740645205170e-01 1.033180794091318688e+00 -4.989266230415984049e-01 0.000000000000000000e+00 0.000000000000000000e+00 0.000000000000000000e+00 0.000000000000000000e+00 0.000000000000000000e+00 0.000000000000000000e+00 0.000000000000000000e+00
7.885951871559859772e-01 1.035060334360052847e+00 -4.873340916154432212e-01 0.000000000000000000e+00 0.000000000000000000e+00 0.000000000000000000e+00 0.000000000000000000e+00 0.000000000000000000e+00 0.000000000000000000e+00 0.000000000000000000e+00
7.919609727721033110e-01 1.035677878234810834e+00 -4.777160889795598608e-01 0.000000000000000000e+00 0.000000000000000000e+00 0.000000000000000000e+00 0.000000000000000000e+00 0.000000000000000000e+00 0.000000000000000000e+00 0.000000000000000000e+00
7.934198883524428147e-01 1.035619849572440909e+00 -4.709923234754124222e-01 0.000000000000000000e+00 0.000000000000000000e+00 0.000000000000000000e+00 0.000000000000000000e+00 0.000000000000000000e+00 0.000000000000000000e+00 0.000000000000000000e+00
7.979919409734169689e-01 1.034919094670457174e+00 -4.567810478777252214e-01 0.000000000000000000e+00 0.000000000000000000e+00 0.000000000000000000e+00 0.000000000000000000e+00 0.000000000000000000e+00 0.000000000000000000e+00 0.000000000000000000e+00
8.003391872529298512e-01 1.035438253691874699e+00 -4.453225872648801653e-01 0.000000000000000000e+00 0.000000000000000000e+00 0.000000000000000000e+00 0.000000000000000000e+00 0.000000000000000000e+00 0.000000000000000000e+00 0.000000000000000000e+00
8.015977217306025082e-01 1.036267243849596120e+00 -4.376104275003742661e-01 0.000000000000000000e+00 0.000000000000000000e+00 0.000000000000000000e+00 0.000000000000000000e+00 0.000000000000000000e+00 0.000000000000000000e+00 0.000000000000000000e+00
8.039066337842543097e-01 1.038594635060246851e+00 -4.159029956225847036e-01 0.000000000000000000e+00 0.000000000000000000e+00 0.000000000000000000e+00 0.000000000000000000e+00 0.000000000000000000e+00 0.000000000000000000e+00 0.000000000000000000e+00
8.052154460432966454e-01 1.038972615232250707e+00 -4.079295166256344252e-01 0.000000000000000000e+00 0.000000000000000000e+00 0.000000000000000000e+00 0.000000000000000000e+00 0.000000000000000000e+00 0.000000000000000000e+00 0.000000000000000000e+00
8.071300979355420235e-01 1.039031810284990254e+00 -3.964820572605290971e-01 0.000000000000000000e+00 0.000000000000000000e+00 0.000000000000000000e+00 0.000000000000000000e+00 0.000000000000000000e+00 0.000000000000000000e+00 0.000000000000000000e+00
8.088362106732328582e-01 1.038869322598147349e+00 -3.847399163946211842e-01 0.000000000000000000e+00 0.000000000000000000e+00 0.000000000000000000e+00 0.000000000000000000e+00 0.000000000000000000e+00 0.000000000000000000e+00 0.000000000000000000e+00
8.103549549420850928e-01 1.038355268635392292e+00 -3.732251057518688464e-01 0.000000000000000000e+00 0.000000000000000000e+00 0.000000000000000000e+00 0.000000000000000000e+00 0.000000000000000000e+00 0.000000000000000000e+00 0.000000000000000000e+00
8.118535094918297723e-01 1.037057647025077634e+00 -3.620496423590627844e-01 0.000000000000000000e+00 0.000000000000000000e+00 0.000000000000000000e+00 0.000000000000000000e+00 0.000000000000000000e+00 0.000000000000000000e+00 0.000000000000000000e+00
8.128792513099881711e-01 1.036194780456464626e+00 -3.551580499097589660e-01 0.000000000000000000e+00 0.000000000000000000e+00 0.000000000000000000e+00 0.000000000000000000e+00 0.000000000000000000e+00 0.000000000000000000e+00 0.000000000000000000e+00
8.147581344692541583e-01 1.034614261183754991e+00 -3.411994576630051901e-01 0.000000000000000000e+00 0.000000000000000000e+00 0.000000000000000000e+00 0.000000000000000000e+00 0.000000000000000000e+00 0.000000000000000000e+00 0.000000000000000000e+00
8.149726275326104608e-01 1.033509571765513169e+00 -3.343905007544335506e-01 0.000000000000000000e+00 0.000000000000000000e+00 0.000000000000000000e+00 0.000000000000000000e+00 0.000000000000000000e+00 0.000000000000000000e+00 0.000000000000000000e+00
8.151230163009538510e-01 1.030468379454771544e+00 -3.221887510124014642e-01 0.000000000000000000e+00 0.000000000000000000e+00 0.000000000000000000e+00 0.000000000000000000e+00 0.000000000000000000e+00 0.000000000000000000e+00 0.000000000000000000e+00
8.160546877917375097e-01 1.026434745700592233e+00 -3.144286152915448662e-01 0.000000000000000000e+00 0.000000000000000000e+00 0.000000000000000000e+00 0.000000000000000000e+00 0.000000000000000000e+00 0.000000000000000000e+00 0.000000000000000000e+00
8.177191778968178060e-01 1.020701405763160707e+00 -3.091681633714055133e-01 0.000000000000000000e+00 0.000000000000000000e+00 0.000000000000000000e+00 0.000000000000000000e+00 0.000000000000000000e+00 0.000000000000000000e+00 0.000000000000000000e+00
8.186918627618186006e-01 1.018502001401671020e+00 -3.081732902457914314e-01 0.000000000000000000e+00 0.000000000000000000e+00 0.000000000000000000e+00 0.000000000000000000e+00 0.000000000000000000e+00 0.000000000000000000e+00 0.000000000000000000e+00
8.242161225756120535e-01 1.007202026274082396e+00 -3.069395641107111050e-01 0.000000000000000000e+00 0.000000000000000000e+00 0.000000000000000000e+00 0.000000000000000000e+00 0.000000000000000000e+00 0.000000000000000000e+00 0.000000000000000000e+00
8.276004445527636033e-01 1.000572768646513122e+00 -3.070625392721868518e-01 0.000000000000000000e+00 0.000000000000000000e+00 0.000000000000000000e+00 0.000000000000000000e+00 0.000000000000000000e+00 0.000000000000000000e+00 0.000000000000000000e+00
8.348387445960895326e-01 9.877776532251698605e-01 -3.059915317272904334e-01 0.000000000000000000e+00 0.000000000000000000e+00 0.000000000000000000e+00 0.000000000000000000e+00 0.000000000000000000e+00 0.000000000000000000e+00 0.000000000000000000e+00
8.398871067028037540e-01 9.784712914146986851e-01 -3.052038636079449363e-01 0.000000000000000000e+00 0.000000000000000000e+00 0.000000000000000000e+00 0.000000000000000000e+00 0.000000000000000000e+00 0.000000000000000000e+00 0.000000000000000000e+00
8.427218687557813670e-01 9.723693693784821734e-01 -3.048781862431817480e-01 0.000000000000000000e+00 0.000000000000000000e+00 0.000000000000000000e+00 0.000000000000000000e+00 0.000000000000000000e+00 0.000000000000000000e+00 0.000000000000000000e+00
8.478782406418389206e-01 9.599574832976766059e-01 -3.051631740330748577e-01 0.000000000000000000e+00 0.000000000000000000e+00 0.000000000000000000e+00 0.000000000000000000e+00 0.000000000000000000e+00 0.000000000000000000e+00 0.000000000000000000e+00
8.492406202142293026e-01 9.568445167595732714e-01 -3.052043861016057735e-01 0.000000000000000000e+00 0.000000000000000000e+00 0.000000000000000000e+00 0.000000000000000000e+00 0.000000000000000000e+00 0.000000000000000000e+00 0.000000000000000000e+00
8.557493412993082416e-01 9.408484129749855596e-01 -3.058417159982865785e-01 0.000000000000000000e+00 0.000000000000000000e+00 0.000000000000000000e+00 0.000000000000000000e+00 0.000000000000000000e+00 0.000000000000000000e+00 0.000000000000000000e+00
8.612360553797042684e-01 9.269097598247734160e-01 -3.069334068531442972e-01 0.000000000000000000e+00 0.000000000000000000e+00 0.000000000000000000e+00 0.000000000000000000e+00 0.000000000000000000e+00 0.000000000000000000e+00 0.000000000000000000e+00
8.646880978285667041e-01 9.184591454851299686e-01 -3.077230997981161287e-01 0.000000000000000000e+00 0.000000000000000000e+00 0.000000000000000000e+00 0.000000000000000000e+00 0.000000000000000000e+00 0.000000000000000000e+00 0.000000000000000000e+00
8.712692176904144326e-01 9.033851312466615324e-01 -3.085559286027840242e-01 0.000000000000000000e+00 0.000000000000000000e+00 0.000000000000000000e+00 0.000000000000000000e+00 0.000000000000000000e+00 0.000000000000000000e+00 0.000000000000000000e+00
8.730242409893439470e-01 8.993923958644437500e-01 -3.087636576241318265e-01 0.000000000000000000e+00 0.000000000000000000e+00 0.000000000000000000e+00 0.000000000000000000e+00 0.000000000000000000e+00 0.000000000000000000e+00 0.000000000000000000e+00
8.774437859341641666e-01 8.884397578786961125e-01 -3.094689982165873543e-01 0.000000000000000000e+00 0.000000000000000000e+00 0.000000000000000000e+00 0.000000000000000000e+00 0.000000000000000000e+00 0.000000000000000000e+00 0.000000000000000000e+00
8.814775669754300047e-01 8.770751176460167553e-01 -3.104589087584053164e-01 0.000000000000000000e+00 0.000000000000000000e+00 0.000000000000000000e+00 0.000000000000000000e+00 0.000000000000000000e+00 0.000000000000000000e+00 0.000000000000000000e+00
8.870748598320903344e-01 8.603642453963145087e-01 -3.115031479555735450e-01 -3.951420542100857691e+00 -2.449255513040432319e+00 -1.664362938684217363e+00 -6.485067882288821917e-01 1.881239866779419012e+00 2.568306196244020345e+00 2.236276835010079722e+01
8.896979577429593444e-01 8.516171163010382017e-01 -3.120211282955686061e-01 -3.638346806878841821e+00 -2.651157262532896741e+00 -1.578906703081615071e+00 -7.806130016392965887e-01 2.524384713926324686e+00 2.307559170314627650e+00 2.257245156874529712e+01
8.931559568014461048e-01 8.388751132453532433e-01 -3.134671904873905235e-01 -3.271846375553801867e+00 -2.214707098902390925e+00 -1.350567812400145673e+00 -9.358708433876717914e-01 2.906671399636988173e+00 1.743764660533865918e+00 2.148394255213539239e+01
8.967893042980288332e-01 8.228748086963557640e-01 -3.160611707531080228e-01 -2.761171166597105042e+00 -2.178924229583069749e+00 -1.714485012870022640e+00 -1.566190246069598668e+00 3.359646185381586214e+00 1.672447771370028091e+00 2.186507386820397514e+01
8.986884981087338575e-01 8.149704513761849567e-01 -3.173569616531037862e-01 -3.449753366704124247e+00 -2.364644904307319884e+00 -1.681868841579657214e+00 -1.025554426690971299e+00 2.556127142041267231e+00 1.280482341169948413e+00 2.193670424706134980e+01
9.016074130674930354e-01 8.024652142208835714e-01 -3.197105663917892970e-01 -3.405241444648120730e+00 -2.581702108602495382e+00 -1.771528804030836790e+00 -1.094674118034717702e+00 2.368226936343843292e+00 1.204474340537368571e+00 2.235934197128760914e+01
9.098868019476735736e-01 7.550677611626032126e-01 -3.291389882878554829e-01 -3.348313197925424589e+00 -1.652091632305459523e+00 -1.209143837380802555e+00 -7.818914264235915512e-01 4.533012458467457151e+00 1.099106129638044882e+00 2.126063368170950341e+01
9.103677240840672980e-01 7.512219637032448993e-01 -3.299733649323191575e-01 -3.891507226366397454e+00 -2.135983616202492108e+00 -1.188527206904310018e+00 -3.883018475727907370e-01 3.153480949489323226e+00 7.608359208301173071e-01 2.152250613226549092e+01
9.120047819021319668e-01 7.358054706697982894e-01 -3.344027570004604599e-01 -4.791785749543969963e+00 -1.926321564524020147e+00 -9.317221646566347104e-01 2.590764823096153857e-01 3.312833602310961911e+00 -9.509054737965427773e-02 2.174700007961102344e+01
9.122821669883314222e-01 7.318401117568195113e-01 -3.355798573216309810e-01 -4.525433263564668351e+00 -2.117820328444286027e+00 -1.151796074596371344e+00 7.930596420770860688e-03 3.123040520001006293e+00 -1.552781420097530674e-01 2.166001707614378091e+01
9.131518541339196382e-01 7.139898690303864148e-01 -3.415136948071727518e-01 -4.376357703194961424e+00 -2.274769029125598419e+00 -1.141667702214490987e+00 -2.811103273462351448e-01 3.789449703529166325e+00 -6.724480623921977873e-01 2.311866492873597423e+01
9.131193715269677602e-01 6.954643091790474463e-01 -3.496101325068283749e-01 -2.948603272539317643e+00 -2.101313309705495236e+00 -1.062371970816414990e+00 -9.657340209162794675e-01 4.666291239884796660e+00 -1.520874084428795570e+00 2.129576101829932711e+01
9.114020118343164611e-01 6.793741016196852556e-01 -3.583548351040101720e-01 -2.706334368182103489e+00 -1.871728164545683359e+00 -9.670560895939290802e-01 -9.675823731095867242e-01 4.908048798945735314e+00 -1.967695138400027632e+00 2.010635240116371492e+01
9.101693661061870388e-01 6.727364729517033570e-01 -3.622516830757270823e-01 -3.267679617672217152e+00 -1.671263393104451378e+00 -9.991157439650165673e-01 -7.317410733608904483e-01 5.026623687855280131e+00 -1.910678824472851201e+00 2.016570940166839065e+01
9.070412708964145088e-01 6.612102687258000211e-01 -3.689654377873829993e-01 -3.300333332667089170e+00 -4.377476681887852994e-01 -7.025709475708814544e-01 -3.901514070348706675e-01 7.087050033741695287e+00 -2.130246319384180520e+00 1.860432714206425686e+01
9.053543131423460455e-01 6.561113351583469644e-01 -3.718665306636628198e-01 -3.261981305076105730e+00 -1.561319243162210268e-01 -9.171174157882125977e-01 -6.145806749251820911e-01 7.237382894368583841e+00 -1.517885119435912866e+00 1.783423024264279988e+01
9.034322217429074930e-01 6.512765056333083002e-01 -3.739973076844030908e-01 -3.335164059016204607e+00 7.558464390153618595e-01 -5.750007463518389539e-01 -3.661697654953139369e-01 8.961990960789311345e+00 -1.441267015558311382e+00 1.774436719834166709e+01
8.986858419773250395e-01 6.432338112964663956e-01 -3.767982043896491162e-01 -3.834552715982061155e+00 3.643845412293789998e+00 2.954430700077941285e-01 1.079857362497555817e+00 1.269835831434998852e+01 5.683783917309814804e-01 1.482959053326846366e+01
8.943644343340153569e-01 6.388074239257912623e-01 -3.773966065498047806e-01 -3.809944382471658120e+00 5.473123081812823365e+00 6.688384398036331113e-01 1.649504548948738769e+00 1.605823486877412165e+01 1.875419178603191961e+00 1.291700828078223395e+01
8.889767538799185909e-01 6.371946671217432190e-01 -3.764684799833356577e-01 -3.612265399864655446e+00 6.223181334678734800e+00 8.251028156887780796e-01 2.118044357892711282e+00 1.583770733515081197e+01 3.150026922106903271e+00 1.008048244615056888e+01
8.800568882861673492e-01 6.403866065118393180e-01 -3.750049411671639854e-01 -2.463084240002196168e+00 6.658725144213586411e+00 1.230557841172820854e+00 1.981134438520151919e+00 1.693456679671919218e+01 2.754213393898643059e+00 7.008662475888562504e+00
8.775382547878910477e-01 6.417449401641338591e-01 -3.745784824318040274e-01 -2.527687537183191058e+00 7.136232494386530512e+00 1.280417701897289096e+00 2.358016527452084343e+00 1.726330726640834712e+01 3.199904466464135400e+00 6.494962567011335786e+00
8.659892140598748345e-01 6.469616329518736997e-01 -3.720852663413580230e-01 -3.178856058087377701e+00 7.420721561328795346e+00 1.098420432984639650e+00 2.781959587683832336e+00 1.679946347924012073e+01 4.693645502985168250e+00 6.651170727824189832e+00
8.533017737459371865e-01 6.506832398617653501e-01 -3.696661624902757293e-01 -3.184651065696181504e+00 8.064877728571733684e+00 1.216644424546807102e+00 3.202135345150925350e+00 1.715519850731552864e+01 6.076881292074757468e+00 4.802928978452793096e+00
8.439357317340276943e-01 6.535564880075779293e-01 -3.674429596489892091e-01 -2.911311504691589391e+00 7.451256972553309765e+00 1.019949368721445371e+00 2.718715065111438456e+00 1.640260299308843273e+01 6.541934157200278932e+00 3.911036272697652194e+00
8.377128059174953068e-01 6.553912203124803160e-01 -3.660795111866097518e-01 -2.687378790048589039e+00 8.294803240250715248e+00 1.238112021850308775e+00 3.105082284451852637e+00 1.771795303006075173e+01 7.022787444347678765e+00 2.643360872485541968e+00
8.284219025495256350e-01 6.591411961825136556e-01 -3.635700883493910296e-01 -2.562173514687510867e+00 8.211776030636775303e+00 1.113983193989442899e+00 3.294928950819069335e+00 1.652030121674783913e+01 7.526109326565892488e+00 1.146258015506049110e+00
8.194147898057009272e-01 6.641625658050607228e-01 -3.604666852570702629e-01 -2.237771883682157181e+00 8.444598741295408217e+00 1.145323313183760128e+00 3.472570482894959731e+00 1.619037554744121721e+01 8.422709539454993788e+00 -2.976245968247482332e-01
8.067167281395493106e-01 6.713700653297948184e-01 -3.548587587672227261e-01 -2.448387019777017670e+00 8.783405550356913949e+00 9.856472718884301543e-01 3.491954675996467472e+00 1.746264499620984978e+01 9.305702523290475980e+00 -4.528759469599071275e-01
7.963478312441623075e-01 6.770083027745642523e-01 -3.495881693669792289e-01 -2.636442859723125309e+00 8.938851665735999319e+00 1.049123130226331746e+00 3.873313097857046916e+00 1.677076882673957314e+01 9.973665416815716611e+00 -1.561348313738804894e+00
7.855317406759136922e-01 6.831978675335478313e-01 -3.434965579718285977e-01 -3.304500436775813288e+00 8.631883206152973997e+00 9.005949570698392748e-01 3.905059013764055287e+00 1.593368386740439924e+01 1.105749381455183666e+01 -1.103021976626526346e+00
7.739883300257197618e-01 6.900292133574987830e-01 -3.366674190735056138e-01 -3.393557969848768785e+00 8.969472710917337110e+00 1.174380182528497851e+00 4.000038269390309154e+00 1.711294556904326214e+01 1.111936846285216340e+01 -1.691029736089344038e+00
7.661692822215915299e-01 6.947543830564703038e-01 -3.322759849835906221e-01 -3.399929273552036335e+00 8.482421061139602259e+00 1.235913129406874145e+00 3.892423592694675527e+00 1.625202500930156901e+01 1.146783597737633187e+01 -2.178265937203957670e+00
7.568481372690873954e-01 7.002651957553859274e-01 -3.273972022210061561e-01 -3.199676791066734527e+00 8.300308288999371342e+00 1.569030981649937484e+00 3.600872483074824437e+00 1.645372216416016187e+01 1.107281915943702444e+01 -2.402796109128570112e+00
7.386484509477740934e-01 7.099850207138060920e-01 -3.198112131947845604e-01 -3.717676911329773404e+00 7.637470120568845999e+00 1.238288980005802120e+00 3.493596008640648343e+00 1.505681324583390612e+01 1.123883942856026330e+01 -6.170986986903839178e-01
7.205969464139945213e-01 7.182978937102211248e-01 -3.133187170408884281e-01 -3.531273111346302507e+00 7.752320280832190491e+00 1.542134039169343218e+00 3.480300168147405948e+00 1.575774703280197642e+01 1.051932333642274031e+01 -1.013699259314043921e+00
7.117992037915814585e-01 7.216369399146314034e-01 -3.109009638599499747e-01 -3.517478040288025465e+00 7.588411610376062377e+00 1.633511248197129451e+00 3.398844952920160090e+00 1.559862129754288418e+01 1.000583901401449616e+01 -2.933856872637194413e-01
6.989254999181973016e-01 7.258531444376532527e-01 -3.083564592608381560e-01 -3.441473839094437714e+00 7.262836150506526423e+00 1.777406836953765445e+00 3.206236659737190298e+00 1.538940114754642963e+01 9.587145749155817853e+00 6.094857395694378704e-02
6.835218508124185632e-01 7.303157776315249983e-01 -3.059043099745263894e-01 -2.801411381491495156e+00 5.905338593192000829e+00 1.968062215583310959e+00 2.198173721317450813e+00 1.409164741710969437e+01 8.546800776888932916e+00 3.238363789159600103e-01
6.731040282014904008e-01 7.323930214665215210e-01 -3.045029793843672672e-01 -2.570944705748424042e+00 5.920767350995570055e+00 2.198989741695534406e+00 2.195339299750537432e+00 1.487518720515923221e+01 7.812394598026224379e+00 7.669458269954482210e-01
6.669641893508148067e-01 7.333712247296180209e-01 -3.037492805283431574e-01 -2.256635433749361930e+00 5.304687479973225095e+00 2.059256570563725131e+00 1.809232264075261387e+00 1.390825254944991762e+01 6.698502257734617160e+00 1.214942548284445145e+00
6.566772740868280778e-01 7.338765227943623293e-01 -3.038061470772285277e-01 -1.383625254163951546e+00 4.261923556126189894e+00 1.963066837710050194e+00 9.942578756047981692e-01 1.286817250012878766e+01 3.842763812576499127e+00 1.765319589513153042e+00
6.523727153979528293e-01 7.338041674525737079e-01 -3.053572083502482659e-01 -7.325986613164735539e-01 3.562784634305789844e+00 1.903130083829854824e+00 3.657174667329617934e-01 1.188659507280376459e+01 1.505433471134484780e+00 2.379207962209413552e+00
6.482428814921805671e-01 7.331294980127802674e-01 -3.098884252576834530e-01 5.885827307732218738e-01 2.629516600163434248e+00 2.005850978443653787e+00 -4.763723466379012339e-01 1.014763203291279225e+01 -2.815341697489517792e+00 2.570339946160177469e+00
6.415284511122831823e-01 7.324807247722604497e-01 -3.244944611460250372e-01 2.007054630685183749e+00 1.547985669918854779e+00 2.194299692290814452e+00 -1.325464702109529824e+00 8.083984448856114113e+00 -7.204287366839968954e+00 1.414291044003919362e+00
6.366746301745705994e-01 7.300640569895868737e-01 -3.386233575886142821e-01 2.041694120841037741e+00 9.729261967486253493e-01 1.876687452715971149e+00 -1.982475526430186985e+00 6.919783367012724007e+00 -8.924288309364969862e+00 3.383066813180266141e+00
6.318255576396878404e-01 7.264951966467860789e-01 -3.529106693291208519e-01 2.426143253992778526e+00 9.107799068814048660e-01 2.161963454172333154e+00 -1.843362897040058179e+00 6.824926682940090750e+00 -9.244207575277540556e+00 1.824870512756636032e+00
6.260760337695798761e-01 7.246234899982202382e-01 -3.653646655329971793e-01 2.652784914313573328e+00 1.532171053324133947e+00 2.565624956051727246e+00 -1.490979068339007618e+00 8.319326553162861515e+00 -8.926742901392863416e+00 5.511502772057681465e-01
6.187501941503725789e-01 7.236766954811999497e-01 -3.756450563259069453e-01 2.570690446869861479e+00 1.771047535632791936e+00 2.655353351753370283e+00 -1.505745633458539512e+00 8.983028352813956730e+00 -8.851621176061541973e+00 1.031011376597515516e+00
6.098395638923439499e-01 7.214783005188094567e-01 -3.854227354724699128e-01 2.525354444415996102e+00 1.416811860051037320e+00 2.656216036288846283e+00 -2.200591769722600954e+00 9.243578362068960885e+00 -1.027492167466224338e+01 3.167299282242004743e+00
5.996417324500941115e-01 7.183515168648768601e-01 -3.948714283507658296e-01 2.385662303347259261e+00 1.144050092252080875e+00 2.478667447344730324e+00 -2.198738041479063376e+00 8.386947731593767941e+00 -1.039859512016325382e+01 2.882626309714726887e+00
5.899615535606351768e-01 7.170403075395015424e-01 -4.036403503162044326e-01 2.676278664831841070e+00 5.096659928433568965e-01 2.128917816718659761e+00 -2.133709242597581657e+00 5.233906912247004328e+00 -1.100857771814058061e+01 1.570022878414352618e+00
5.841982526740846504e-01 7.168986098628895576e-01 -4.096249465674275392e-01 2.521887521721701386e+00 2.863443957362433179e-01 1.940276346294424137e+00 -2.034438975912583825e+00 4.492627475532708914e+00 -1.068859168353217370e+01 1.139422041474575931e+00
5.736743673460336090e-01 7.164812534844355874e-01 -4.221354289468347565e-01 2.703961046951382841e+00 -4.033885776640422360e-01 1.609519984983382113e+00 -2.367028599465697880e+00 2.624100181301249002e+00 -1.161503717184372775e+01 1.079438416578584636e+00
5.697106957033925001e-01 7.160941214278115918e-01 -4.294994766885983917e-01 3.003692357094510434e+00 -9.422865905722088709e-01 1.524355400032394003e+00 -2.645092490352114023e+00 9.830948018505027974e-01 -1.329010730363882331e+01 1.207069807320993560e+00
5.643286258798685395e-01 7.143085375981301777e-01 -4.417842078147393714e-01 2.980586725102727375e+00 -1.037008214309272702e+00 1.513185883651701369e+00 -2.903583831813862481e+00 1.561540301054409552e+00 -1.371220028170445282e+01 1.903329927808584010e+00
5.572609383198324773e-01 7.101552870381596660e-01 -4.585257592472432586e-01 2.610439959189846171e+00 -6.484126449828417904e-01 1.591743675575678640e+00 -2.689247013132506137e+00 2.668034379415330726e+00 -1.253235969017631923e+01 2.000877610071412516e+00
5.430804233105739343e-01 7.008479519252723833e-01 -4.864771651357016058e-01 1.550102413536120549e+00 -1.040095156151733535e-01 1.148754235264537016e+00 -2.536962468017614825e+00 3.968808308888764902e+00 -9.621576069500346051e+00 4.418451809260847796e+00
5.392407948583681776e-01 6.953220364824230781e-01 -4.940075930288194694e-01 7.626127848060472170e-01 -7.670826602607981881e-01 1.471117542686347368e-01 -3.060171644675993008e+00 2.207906739600573598e+00 -9.403211782624794068e+00 8.529140018363085218e+00
5.373661325117724541e-01 6.884622618977129793e-01 -4.986934207193490787e-01 7.965853502348890780e-02 -7.112157873397457752e-01 -3.723654781765348143e-01 -3.063405482051880568e+00 2.285186486339456646e+00 -8.049120977085566508e+00 1.066205770708159051e+01
5.368746753382631631e-01 6.699738340014891325e-01 -5.054746974155919226e-01 -1.035016426473983397e+00 -9.290130032956556150e-01 -1.408825133281065511e+00 -2.793814789470504323e+00 2.266318669753361083e-03 -5.790911894506595381e+00 1.359634082316312487e+01
5.385712107854909725e-01 6.596900312702560498e-01 -5.074989131734934933e-01 -1.462470540821564358e+00 -1.374997622190057056e+00 -2.015351985647334754e+00 -2.610009284111594496e+00 -2.240329477276044035e+00 -5.425585814813786101e+00 1.483004729425531920e+01
5.425352963621455915e-01 6.441515352014807183e-01 -5.098711461170513104e-01 -1.819887054508523505e+00 -1.478338319806572709e+00 -2.433964765910895611e+00 -2.344760636537067011e+00 -2.261317383179115570e+00 -4.347116257898017366e+00 1.556563273638233547e+01
5.462719642034894463e-01 6.342508908713226923e-01 -5.112425034180041461e-01 -2.058442573677256249e+00 -1.577029958356636508e+00 -2.589936410930398392e+00 -2.126934990705686257e+00 -3.511390529617895329e+00 -4.218730076097602755e+00 1.533477677015688201e+01
5.510217996559266806e-01 6.245928536099363271e-01 -5.124322576446871391e-01 -2.373602604670561167e+00 -1.495755241150560133e+00 -2.703194400686951937e+00 -1.906131959930191577e+00 -4.120886581284358030e+00 -3.846329631677752214e+00 1.521587716486572717e+01
5.629565640447947716e-01 6.022904057961049329e-01 -5.178386889669943649e-01 -2.431458909945214852e+00 -1.474388352263777069e+00 -2.810259607951141714e+00 -1.825647121998013267e+00 -2.878038138847387017e+00 -3.704905704671625166e+00 1.491540929767204027e+01
5.695476074550217538e-01 5.911365620167199353e-01 -5.216121631070486098e-01 -3.894844955911986872e+00 -1.143618135972660266e+00 -3.151166138237390335e+00 -1.150106328797511512e+00 -3.086920307082098081e+00 -1.600811323705190636e+00 1.343218128041865178e+01
5.755138565091690861e-01 5.819767833504055909e-01 -5.246946057047707779e-01 -4.054111476268042580e+00 -1.135925622306111382e+00 -3.221437727468697609e+00 -1.006249672054738920e+00 -3.197350247578300664e+00 -9.142868837756895628e-01 1.333559552919295932e+01
5.774103670752297468e-01 5.790022110164385616e-01 -5.254019240451199835e-01 -4.158912828327717470e+00 -1.161047902847821556e+00 -3.344684691865890347e+00 -1.018222798546021046e+00 -3.590732132246072350e+00 -9.412784188106432248e-01 1.378344487780612049e+01
5.865717016679055096e-01 5.626589539988412492e-01 -5.281409596332489187e-01 -3.928464729178723136e+00 -7.681248778286291490e-01 -3.187711621648223304e+00 -7.222456235435806837e-01 -2.455411219000390055e+00 1.757946667521279871e-01 1.335456094363470037e+01
5.887645651831816540e-01 5.575680398193355591e-01 -5.288017783137505257e-01 -3.794676727915768488e+00 -9.574275218567407375e-01 -3.135436879373496577e+00 -8.183493980974032578e-01 -2.912289999073180091e+00 1.931919895689910086e-02 1.310499268152617169e+01
5.930568579240593774e-01 5.479922807116699435e-01 -5.295440087293308284e-01 -3.847438147325141777e+00 -8.725541191547928621e-01 -3.188580080666319372e+00 -5.723123643400229721e-01 -2.990713282534663175e+00 8.705081847782576432e-01 1.302671188383795986e+01
5.952519045025418398e-01 5.428696208368644083e-01 -5.295329280799073723e-01 -4.380759437166210191e+00 -1.320689532198670690e+00 -3.613304638819544223e+00 -8.593011563725512225e-01 -4.166283221055128827e+00 4.596847432245145249e-01 1.460893384794442795e+01
5.984544455929006190e-01 5.341023504342888861e-01 -5.292584794834696016e-01 -4.398429016152165083e+00 -1.372738731685420932e+00 -3.589007748644323481e+00 -8.119745912613743899e-01 -3.996863133438020022e+00 9.718118226355554334e-01 1.402486501553790355e+01
6.010789602694917022e-01 5.252780743721477963e-01 -5.295052118671628172e-01 -3.713431719691318911e+00 -6.898310422492458516e-01 -2.964673438923358884e+00 -5.070476397645506950e-01 -2.204685689518675495e+00 1.108593665456715449e+00 1.185681399506960432e+01
6.027711034313405492e-01 5.204880446065796029e-01 -5.302609975641200402e-01 -3.467044614981088735e+00 -9.878605368613955218e-01 -2.819016425162825801e+00 -6.123568895095055087e-01 -2.876817710238300130e+00 5.448531646187926292e-01 1.113455865227434849e+01
6.052345485053186591e-01 5.141254294576693695e-01 -5.314546388670285948e-01 -3.207361454070173590e+00 -6.561766469877809982e-01 -2.558009097280704136e+00 -4.815017127938441277e-01 -1.853116810210829080e+00 1.002448053201154154e+00 1.007702970092485550e+01
6.072339349047763957e-01 5.081499533418176728e-01 -5.325109610821514572e-01 -3.197196288995586499e+00 -7.436814091527091941e-01 -2.626356221094293009e+00 -4.308200262356805532e-01 -2.313184030375518674e+00 1.111550537128535687e+00 1.017698371542458169e+01
6.090971655110067884e-01 5.046994184740174472e-01 -5.327501170780962747e-01 -2.924575936499767881e+00 -9.302809796681277277e-01 -2.341345083868948240e+00 -4.908846821433681673e-01 -2.693639046022967332e+00 1.878752674229199116e+00 8.860932606873264561e+00
6.194961903916937906e-01 5.043657976220647932e-01 -5.304128384703582499e-01 1.141058416801460584e+00 -8.102379686585423624e-01 7.963826854761217877e-01 7.174847589444262042e-01 -3.758452462719740872e+00 2.491594287227522742e+00 -5.310563997206197762e+00
6.223892417488774420e-01 5.068624240792560798e-01 -5.299349727526024845e-01 1.854364745396979597e+00 -8.613977386195668107e-01 1.342894309564830690e+00 6.832226089542148273e-01 -3.843764840348381728e+00 1.522895084639889651e+00 -7.279749287350033349e+00
6.346078579236291706e-01 5.230957176074290116e-01 -5.270022797201515674e-01 2.999814739420552101e+00 -2.182855214585673664e+00 2.082931320175801737e+00 2.747659366265694514e-01 -7.251167908214153357e+00 -2.366512597952285246e-01 -1.018696598125100472e+01
6.477634487169463551e-01 5.465789245564507404e-01 -5.204297948846354771e-01 4.428977010220642718e+00 -1.985659666245848110e+00 3.395236821391543369e+00 7.212804941690688088e-01 -7.768069488990526850e+00 -2.456404776065352458e+00 -1.513163864317768770e+01
6.537149255721828034e-01 5.612638764279296311e-01 -5.162769490275918027e-01 5.113053613026921518e+00 -2.644767465566509212e+00 3.795410582983111514e+00 3.486850332498964145e-01 -8.741035356899304887e+00 -2.791402939036720987e+00 -1.661149138054526730e+01
6.615206164291167479e-01 5.853551462508540526e-01 -5.098930621531793106e-01 4.868870123955141516e+00 -3.525031002586923812e+00 3.578957513880656194e+00 -3.757361545143351744e-01 -1.026943155408300434e+01 -4.515682408690809169e+00 -1.503207832638237562e+01
6.694515178299588198e-01 6.090711549518957879e-01 -5.015913399042560838e-01 4.621290556918853376e+00 -3.950450161744381017e+00 3.419328710461003951e+00 -5.185981520107187936e-01 -1.135944862260146593e+01 -5.345203268791180129e+00 -1.428596199278404733e+01
6.791922810408848044e-01 6.375185920454529143e-01 -4.902343789219315018e-01 4.969810785911197293e+00 -4.297165533877756793e+00 3.522478632373195140e+00 -7.864673774233759129e-01 -1.147343363572167618e+01 -6.211308283939009911e+00 -1.460885835286875611e+01
6.875511214808458504e-01 6.567999218528622896e-01 -4.835393710878269080e-01 5.583828389468258102e+00 -5.422482744737799010e+00 3.839010540295761054e+00 -8.097957487369134011e-01 -1.475727177740796847e+01 -7.521631210025765846e+00 -1.651265158009552181e+01
6.903802118274235955e-01 6.627382124772466243e-01 -4.815984570500209117e-01 5.451683755619609606e+00 -5.181673712839558021e+00 3.875902469706451470e+00 -7.939334414123162542e-01 -1.391934519921149160e+01 -8.576555499580949871e+00 -1.641955948082037864e+01
7.051277945640735956e-01 6.936691098422396173e-01 -4.739533851571948730e-01 5.767154597735918209e+00 -4.218877847574825424e+00 4.883446655793486357e+00 4.786238055020657356e-01 -1.465130045195055963e+01 -9.334877660392816523e+00 -2.159248876165603903e+01
7.096522594446208476e-01 7.063493014925671387e-01 -4.717929072000860424e-01 5.411198291348067180e+00 -4.172427887966746241e+00 4.409910454481141606e+00 5.773405211297986117e-01 -1.491822615679740593e+01 -9.536902377629280281e+00 -2.111008562605655214e+01
7.150768132292069090e-01 7.255031056135667900e-01 -4.691235717538758676e-01 6.110262060398227391e+00 -4.193574781883151026e+00 4.296567070572003821e+00 6.249959397880894274e-01 -1.458834201021483423e+01 -8.836935660562707184e+00 -2.322116807547574879e+01
7.202836624639346041e-01 7.454314537245328998e-01 -4.657642216908834398e-01 7.194764061806265154e+00 -5.074999741800134245e+00 3.104687837531148631e+00 1.861324614115843490e-01 -1.624812514707118183e+01 -8.763030556691182582e+00 -2.490779516433263296e+01
7.234308938409489409e-01 7.591304257574980063e-01 -4.635163354038573935e-01 6.425436101971238934e+00 -4.418394760812689448e+00 1.312334891872292575e+00 9.495981722854809348e-01 -1.581407836998264038e+01 -9.060486501373059554e+00 -2.483329064737041492e+01
7.296432067396718679e-01 7.863363207661568932e-01 -4.585766497459956570e-01 5.687874907761915289e+00 -3.872895365476868079e+00 -6.806853952424019027e-02 2.183104184173280338e+00 -1.646667638387538801e+01 -9.808049393135481964e+00 -2.555988922616469949e+01
7.325413517259440344e-01 7.994037647659617551e-01 -4.561089068573562222e-01 4.950349533411453784e+00 -3.166886575881028953e+00 -9.377682124393182939e-02 3.200718558247149126e+00 -1.626604948092603919e+01 -8.805027288783874084e+00 -2.686501390476459150e+01
7.367364335826762645e-01 8.297304541502413811e-01 -4.490260847214979090e-01 5.271478163488838575e+00 -2.444098834720560998e+00 4.277959748018358432e-01 2.874668786272760457e+00 -1.295192371799907960e+01 -8.832048405612084707e+00 -2.836230639743285309e+01
7.374608218001936777e-01 8.427603282587325939e-01 -4.466305055261525769e-01 4.557497407129746492e+00 -1.915142274080391172e+00 6.113935047593763716e-01 4.012400122952258563e+00 -1.292570040497652428e+01 -8.039897293462582084e+00 -3.013060544400761742e+01
7.376592236843977357e-01 8.495528379785243223e-01 -4.450759864612098271e-01 3.521281485231657182e+00 -1.372300522277129842e+00 7.621757469578851474e-01 5.007367098698546570e+00 -1.295174972676712066e+01 -7.545520493389424210e+00 -3.038483086785583964e+01
7.378992510739219579e-01 8.762173035959031075e-01 -4.387046045963080010e-01 2.510017843591576980e+00 4.141630229495940618e-01 2.774611113567675424e+00 4.192249706524475705e+00 -1.190790831730428323e+01 -7.796353445115478564e+00 -2.990913956184925482e+01
7.398306262286996615e-01 8.995357899627213216e-01 -4.335215438758927009e-01 3.277452040043811632e+00 6.616413147759052649e-01 3.366742576430271860e+00 3.942971217231773906e+00 -1.352372950023451637e+01 -7.900863274640196110e+00 -3.069707377598249920e+01
7.425233896047149784e-01 9.149177124805087935e-01 -4.309404707213433383e-01 3.591529001189619486e+00 1.009800799194394916e+00 3.854809387253342212e+00 3.400870178074729466e+00 -1.222191941354387978e+01 -7.614038883507279643e+00 -2.953273636037098271e+01
7.445686989188260441e-01 9.241904571230290522e-01 -4.295003264896196660e-01 2.924660202655329222e+00 1.784886676233913505e+00 4.376816547475577579e+00 3.973586436432249513e+00 -1.188910490213609528e+01 -6.520734799001215443e+00 -2.972182687282889191e+01
7.485250449584718302e-01 9.393508087947809448e-01 -4.273763457435738600e-01 2.578436547215029240e+00 2.606938196482530223e+00 5.197357339194436321e+00 4.878816398674882926e+00 -1.287885737969110878e+01 -7.462888600454049559e+00 -3.258672621055443841e+01
7.512528598755823239e-01 9.558952566667461292e-01 -4.252146547300774682e-01 1.921198420813792662e+00 3.797855017887403761e+00 5.354117034105511763e+00 5.573393170015186193e+00 -1.203540658057789514e+01 -5.997294483139409493e+00 -3.334296023117989449e+01
7.515529498273694209e-01 9.615545314298085122e-01 -4.242044949611272764e-01 1.989043004060713216e+00 4.214255234368691205e+00 5.308556962402583679e+00 5.620019340499342597e+00 -1.179921960325256869e+01 -5.359112247543495577e+00 -3.350030774183363746e+01
7.512566219764533759e-01 9.964618875991385627e-01 -4.185026684791177676e-01 2.502610270608338183e+00 4.036776760269368935e+00 5.340504902770555340e+00 5.134014237606645104e+00 -1.055288212177068452e+01 -6.131592288304848815e+00 -3.273414344222970129e+01
7.501237266453388841e-01 1.034052806682538073e+00 -4.138819999391920579e-01 2.194368159955550457e+00 4.651246359412708031e+00 5.235947249456051722e+00 5.526390074523071405e+00 -1.166677749918499174e+01 -5.764183450809277964e+00 -3.369475769498014728e+01
7.502500473143917104e-01 1.039060596086820887e+00 -4.129341736806884100e-01 1.509269873358532132e+00 5.474646396851849062e+00 4.852904643908206417e+00 5.749781695849914165e+00 -1.206793732880297121e+01 -5.927639533086078494e+00 -3.306431591867414710e+01
7.504803605122758459e-01 1.057901574525165866e+00 -4.108351676265772356e-01 5.078096871119743838e-01 7.029735183512096697e+00 4.352158623376038094e+00 5.957802114283199835e+00 -1.130717796302626965e+01 -6.296073708406304092e+00 -3.268461161892008704e+01
7.506319078084486840e-01 1.070934006464117072e+00 -4.102282836087445261e-01 4.168491937604990039e-01 7.204758815608712119e+00 3.516049097266494616e+00 4.971111060384351354e+00 -9.652257854178660779e+00 -6.446060821887575898e+00 -3.096138912948703847e+01
7.504595912306240013e-01 1.082135775048391757e+00 -4.094285603371273785e-01 6.919866302800635471e-02 6.183332989207577235e+00 3.042287183102340808e+00 4.481423652170766658e+00 -9.951275478668144103e+00 -6.050536627577207227e+00 -2.971659487351648465e+01
7.504933531293371818e-01 1.085647156946243364e+00 -4.091518202838092533e-01 5.923852631791730328e-02 6.015066384814167222e+00 2.980285758939435148e+00 4.208036170656338726e+00 -9.077786123434410825e+00 -5.721102232479635674e+00 -2.897408397363630783e+01
7.382366270208710057e-01 1.132317741245962850e+00 -4.066444528397659131e-01 0.000000000000000000e+00 0.000000000000000000e+00 0.000000000000000000e+00 0.000000000000000000e+00 0.000000000000000000e+00 0.000000000000000000e+00 0.000000000000000000e+00
7.389110900967197360e-01 1.131788591950876111e+00 -4.066853698976955478e-01 0.000000000000000000e+00 0.000000000000000000e+00 0.000000000000000000e+00 0.000000000000000000e+00 0.000000000000000000e+00 0.000000000000000000e+00 0.000000000000000000e+00
7.403999455982768207e-01 1.130705130719199758e+00 -4.067805846289038740e-01 0.000000000000000000e+00 0.000000000000000000e+00 0.000000000000000000e+00 0.000000000000000000e+00 0.000000000000000000e+00 0.000000000000000000e+00 0.000000000000000000e+00
7.418860171732322151e-01 1.129268719542792399e+00 -4.069913130719713390e-01 0.000000000000000000e+00 0.000000000000000000e+00 0.000000000000000000e+00 0.000000000000000000e+00 0.000000000000000000e+00 0.000000000000000000e+00 0.000000000000000000e+00
7.422435213786835462e-01 1.128786878767930268e+00 -4.070678892408308158e-01 0.000000000000000000e+00 0.000000000000000000e+00 0.000000000000000000e+00 0.000000000000000000e+00 0.000000000000000000e+00 0.000000000000000000e+00 0.000000000000000000e+00
7.430834400134364026e-01 1.127664686355989820e+00 -4.073337084375643902e-01 0.000000000000000000e+00 0.000000000000000000e+00 0.000000000000000000e+00 0.000000000000000000e+00 0.000000000000000000e+00 0.000000000000000000e+00 0.000000000000000000e+00
7.458081544826364873e-01 1.124933573015826083e+00 -4.077891588659137145e-01 0.000000000000000000e+00 0.000000000000000000e+00 0.000000000000000000e+00 0.000000000000000000e+00 0.000000000000000000e+00 0.000000000000000000e+00 0.000000000000000000e+00
7.463356273904974136e-01 1.124474900654672371e+00 -4.078164081050204559e-01 0.000000000000000000e+00 0.000000000000000000e+00 0.000000000000000000e+00 0.000000000000000000e+00 0.000000000000000000e+00 0.000000000000000000e+00 0.000000000000000000e+00
7.462765844016876482e-01 1.124697298450714200e+00 -4.077981513168558170e-01 0.000000000000000000e+00 0.000000000000000000e+00 0.000000000000000000e+00 0.000000000000000000e+00 0.000000000000000000e+00 0.000000000000000000e+00 0.000000000000000000e+00
7.461298118912357280e-01 1.124790684135347663e+00 -4.078099294505952432e-01 0.000000000000000000e+00 0.000000000000000000e+00 0.000000000000000000e+00 0.000000000000000000e+00 0.000000000000000000e+00 0.000000000000000000e+00 0.000000000000000000e+00
7.461768709447254011e-01 1.124740149585341520e+00 -4.078131991159493763e-01 0.000000000000000000e+00 0.000000000000000000e+00 0.000000000000000000e+00 0.000000000000000000e+00 0.000000000000000000e+00 0.000000000000000000e+00 0.000000000000000000e+00
7.462920772726794327e-01 1.124639508767237173e+00 -4.078260690929857435e-01 0.000000000000000000e+00 0.000000000000000000e+00 0.000000000000000000e+00 0.000000000000000000e+00 0.000000000000000000e+00 0.000000000000000000e+00 0.000000000000000000e+00
7.463536817185009165e-01 1.124581660012396789e+00 -4.078293960672770280e-01 0.000000000000000000e+00 0.000000000000000000e+00 0.000000000000000000e+00 0.000000000000000000e+00 0.000000000000000000e+00 0.000000000000000000e+00 0.000000000000000000e+00
7.464471335038525002e-01 1.124497592227789777e+00 -4.078391921791419961e-01 0.000000000000000000e+00 0.000000000000000000e+00 0.000000000000000000e+00 0.000000000000000000e+00 0.000000000000000000e+00 0.000000000000000000e+00 0.000000000000000000e+00
7.466433688264040303e-01 1.124316177067266054e+00 -4.078573448890075448e-01 0.000000000000000000e+00 0.000000000000000000e+00 0.000000000000000000e+00 0.000000000000000000e+00 0.000000000000000000e+00 0.000000000000000000e+00 0.000000000000000000e+00
7.467929621507167770e-01 1.124184538391138855e+00 -4.078653801533758116e-01 0.000000000000000000e+00 0.000000000000000000e+00 0.000000000000000000e+00 0.000000000000000000e+00 0.000000000000000000e+00 0.000000000000000000e+00 0.000000000000000000e+00
7.469847568295049367e-01 1.124011323214583413e+00 -4.078812427514397765e-01 0.000000000000000000e+00 0.000000000000000000e+00 0.000000000000000000e+00 0.000000000000000000e+00 0.000000000000000000e+00 0.000000000000000000e+00 0.000000000000000000e+00
7.473990777332204516e-01 1.123638377633510377e+00 -4.079250439321117083e-01 0.000000000000000000e+00 0.000000000000000000e+00 0.000000000000000000e+00 0.000000000000000000e+00 0.000000000000000000e+00 0.000000000000000000e+00 0.000000000000000000e+00
7.478341415234289746e-01 1.123247815623308776e+00 -4.079563360855569254e-01 0.000000000000000000e+00 0.000000000000000000e+00 0.000000000000000000e+00 0.000000000000000000e+00 0.000000000000000000e+00 0.000000000000000000e+00 0.000000000000000000e+00
7.482460715630327996e-01 1.122877850088363161e+00 -4.079878659605520319e-01 0.000000000000000000e+00 0.000000000000000000e+00 0.000000000000000000e+00 0.000000000000000000e+00 0.000000000000000000e+00 0.000000000000000000e+00 0.000000000000000000e+00
7.485131680955816602e-01 1.122633670437469977e+00 -4.080139913273108654e-01 0.000000000000000000e+00 0.000000000000000000e+00 0.000000000000000000e+00 0.000000000000000000e+00 0.000000000000000000e+00 0.000000000000000000e+00 0.000000000000000000e+00
7.489932110622445904e-01 1.122202479128714181e+00 -4.080500878683842592e-01 0.000000000000000000e+00 0.000000000000000000e+00 0.000000000000000000e+00 0.000000000000000000e+00 0.000000000000000000e+00 0.000000000000000000e+00 0.000000000000000000e+00
7.492437084904468581e-01 1.121975492369687188e+00 -4.080738275500134238e-01 0.000000000000000000e+00 0.000000000000000000e+00 0.000000000000000000e+00 0.000000000000000000e+00 0.000000000000000000e+00 0.000000000000000000e+00 0.000000000000000000e+00
7.494057917216044862e-01 1.121827438207414041e+00 -4.080876300476972141e-01 0.000000000000000000e+00 0.000000000000000000e+00 0.000000000000000000e+00 0.000000000000000000e+00 0.000000000000000000e+00 0.000000000000000000e+00 0.000000000000000000e+00
7.497047626982906721e-01 1.121557159197004383e+00 -4.081155542192996255e-01 0.000000000000000000e+00 0.000000000000000000e+00 0.000000000000000000e+00 0.000000000000000000e+00 0.000000000000000000e+00 0.000000000000000000e+00 0.000000000000000000e+00
7.498605965810225538e-01 1.121415332799484688e+00 -4.081282396567259552e-01 0.000000000000000000e+00 0.000000000000000000e+00 0.000000000000000000e+00 0.000000000000000000e+00 0.000000000000000000e+00 0.000000000000000000e+00 0.000000000000000000e+00
7.501459132891858950e-01 1.121153972934598952e+00 -4.081524104049727431e-01 0.000000000000000000e+00 0.000000000000000000e+00 0.000000000000000000e+00 0.000000000000000000e+00 0.000000000000000000e+00 0.000000000000000000e+00 0.000000000000000000e+00
