1.000000000000000000e+00 1.000000000000000000e+00 1.000000000000000000e+00 1.000000000000000000e+00 1.000000000000000000e+00 9.500000000000000000e+01 4.930000000000000000e+02 2.210000000000000000e+02 1.870000000000000000e+02 1.000000000000000000e+00 1.000000000000000000e+00 1.000000000000000000e+00 1.000000000000000000e+00 1.000000000000000000e+00 1.000000000000000000e+00
1.000000000000000000e+00 1.000000000000000000e+00 1.000000000000000000e+00 1.000000000000000000e+00 9.300000000000000000e+01 1.300000000000000000e+02 3.740000000000000000e+02 1.000000000000000000e+00 1.870000000000000000e+02 1.860000000000000000e+02 1.000000000000000000e+00 1.000000000000000000e+00 1.000000000000000000e+00 1.000000000000000000e+00 1.000000000000000000e+00
1.000000000000000000e+00 1.000000000000000000e+00 1.000000000000000000e+00 9.300000000000000000e+01 9.300000000000000000e+01 1.000000000000000000e+00 4.050000000000000000e+02 1.000000000000000000e+00 1.000000000000000000e+00 2.260000000000000000e+02 1.860000000000000000e+02 1.000000000000000000e+00 1.000000000000000000e+00 1.000000000000000000e+00 1.000000000000000000e+00
1.000000000000000000e+00 1.000000000000000000e+00 9.400000000000000000e+01 9.200000000000000000e+01 1.000000000000000000e+00 1.000000000000000000e+00 3.990000000000000000e+02 1.000000000000000000e+00 1.000000000000000000e+00 1.000000000000000000e+00 1.880000000000000000e+02 2.130000000000000000e+02 1.000000000000000000e+00 1.000000000000000000e+00 1.000000000000000000e+00
1.000000000000000000e+00 1.200000000000000000e+02 9.500000000000000000e+01 1.000000000000000000e+00 1.000000000000000000e+00 1.000000000000000000e+00 3.760000000000000000e+02 1.000000000000000000e+00 1.000000000000000000e+00 1.000000000000000000e+00 1.000000000000000000e+00 1.850000000000000000e+02 1.860000000000000000e+02 1.000000000000000000e+00 1.000000000000000000e+00
9.400000000000000000e+01 9.600000000000000000e+01 1.000000000000000000e+00 1.000000000000000000e+00 1.000000000000000000e+00 1.000000000000000000e+00 3.990000000000000000e+02 1.000000000000000000e+00 1.000000000000000000e+00 1.000000000000000000e+00 1.000000000000000000e+00 1.000000000000000000e+00 1.860000000000000000e+02 2.170000000000000000e+02 1.000000000000000000e+00
9.400000000000000000e+01 1.000000000000000000e+00 1.000000000000000000e+00 1.000000000000000000e+00 1.000000000000000000e+00 1.000000000000000000e+00 3.750000000000000000e+02 1.000000000000000000e+00 1.000000000000000000e+00 1.000000000000000000e+00 1.000000000000000000e+00 1.000000000000000000e+00 1.000000000000000000e+00 1.870000000000000000e+02 2.820000000000000000e+02
1.890000000000000000e+02 1.000000000000000000e+00 1.000000000000000000e+00 1.000000000000000000e+00 1.000000000000000000e+00 1.000000000000000000e+00 4.130000000000000000e+02 1.000000000000000000e+00 1.000000000000000000e+00 1.000000000000000000e+00 1.000000000000000000e+00 1.000000000000000000e+00 1.000000000000000000e+00 3.760000000000000000e+02 6.170000000000000000e+02
2.470000000000000000e+02 1.870000000000000000e+02 1.000000000000000000e+00 1.000000000000000000e+00 1.000000000000000000e+00 1.000000000000000000e+00 3.730000000000000000e+02 1.000000000000000000e+00 1.000000000000000000e+00 1.000000000000000000e+00 1.000000000000000000e+00 1.000000000000000000e+00 3.710000000000000000e+02 3.740000000000000000e+02 1.000000000000000000e+00
1.000000000000000000e+00 1.870000000000000000e+02 1.890000000000000000e+02 1.000000000000000000e+00 1.000000000000000000e+00 1.000000000000000000e+00 4.050000000000000000e+02 1.000000000000000000e+00 1.000000000000000000e+00 1.000000000000000000e+00 1.000000000000000000e+00 3.750000000000000000e+02 4.350000000000000000e+02 1.000000000000000000e+00 1.000000000000000000e+00
1.000000000000000000e+00 1.000000000000000000e+00 1.880000000000000000e+02 1.880000000000000000e+02 1.000000000000000000e+00 1.000000000000000000e+00 4.040000000000000000e+02 1.000000000000000000e+00 1.000000000000000000e+00 1.000000000000000000e+00 4.340000000000000000e+02 3.740000000000000000e+02 1.000000000000000000e+00 1.000000000000000000e+00 1.000000000000000000e+00
1.000000000000000000e+00 1.000000000000000000e+00 1.000000000000000000e+00 1.870000000000000000e+02 3.210000000000000000e+02 1.000000000000000000e+00 3.740000000000000000e+02 1.000000000000000000e+00 1.000000000000000000e+00 3.710000000000000000e+02 3.760000000000000000e+02 1.000000000000000000e+00 1.000000000000000000e+00 1.000000000000000000e+00 1.000000000000000000e+00
1.000000000000000000e+00 1.000000000000000000e+00 1.000000000000000000e+00 1.000000000000000000e+00 3.710000000000000000e+02 3.740000000000000000e+02 4.100000000000000000e+02 1.000000000000000000e+00 4.380000000000000000e+02 3.750000000000000000e+02 1.000000000000000000e+00 1.000000000000000000e+00 1.000000000000000000e+00 1.000000000000000000e+00 1.000000000000000000e+00
1.000000000000000000e+00 1.000000000000000000e+00 1.000000000000000000e+00 1.000000000000000000e+00 1.000000000000000000e+00 3.760000000000000000e+02 8.090000000000000000e+02 3.700000000000000000e+02 3.750000000000000000e+02 1.000000000000000000e+00 1.000000000000000000e+00 1.000000000000000000e+00 1.000000000000000000e+00 1.000000000000000000e+00 1.000000000000000000e+00
1.870000000000000000e+02 2.200000000000000000e+02 1.880000000000000000e+02 1.890000000000000000e+02 1.870000000000000000e+02 2.140000000000000000e+02 1.133000000000000000e+03 1.115000000000000000e+03 4.050000000000000000e+02 3.750000000000000000e+02 4.030000000000000000e+02 3.700000000000000000e+02 4.140000000000000000e+02 3.750000000000000000e+02 3.090000000000000000e+02
1.000000000000000000e+00 1.000000000000000000e+00 1.000000000000000000e+00 1.000000000000000000e+00 1.000000000000000000e+00 1.880000000000000000e+02 3.720000000000000000e+02 4.350000000000000000e+02 3.740000000000000000e+02 1.000000000000000000e+00 1.000000000000000000e+00 1.000000000000000000e+00 1.000000000000000000e+00 1.000000000000000000e+00 1.000000000000000000e+00
1.000000000000000000e+00 1.000000000000000000e+00 1.000000000000000000e+00 1.000000000000000000e+00 1.890000000000000000e+02 2.390000000000000000e+02 2.170000000000000000e+02 1.000000000000000000e+00 3.730000000000000000e+02 3.720000000000000000e+02 1.000000000000000000e+00 1.000000000000000000e+00 1.000000000000000000e+00 1.000000000000000000e+00 1.000000000000000000e+00
1.000000000000000000e+00 1.000000000000000000e+00 1.000000000000000000e+00 1.880000000000000000e+02 1.880000000000000000e+02 1.000000000000000000e+00 1.850000000000000000e+02 1.000000000000000000e+00 1.000000000000000000e+00 4.330000000000000000e+02 3.750000000000000000e+02 1.000000000000000000e+00 1.000000000000000000e+00 1.000000000000000000e+00 1.000000000000000000e+00
1.000000000000000000e+00 1.000000000000000000e+00 1.870000000000000000e+02 1.880000000000000000e+02 1.000000000000000000e+00 1.000000000000000000e+00 1.890000000000000000e+02 1.000000000000000000e+00 1.000000000000000000e+00 1.000000000000000000e+00 3.720000000000000000e+02 4.380000000000000000e+02 1.000000000000000000e+00 1.000000000000000000e+00 1.000000000000000000e+00
1.000000000000000000e+00 2.490000000000000000e+02 1.900000000000000000e+02 1.000000000000000000e+00 1.000000000000000000e+00 1.000000000000000000e+00 2.170000000000000000e+02 1.000000000000000000e+00 1.000000000000000000e+00 1.000000000000000000e+00 1.000000000000000000e+00 3.760000000000000000e+02 3.690000000000000000e+02 1.000000000000000000e+00 1.000000000000000000e+00
1.880000000000000000e+02 1.880000000000000000e+02 1.000000000000000000e+00 1.000000000000000000e+00 1.000000000000000000e+00 1.000000000000000000e+00 1.860000000000000000e+02 1.000000000000000000e+00 1.000000000000000000e+00 1.000000000000000000e+00 1.000000000000000000e+00 1.000000000000000000e+00 3.750000000000000000e+02 4.340000000000000000e+02 1.000000000000000000e+00
1.880000000000000000e+02 1.000000000000000000e+00 1.000000000000000000e+00 1.000000000000000000e+00 1.000000000000000000e+00 1.000000000000000000e+00 1.880000000000000000e+02 1.000000000000000000e+00 1.000000000000000000e+00 1.000000000000000000e+00 1.000000000000000000e+00 1.000000000000000000e+00 1.000000000000000000e+00 3.710000000000000000e+02 5.590000000000000000e+02
9.600000000000000000e+01 1.000000000000000000e+00 1.000000000000000000e+00 1.000000000000000000e+00 1.000000000000000000e+00 1.000000000000000000e+00 1.870000000000000000e+02 1.000000000000000000e+00 1.000000000000000000e+00 1.000000000000000000e+00 1.000000000000000000e+00 1.000000000000000000e+00 1.000000000000000000e+00 1.870000000000000000e+02 3.040000000000000000e+02
1.220000000000000000e+02 9.300000000000000000e+01 1.000000000000000000e+00 1.000000000000000000e+00 1.000000000000000000e+00 1.000000000000000000e+00 2.250000000000000000e+02 1.000000000000000000e+00 1.000000000000000000e+00 1.000000000000000000e+00 1.000000000000000000e+00 1.000000000000000000e+00 1.870000000000000000e+02 1.830000000000000000e+02 1.000000000000000000e+00
1.000000000000000000e+00 9.600000000000000000e+01 9.300000000000000000e+01 1.000000000000000000e+00 1.000000000000000000e+00 1.000000000000000000e+00 1.880000000000000000e+02 1.000000000000000000e+00 1.000000000000000000e+00 1.000000000000000000e+00 1.000000000000000000e+00 1.880000000000000000e+02 2.170000000000000000e+02 1.000000000000000000e+00 1.000000000000000000e+00
1.000000000000000000e+00 1.000000000000000000e+00 9.400000000000000000e+01 9.500000000000000000e+01 1.000000000000000000e+00 1.000000000000000000e+00 1.860000000000000000e+02 1.000000000000000000e+00 1.000000000000000000e+00 1.000000000000000000e+00 2.230000000000000000e+02 1.880000000000000000e+02 1.000000000000000000e+00 1.000000000000000000e+00 1.000000000000000000e+00
1.000000000000000000e+00 1.000000000000000000e+00 1.000000000000000000e+00 9.500000000000000000e+01 1.900000000000000000e+02 1.000000000000000000e+00 2.460000000000000000e+02 1.000000000000000000e+00 1.000000000000000000e+00 1.880000000000000000e+02 1.890000000000000000e+02 1.000000000000000000e+00 1.000000000000000000e+00 1.000000000000000000e+00 1.000000000000000000e+00
1.000000000000000000e+00 1.000000000000000000e+00 1.000000000000000000e+00 1.000000000000000000e+00 1.860000000000000000e+02 1.860000000000000000e+02 3.750000000000000000e+02 1.000000000000000000e+00 2.140000000000000000e+02 1.840000000000000000e+02 1.000000000000000000e+00 1.000000000000000000e+00 1.000000000000000000e+00 1.000000000000000000e+00 1.000000000000000000e+00
1.000000000000000000e+00 1.000000000000000000e+00 1.000000000000000000e+00 1.000000000000000000e+00 1.000000000000000000e+00 1.830000000000000000e+02 6.260000000000000000e+02 1.880000000000000000e+02 1.890000000000000000e+02 1.000000000000000000e+00 1.000000000000000000e+00 1.000000000000000000e+00 1.000000000000000000e+00 1.000000000000000000e+00 1.000000000000000000e+00
2.270000000000000000e+02 1.890000000000000000e+02 1.870000000000000000e+02 1.880000000000000000e+02 3.420000000000000000e+02 3.760000000000000000e+02 1.087000000000000000e+03 7.730000000000000000e+02 3.730000000000000000e+02 4.020000000000000000e+02 3.750000000000000000e+02 4.070000000000000000e+02 3.750000000000000000e+02 3.980000000000000000e+02 2.820000000000000000e+02
