2.500000000000000000e-01 2.500000000000000000e-01 2.500000000000000000e-01 2.500000000000000000e-01 2.500000000000000000e-01 8.333333333333332871e-02 2.500000000000000000e-01 2.500000000000000000e-01 2.500000000000000000e-01 2.500000000000000000e-01 2.500000000000000000e-01 2.500000000000000000e-01 2.500000000000000000e-01 2.500000000000000000e-01 2.500000000000000000e-01
7.939018056428946979e-01 2.500000000000000000e-01 2.500000000000000000e-01 2.500000000000000000e-01 2.500000000000000000e-01 2.500000000000000000e-01 2.420282588290554759e+00 2.070734034053469230e+00 2.239736381358287787e+00 2.500000000000000000e-01 2.500000000000000000e-01 2.500000000000000000e-01 2.500000000000000000e-01 2.500000000000000000e-01 2.500000000000000000e-01
5.820111422208861240e-01 8.871743792471177281e-01 2.500000000000000000e-01 5.670403097468927456e+00 1.740181556475918434e+00 2.500000000000000000e-01 3.337485401201333968e+00 1.229202066787210779e+00 5.016117821598526483e+00 2.099321814135101327e+00 2.500000000000000000e-01 2.500000000000000000e-01 2.500000000000000000e-01 2.500000000000000000e-01 2.500000000000000000e-01
2.500000000000000000e-01 7.293555882090547726e-01 1.121434038364392727e+01 6.113048589512691144e+00 3.937858651797309317e+00 2.190378436550118657e+00 3.945436149431234440e+00 4.029465295254727408e+00 2.741769961726503446e+00 4.729374205463715342e+00 4.764057795143967766e+00 2.500000000000000000e-01 2.500000000000000000e-01 2.500000000000000000e-01 2.500000000000000000e-01
2.500000000000000000e-01 1.215201528247444207e+00 5.516059496405103069e+00 4.876830598900179226e+00 5.720209374310225137e+00 3.866133920632774057e+00 5.361159429333096860e+00 2.031168709276947482e+00 2.680251931640295293e+00 4.178066594299220782e+00 4.343403992479018427e+00 1.792889347678932266e+00 2.500000000000000000e-01 2.500000000000000000e-01 2.500000000000000000e-01
2.253049439725494651e-01 4.388851385783119063e-01 6.525240665474235868e+00 7.922526878758047175e+00 9.916782331666986749e+00 3.626941980443265656e+00 3.893088769423457274e-01 1.386946495698546444e+00 6.678393132534841126e-01 3.558250598334065984e+00 3.278170744246572177e+00 3.901954913863126873e+00 2.500000000000000000e-01 2.500000000000000000e-01 2.500000000000000000e-01
2.008871346610144215e+00 2.062085498187858690e+00 4.227305345175998319e+00 8.695822236483992995e+00 6.883045434843176658e+00 5.541904461818536021e+00 3.026346307903415855e+00 6.635935499598493159e+00 8.120516791865393103e+00 5.347987631582812540e+00 6.873094576413603107e+00 4.959274527813819944e+00 6.250000000000000000e-02 2.500000000000000000e-01 2.500000000000000000e-01
1.715354324608195258e+00 3.533996130904078381e+00 2.304144081962669510e+00 6.595963202839222106e+00 6.965746824904589296e+00 4.663021699577948986e+00 4.485892827772172353e+00 4.925043943334557639e+00 5.751953275724011050e+00 3.023313266384592968e+00 7.098864265373086901e+00 7.843775366991653009e+00 2.500000000000000000e-01 2.500000000000000000e-01 6.778107366372527753e-01
1.328586486601696759e+00 1.660516761423351584e+00 1.722781734477808468e+00 2.323833214888776144e+00 4.671840956153736180e+00 5.404038738108343232e+00 1.817571394884142766e+00 2.500000000000000000e-01 6.994302991082397725e+00 1.250000000000000000e-01 8.333333333333332871e-02 8.333333333333332871e-02 2.500000000000000000e-01 2.500000000000000000e-01 2.500000000000000000e-01
8.622330365330277413e-01 1.868000149389419384e+00 1.782677092734316515e+00 4.088546345315211106e+00 4.830365524257586252e+00 4.580740197493367916e+00 4.521266716440546674e+00 2.576562288949380886e+00 4.069864850805056555e+00 6.279888798593753485e+00 2.500000000000000000e-01 2.500000000000000000e-01 2.500000000000000000e-01 2.500000000000000000e-01 2.500000000000000000e-01
1.067301947476633206e+00 3.072147230274864249e+00 2.099382220766747853e+00 4.371975955581326012e+00 3.103520079924096287e+00 2.500000000000000000e-01 2.500000000000000000e-01 2.500000000000000000e-01 2.500000000000000000e-01 2.500000000000000000e-01 2.500000000000000000e-01 2.500000000000000000e-01 2.500000000000000000e-01 2.500000000000000000e-01 2.500000000000000000e-01
1.833461773251639171e+00 2.045123200239223671e+00 1.877545271219917211e+00 1.995691778377912451e+00 2.251476482746538998e+00 2.841729776222251758e+00 2.500000000000000000e-01 2.500000000000000000e-01 2.500000000000000000e-01 2.500000000000000000e-01 2.500000000000000000e-01 2.500000000000000000e-01 2.500000000000000000e-01 2.500000000000000000e-01 7.152821654314988065e-01
1.941384375772279514e+00 3.480009787842152758e+00 1.053903291344985504e+00 3.637864168100431450e-01 5.000000000000000278e-02 6.319812004066104549e+00 2.500000000000000000e-01 2.500000000000000000e-01 2.500000000000000000e-01 2.500000000000000000e-01 2.500000000000000000e-01 2.500000000000000000e-01 2.500000000000000000e-01 2.500000000000000000e-01 2.500000000000000000e-01
2.509007855179075541e+00 4.916473437382799183e+00 2.815126191200381545e+00 1.125643685412552664e+00 3.125000000000000000e-02 2.500000000000000000e-01 2.500000000000000000e-01 1.250000000000000000e-01 2.500000000000000000e-01 2.500000000000000000e-01 2.500000000000000000e-01 2.500000000000000000e-01 2.500000000000000000e-01 2.500000000000000000e-01 2.500000000000000000e-01
2.500000000000000000e-01 4.798160756705883045e+00 5.215269013463373682e+00 5.144731234465823810e+00 2.500000000000000000e-01 2.500000000000000000e-01 1.250000000000000000e-01 2.500000000000000000e-01 2.500000000000000000e-01 2.500000000000000000e-01 2.500000000000000000e-01 2.500000000000000000e-01 2.500000000000000000e-01 2.500000000000000000e-01 2.500000000000000000e-01
2.500000000000000000e-01 2.367882614091153304e+00 2.208365165022865728e+00 2.500000000000000000e-01 2.500000000000000000e-01 2.500000000000000000e-01 2.500000000000000000e-01 2.500000000000000000e-01 2.500000000000000000e-01 2.500000000000000000e-01 2.500000000000000000e-01 2.500000000000000000e-01 2.500000000000000000e-01 2.500000000000000000e-01 8.423770437006717904e-01
2.500000000000000000e-01 2.500000000000000000e-01 6.938124546800797932e-01 2.500000000000000000e-01 2.500000000000000000e-01 2.500000000000000000e-01 2.500000000000000000e-01 2.500000000000000000e-01 2.500000000000000000e-01 2.500000000000000000e-01 2.500000000000000000e-01 2.500000000000000000e-01 2.500000000000000000e-01 2.500000000000000000e-01 2.500000000000000000e-01
2.500000000000000000e-01 8.276556210511609724e-01 2.500000000000000000e-01 2.500000000000000000e-01 2.500000000000000000e-01 2.500000000000000000e-01 2.500000000000000000e-01 2.500000000000000000e-01 2.500000000000000000e-01 2.500000000000000000e-01 2.500000000000000000e-01 2.500000000000000000e-01 2.500000000000000000e-01 2.500000000000000000e-01 2.500000000000000000e-01
2.500000000000000000e-01 2.500000000000000000e-01 2.500000000000000000e-01 2.500000000000000000e-01 2.500000000000000000e-01 2.500000000000000000e-01 2.500000000000000000e-01 2.500000000000000000e-01 2.500000000000000000e-01 2.500000000000000000e-01 2.500000000000000000e-01 2.500000000000000000e-01 2.500000000000000000e-01 2.500000000000000000e-01 2.500000000000000000e-01
2.500000000000000000e-01 2.500000000000000000e-01 2.500000000000000000e-01 2.500000000000000000e-01 2.500000000000000000e-01 2.500000000000000000e-01 2.500000000000000000e-01 2.500000000000000000e-01 2.500000000000000000e-01 2.500000000000000000e-01 2.500000000000000000e-01 2.500000000000000000e-01 2.500000000000000000e-01 2.500000000000000000e-01 2.500000000000000000e-01
2.500000000000000000e-01 2.500000000000000000e-01 2.500000000000000000e-01 2.500000000000000000e-01 2.500000000000000000e-01 2.500000000000000000e-01 2.500000000000000000e-01 2.500000000000000000e-01 2.500000000000000000e-01 2.500000000000000000e-01 2.500000000000000000e-01 2.500000000000000000e-01 2.500000000000000000e-01 2.500000000000000000e-01 2.500000000000000000e-01
2.500000000000000000e-01 2.500000000000000000e-01 2.500000000000000000e-01 2.500000000000000000e-01 2.500000000000000000e-01 2.500000000000000000e-01 2.500000000000000000e-01 2.500000000000000000e-01 2.500000000000000000e-01 2.500000000000000000e-01 2.500000000000000000e-01 2.500000000000000000e-01 2.500000000000000000e-01 2.500000000000000000e-01 2.500000000000000000e-01
2.500000000000000000e-01 2.500000000000000000e-01 2.500000000000000000e-01 2.500000000000000000e-01 2.500000000000000000e-01 2.500000000000000000e-01 2.500000000000000000e-01 2.500000000000000000e-01 2.500000000000000000e-01 2.500000000000000000e-01 2.500000000000000000e-01 2.500000000000000000e-01 2.500000000000000000e-01 2.500000000000000000e-01 2.500000000000000000e-01
2.500000000000000000e-01 2.500000000000000000e-01 2.500000000000000000e-01 2.500000000000000000e-01 2.500000000000000000e-01 2.500000000000000000e-01 2.500000000000000000e-01 2.500000000000000000e-01 2.500000000000000000e-01 2.500000000000000000e-01 2.500000000000000000e-01 2.500000000000000000e-01 2.500000000000000000e-01 2.500000000000000000e-01 2.500000000000000000e-01
2.500000000000000000e-01 2.500000000000000000e-01 2.500000000000000000e-01 2.500000000000000000e-01 2.500000000000000000e-01 2.500000000000000000e-01 2.500000000000000000e-01 2.500000000000000000e-01 2.500000000000000000e-01 2.500000000000000000e-01 2.500000000000000000e-01 2.500000000000000000e-01 2.500000000000000000e-01 2.500000000000000000e-01 2.500000000000000000e-01
2.500000000000000000e-01 2.500000000000000000e-01 2.500000000000000000e-01 2.500000000000000000e-01 2.500000000000000000e-01 2.500000000000000000e-01 2.500000000000000000e-01 2.500000000000000000e-01 2.500000000000000000e-01 2.500000000000000000e-01 2.500000000000000000e-01 2.500000000000000000e-01 2.500000000000000000e-01 2.500000000000000000e-01 2.500000000000000000e-01
2.500000000000000000e-01 2.500000000000000000e-01 2.500000000000000000e-01 2.500000000000000000e-01 2.500000000000000000e-01 2.500000000000000000e-01 2.500000000000000000e-01 2.500000000000000000e-01 2.500000000000000000e-01 2.500000000000000000e-01 2.500000000000000000e-01 2.500000000000000000e-01 2.500000000000000000e-01 2.500000000000000000e-01 2.500000000000000000e-01
2.500000000000000000e-01 2.500000000000000000e-01 2.500000000000000000e-01 2.500000000000000000e-01 2.500000000000000000e-01 2.500000000000000000e-01 2.500000000000000000e-01 2.500000000000000000e-01 2.500000000000000000e-01 2.500000000000000000e-01 2.500000000000000000e-01 2.500000000000000000e-01 2.500000000000000000e-01 2.500000000000000000e-01 2.500000000000000000e-01
2.500000000000000000e-01 2.500000000000000000e-01 2.500000000000000000e-01 2.500000000000000000e-01 2.500000000000000000e-01 2.500000000000000000e-01 8.333333333333332871e-02 2.500000000000000000e-01 2.500000000000000000e-01 2.500000000000000000e-01 2.500000000000000000e-01 2.500000000000000000e-01 2.500000000000000000e-01 2.500000000000000000e-01 2.500000000000000000e-01
2.500000000000000000e-01 3.869434038072937287e+00 6.891263478630993422e-01 2.500000000000000000e-01 2.500000000000000000e-01 2.500000000000000000e-01 2.500000000000000000e-01 2.500000000000000000e-01 2.500000000000000000e-01 2.500000000000000000e-01 2.500000000000000000e-01 2.500000000000000000e-01 2.500000000000000000e-01 2.500000000000000000e-01 2.500000000000000000e-01
