6.711111068725585938e+00
5.157223939895629883e-01
2.843464910984039307e-01
7.814568877220153809e-01
9.986552596092224121e-01
1.814221763610839844e+01
1.025849056243896484e+01
1.771602439880371094e+01
1.774584388732910156e+01
4.796190738677978516e+00
1.315724945068359375e+01
1.630929565429687500e+01
2.862482643127441406e+01
8.636632561683654785e-01
1.423706245422363281e+01
2.086055755615234375e+01
1.834654617309570312e+01
3.844293975830078125e+01
2.051817131042480469e+01
1.508259868621826172e+01
1.246491146087646484e+01
5.920738220214843750e+00
1.186641025543212891e+01
3.839230728149414062e+01
4.016869735717773438e+01
3.280978202819824219e+00
1.269012737274169922e+01
4.004840469360351562e+01
2.490146446228027344e+01
2.250999450683593750e+01
2.628324317932128906e+01
2.878154945373535156e+01
3.555301284790039062e+01
3.890056991577148438e+01
1.683480072021484375e+01
2.049931907653808594e+01
2.610937309265136719e+01
2.390060234069824219e+01
1.883372688293457031e+01
1.959917831420898438e+01
1.747866249084472656e+01
2.351360893249511719e+01
2.370307350158691406e+01
2.175005722045898438e+01
1.894562721252441406e+01
1.240326762199401855e+00
7.997567653656005859e+00
1.151651144027709961e+00
6.556929945945739746e-01
5.889397144317626953e+00
2.199847412109375000e+01
2.159199523925781250e+01
4.690909862518310547e+00
3.573165893554687500e+00
1.685949134826660156e+01
1.671460151672363281e+01
2.681828260421752930e+00
1.909753799438476562e+01
3.734545516967773438e+01
2.479680824279785156e+01
1.872264099121093750e+01
2.151309728622436523e+00
3.816047286987304688e+01
3.655505371093750000e+01
2.773509597778320312e+01
2.833726501464843750e+01
4.635609054565429688e+01
3.729012298583984375e+01
2.653952217102050781e+01
1.911793899536132812e+01
2.491664886474609375e+01
1.694949531555175781e+01
3.937580108642578125e+01
3.929989242553710938e+01
2.855261611938476562e+01
2.457196235656738281e+01
2.439546203613281250e+01
2.065098381042480469e+01
2.242282104492187500e+01
2.286984634399414062e+01
2.195445251464843750e+01
2.671861648559570312e+01
2.807606315612792969e+01
2.241369819641113281e+01
6.260712146759033203e-01
1.905822396278381348e+00
2.202205896377563477e+00
2.697653579711914062e+01
2.540449142456054688e+01
7.034137248992919922e-01
4.067166805267333984e+00
6.039248466491699219e+00
2.628914642333984375e+01
2.786199378967285156e+01
2.428641510009765625e+01
6.129580497741699219e+00
6.428722381591796875e+00
4.069545745849609375e+00
2.433394622802734375e+01
2.835358238220214844e+01
1.738554382324218750e+01
6.821616172790527344e+00
2.889440536499023438e+01
3.320626449584960938e+01
2.995421600341796875e+01
2.848472023010253906e+01
2.781315612792968750e+01
2.591163063049316406e+01
3.585723114013671875e+01
3.446557617187500000e+01
3.453540420532226562e+01
2.317036247253417969e+01
2.248114585876464844e+01
2.972363853454589844e+01
2.919462013244628906e+01
2.882741165161132812e+01
2.959362792968750000e+01
3.130128479003906250e+01
2.576861953735351562e+01
2.698026466369628906e+01
2.769308853149414062e+01
2.002210617065429688e+01
2.825249862670898438e+01
2.311541366577148438e+01
1.859569549560546875e+01
4.111462783813476562e+01
4.222488403320312500e+01
2.582105636596679688e+01
1.964602470397949219e+01
1.956127738952636719e+01
2.248730087280273438e+01
2.633100700378417969e+01
2.678458404541015625e+01
2.343715095520019531e+01
2.728862953186035156e+01
2.617981529235839844e+01
3.239754867553710938e+01
2.907506942749023438e+00
1.912410259246826172e+00
2.766717338562011719e+01
2.821702194213867188e+01
2.784966087341308594e+01
2.332696723937988281e+01
1.772677612304687500e+01
3.413737869262695312e+01
3.395140457153320312e+01
4.589462757110595703e+00
2.521164894104003906e+01
2.880454254150390625e+01
2.291715431213378906e+01
3.388077926635742188e+01
3.452901458740234375e+01
2.153680229187011719e+01
2.801352691650390625e+01
2.851934051513671875e+01
3.821392822265625000e+01
2.899930953979492188e+01
1.789616775512695312e+01
1.956783676147460938e+01
2.564340400695800781e+01
2.543755912780761719e+01
2.211958885192871094e+01
2.192041778564453125e+01
1.757268905639648438e+01
1.715509414672851562e+01
1.658434867858886719e+01
1.719838905334472656e+01
1.865950393676757812e+01
2.397676086425781250e+01
2.007056427001953125e+01
2.760754776000976562e+01
3.175348854064941406e+01
2.047952270507812500e+01
1.954880714416503906e+01
1.908464431762695312e+01
3.733642578125000000e+01
3.435410690307617188e+01
1.817431449890136719e+01
2.009361076354980469e+01
2.029326629638671875e+01
2.347485351562500000e+01
2.317114639282226562e+01
1.834335327148437500e+01
