-9.846226818144342419e-01 9.438785064631928512e-02 1.470003677101508477e-01
-9.747677595072603562e-01 1.206070632890221123e-01 1.878343720142656714e-01
-9.611435171725605242e-01 1.491499983273061880e-01 2.322873595272123837e-01
-9.585604856783387362e-01 1.539262338510650474e-01 2.397259056266856092e-01
-9.439233035980635345e-01 1.783888042010623454e-01 2.778241016546853515e-01
-9.131321367127916977e-01 2.202616428308734053e-01 3.430371839899812869e-01
-8.523868019567654164e-01 2.825304457625856802e-01 4.400150986808437636e-01
-7.601666901729109416e-01 3.510495902938197132e-01 5.467273436605333270e-01
-7.545854502858536650e-01 3.545473439642864433e-01 5.521747722458583141e-01
-9.983008857036230754e-01 3.148317754075820318e-02 4.903214389865855061e-02
-9.999219776678264227e-01 6.749207980274602066e-03 1.051126864378217410e-02
-9.719065501431647380e-01 1.271693708167905279e-01 1.980545604495732581e-01
-8.864360046071037003e-01 2.500795568562232951e-01 3.894758336261569531e-01
-8.207334329480904245e-01 3.086808271966675066e-01 4.807419047289549496e-01
-7.922502245200060411e-01 3.296904932525988041e-01 5.134625209368822718e-01
-7.738858693652873599e-01 3.421870028966220723e-01 5.329246815877085597e-01
-7.782979370893400306e-01 3.392531981323024803e-01 5.283555513851279084e-01
-7.827429577214138900e-01 3.362545093503410132e-01 5.236853703122651416e-01
-7.878462107920698454e-01 3.327570738949958695e-01 5.182384373176286418e-01
-7.997796731518647118e-01 3.243400469755094440e-01 5.051296945745922251e-01
-7.921802398072015361e-01 3.297395819220116930e-01 5.135389720098189059e-01
-7.813666231643680016e-01 3.371876873845525147e-01 5.251387089912242789e-01
-7.929492546605285686e-01 3.291995395643872446e-01 5.126979058704137504e-01
-8.047422693594572518e-01 3.207366101273770309e-01 4.995176741920046570e-01
-8.044413480911876135e-01 3.209569050449398442e-01 4.998607631983191801e-01
-7.927601189759864164e-01 3.293324912375896751e-01 5.129049658332649475e-01
-8.011165688663358653e-01 3.233754407143291654e-01 5.036274093321795320e-01
-8.103604276582140331e-01 3.165802579142490414e-01 4.930445391488926243e-01
-8.215125723641519828e-01 3.080751884702819243e-01 4.797986782981318865e-01
-8.450051842180091866e-01 2.889310411442635451e-01 4.499834353706593237e-01
-8.627883315193711766e-01 2.731581093424541029e-01 4.254185495420663710e-01
-8.649901085204557694e-01 2.711177061887753426e-01 4.222408099091168321e-01
-8.801532759612537005e-01 2.564758823024557155e-01 3.994375202855259821e-01
-9.022806777496985564e-01 2.329508730343252121e-01 3.627994891287614210e-01
-9.046757033638155310e-01 2.302232320810401189e-01 3.585514400380301336e-01
-9.068769553244666604e-01 2.276809734626713821e-01 3.545921068277121391e-01
-9.179659199291733129e-01 2.143159137106315226e-01 3.337772595294109523e-01
-9.225993673822575625e-01 2.084267581912571388e-01 3.246054432318432603e-01
-9.243181369551185522e-01 2.061916931227665561e-01 3.211245356290696185e-01
-9.275392063772196494e-01 2.019249455111168934e-01 3.144794699395336290e-01
-9.241580381519466370e-01 2.064010821723736289e-01 3.214506397523858583e-01
-9.189400295190416346e-01 2.130937650700674979e-01 3.318738757959200925e-01
-9.216269773969172352e-01 2.096788677460806882e-01 3.265554883246396534e-01
-9.269602226363198305e-01 2.026996114785800107e-01 3.156859407012879704e-01
-9.256355180656534731e-01 2.044591934639385100e-01 3.184263272774489062e-01
-9.176110400652209842e-01 2.147591082129297613e-01 3.344674940708148303e-01
-9.173310977517774578e-01 2.151079515211297699e-01 3.350107853336997121e-01
-9.165371816028603513e-01 2.160936318049257177e-01 3.365458914217235309e-01
-9.506688182174387602e-01 1.676059190003234001e-01 2.610307529489874767e-01
-9.611467091320101686e-01 1.491439934317315696e-01 2.322780074564587405e-01
-9.665181189231462078e-01 1.386406934214405029e-01 2.159200868860634837e-01
-9.771867596102935538e-01 1.147503862765133081e-01 1.787131379941756804e-01
-9.960787378717704810e-01 4.780117727175555581e-02 7.444592273063042887e-02
-9.914692889578098356e-01 -7.042327915069489241e-02 -1.096777589448207357e-01
-9.420321672609039965e-01 -1.812836189393347008e-01 -2.823325084895155213e-01
-8.676049060131120205e-01 -2.686675841499617245e-01 -4.184249709195212996e-01
-7.147320696414473096e-01 -3.778865476540619883e-01 -5.885234283596089133e-01
-6.845464675605542615e-01 -3.938637541947530019e-01 -6.134064532444879481e-01
-5.870189695787334516e-01 -4.374142544478701877e-01 -6.812323387512778661e-01
-4.670377777747258818e-01 -4.777554861655123331e-01 -7.440600846504270560e-01
-2.796146609896749680e-01 -5.187508931694211345e-01 -8.079066481936864053e-01
4.428996306883110218e-02 -5.397721170103293442e-01 -8.406452645852166006e-01
1.842508871986170971e-01 -5.310519225499481522e-01 -8.270643663721259919e-01
2.054144162344033464e-01 -5.287804039075491014e-01 -8.235266856917561329e-01
3.663908255314251572e-01 -5.027302500803996210e-01 -7.829559748929051377e-01
4.585749877555162501e-01 -4.801427321814718541e-01 -7.477780000363339896e-01
4.566434838661336260e-01 -4.806798268168225863e-01 -7.486144753703001253e-01
4.629278256758438959e-01 -4.789217903381451369e-01 -7.458764957781827132e-01
4.956298333457733185e-01 -4.692708480076406841e-01 -7.308460436424559781e-01
5.475083016143901249e-01 -4.521251050338656596e-01 -7.041431310901513640e-01
6.013023257005852829e-01 -4.317132115121157798e-01 -6.723534904445447324e-01
6.338217711342055694e-01 -4.179125567431871691e-01 -6.508602441021198448e-01
6.675736583316765893e-01 -4.022787104009724057e-01 -6.265119710426867439e-01
6.982765508329076276e-01 -3.867635691885135119e-01 -6.023485702692915611e-01
7.025499000410572181e-01 -3.844977523118667806e-01 -5.988197695629484674e-01
6.720909550857240289e-01 -4.000768921875610395e-01 -6.230828423488340428e-01
5.899858763840535314e-01 -4.362474112000641058e-01 -6.794150880636832257e-01
2.027542367810725443e-01 -5.290800411878076037e-01 -8.239933431066253089e-01
-8.559248291838905676e-01 -2.793904669673550334e-01 -4.351248714498989756e-01
-9.443568188960732579e-01 -1.777177392803317157e-01 -2.767789799633945114e-01
-9.827444073881955733e-01 -9.993902938914567269e-02 -1.556458163651687487e-01
-9.933757993871168424e-01 -6.208663894040857695e-02 -9.669421108365214290e-02
-9.980857253306505417e-01 -3.341534934400509915e-02 -5.204132319039565108e-02
-9.990496953784500089e-01 -2.354941032822725766e-02 -3.667603355624906442e-02
-9.996444918929049406e-01 -1.440581957139035543e-02 -2.243573468046810779e-02
-9.999117397617370839e-01 -7.178352544064423545e-03 -1.117962170242210035e-02
-9.995542414336644477e-01 -1.613070187794749671e-02 -2.512207970882076799e-02
-9.999543792705221090e-01 -5.160930115026252617e-03 -8.037672427545997783e-03
-9.993510514836969616e-01 1.946195529490515885e-02 3.031019951317366623e-02
-9.911949231427286122e-01 7.154186949699820053e-02 1.114198601908779201e-01
-9.873058902753730770e-01 8.581640255484981883e-02 1.336511282410177692e-01
-9.746425146425771180e-01 1.209021862856745066e-01 1.882939988489754357e-01
-9.702393347164049997e-01 1.308330998516663568e-01 2.037604803495312866e-01
-9.431938261383375766e-01 1.795116551751453626e-01 2.795728384353584617e-01
-9.577263419046100346e-01 1.554346102367728244e-01 2.420750626614739109e-01
-9.577498948476299567e-01 1.553922384218518749e-01 2.420090724696083995e-01
-9.346990317396881576e-01 1.920451477170241616e-01 2.990925965369851669e-01
-9.374836109128609207e-01 1.880410997538081164e-01 2.928566613091836968e-01
-9.364512824529307444e-01 1.895367825355714908e-01 2.951860492271353720e-01
-9.328062838739938911e-01 1.947131647458477943e-01 3.032477868671858978e-01
-9.299349164410577462e-01 1.986822066757120697e-01 3.094292034282357662e-01
-9.286017975534457403e-01 2.004941676472553336e-01 3.122511654420904170e-01
-9.237555724521622214e-01 2.069263610508036144e-01 3.222687131352507950e-01
-9.197810370267475166e-01 2.120318933638667136e-01 3.302201085980904782e-01
-9.236085057548759636e-01 2.071179161377905698e-01 3.225670425074212422e-01
-9.226146090011365652e-01 2.084070617154509530e-01 3.245747677882742099e-01
-9.242019374190552083e-01 2.063436922173993437e-01 3.213612601931912782e-01
-9.258668808650138971e-01 2.041531522138048393e-01 3.179496962704276841e-01
-9.236936535521992342e-01 2.070070360403618304e-01 3.223943569871752235e-01
-9.213231217620472258e-01 2.100683311955122978e-01 3.271620417092552247e-01
-9.306906633883169633e-01 1.976464600081553058e-01 3.078161235673972373e-01
-9.319664907259138653e-01 1.958835888559050942e-01 3.050706144173114809e-01
-9.390534555893295110e-01 1.857403481584352922e-01 2.892734530020380501e-01
-9.468512324506858091e-01 1.738000124940588809e-01 2.706774820033658324e-01
-9.445061504630092308e-01 1.774859206771832176e-01 2.764179438801323552e-01
-9.402503521235988648e-01 1.839642276898738327e-01 2.865073092643827257e-01
-9.633634109427270387e-01 1.449087746965867507e-01 2.256820450827410063e-01
-9.876195944922894210e-01 8.475608554560823404e-02 1.319997823402419557e-01
-9.999029713751778070e-01 7.526468042137301161e-03 1.172177946819289059e-02
-9.887817841361737914e-01 -8.070348404343484494e-02 -1.256882294558090418e-01
-9.926513578532381032e-01 -6.538167317493616404e-02 -1.018259228535077915e-01
-9.941186409707409855e-01 -5.851283809613148923e-02 -9.112834604239682113e-02
-9.867676264783219464e-01 -8.760506862512706938e-02 -1.364368105956956789e-01
-9.821907862147803980e-01 -1.015153978917167771e-01 -1.581008648479756695e-01
-9.936284785942707254e-01 -6.089484209705164214e-02 -9.483809747358874775e-02
-9.901618559381152318e-01 -7.560275278174302671e-02 -1.177443111874614673e-01
-9.663557025613245255e-01 -1.389708116176447961e-01 -2.164342155148812064e-01
-9.139489570222514292e-01 -2.192704288407347768e-01 -3.414934596649533693e-01
-8.953119608288360176e-01 -2.406720766942515022e-01 -3.748245513523643102e-01
-8.799033474944802924e-01 -2.567261055618627608e-01 -3.998272199226148849e-01
-7.866240800894237495e-01 -3.336000567027813113e-01 -5.195513052542249932e-01
-6.532017711810680360e-01 -4.091082027501793950e-01 -6.371482751828132507e-01
-5.234982127737004554e-01 -4.603520298957643475e-01 -7.169558074202276865e-01
-4.809777095746500808e-01 -4.737007658869456517e-01 -7.377452319672723746e-01
-5.164403300607023350e-01 -4.626733877385136862e-01 -7.205711080562138271e-01
-3.536695694833554837e-01 -5.053827985245024079e-01 -7.870870743297720962e-01
-2.519518794671368189e-01 -5.228720258595578319e-01 -8.143249320796330792e-01
-1.089224392739316788e-01 -5.370876429569100274e-01 -8.364644439577856305e-01
2.620199643613676729e-02 -5.401168032038213829e-01 -8.411820815255429684e-01
2.471445798254935655e-01 -5.235413801149710888e-01 -8.153673895675442873e-01
3.110482598742556615e-01 -5.135001335810994716e-01 -7.997290746505283376e-01
1.790471789515681034e-01 -5.315712847894483728e-01 -8.278732251358177363e-01
1.237179924568457545e-01 -5.361513891737287318e-01 -8.350063150836217751e-01
1.253786981959250646e-01 -5.360387569976852173e-01 -8.348309008626068062e-01
2.562279662565630223e-01 -5.222650599048835884e-01 -8.133796386132209344e-01
3.452496200971847951e-01 -5.070796005901490044e-01 -7.897296869740205727e-01
4.532896536775686269e-01 -4.816056334094118152e-01 -7.500563337091349370e-01
4.620309383012290994e-01 -4.791745598783564430e-01 -7.462701610126653007e-01
4.737012542425037553e-01 -4.758364591002292587e-01 -7.410713770751334861e-01
4.916064326475675927e-01 -4.705047023323818967e-01 -7.327676578989068545e-01
5.257154250157091147e-01 -4.596138314521812651e-01 -7.158061314618633375e-01
5.614786446212578497e-01 -4.470954183185393283e-01 -6.963098581471079962e-01
5.854217462022976992e-01 -4.380387040266488508e-01 -6.822048613489253288e-01
6.075075256265251022e-01 -4.291696435119248254e-01 -6.683921179928622447e-01
6.175978442243423849e-01 -4.249445529310332814e-01 -6.618119292848151369e-01
5.822315161618194512e-01 -4.392782225770363591e-01 -6.841352971141517747e-01
5.128257578277097828e-01 -4.638455936114865841e-01 -7.223967105376676301e-01
4.744179804521973520e-01 -4.756279632900645149e-01 -7.407466640898247023e-01
4.331896582568093845e-01 -4.869759759374663322e-01 -7.584201466463698083e-01
2.512498492313837706e-01 -5.229706322886346070e-01 -8.144785024939779072e-01
2.176147033398441108e-02 -5.401743575086687121e-01 -8.412717170444993231e-01
-2.624108802952550001e-01 -5.213680772749919035e-01 -8.119826709365461914e-01
-4.082465857470162218e-01 -4.932266799040082583e-01 -7.681550412883931811e-01
-4.868008627293385904e-01 -4.719610753876872233e-01 -7.350358245452185413e-01
-5.660176783142558676e-01 -4.454214943490844569e-01 -6.937028760265938621e-01
-6.970850901847740477e-01 -3.873904900612247793e-01 -6.033249416791995889e-01
-8.095624625181557787e-01 -3.171756867421022807e-01 -4.939718646048735229e-01
-8.820058459338924184e-01 -2.546112274433533496e-01 -3.965334924041447051e-01
-9.311163402692184121e-01 -1.970603032219970796e-01 -3.069032384607755515e-01
-9.606770618522979532e-01 -1.500247235236234211e-01 -2.336496633049071070e-01
-9.723866983690878651e-01 -1.260933032279597521e-01 -1.963786844744773996e-01
-9.756613033195205009e-01 -1.184790946647385351e-01 -1.845202572409831987e-01
-9.828555311786927318e-01 -9.961950389466202316e-02 -1.551481848918357387e-01
-9.890455862020149924e-01 -7.975423624368749298e-02 -1.242098635998708511e-01
-9.934454513066306447e-01 -6.176044209791420325e-02 -9.618618960139337093e-02
-9.977829640040518644e-01 -3.595815050859692968e-02 -5.600150136639245324e-02
-9.994643723187820461e-01 -1.768174661190924715e-02 -2.753768875877810746e-02
-9.997395257170350602e-01 -1.233121761253155001e-02 -1.920473356415721561e-02
-9.995292657451408935e-01 1.657633842614903916e-02 2.581611751137839750e-02
-9.905382275529698299e-01 7.414951791887540444e-02 1.154810319862936141e-01
-9.699732749227857331e-01 1.314077478186810866e-01 2.046554415323172949e-01
-9.517254541470292484e-01 1.658461073640563055e-01 2.582900087127275035e-01
-9.437928842512602889e-01 1.785901347920642868e-01 2.781376554723211103e-01
-9.376897114864074512e-01 1.877408668247314283e-01 2.923890762262439380e-01
-9.362628533750477766e-01 1.898083380030899658e-01 2.956089718099209063e-01
-9.247422878416426961e-01 2.056357506679836467e-01 3.202587065555271839e-01
-9.226978982162554743e-01 2.082993898809899214e-01 3.244070788415568396e-01
-9.140662370920731306e-01 2.191276680322262471e-01 3.412711228790042406e-01
-8.921223620591820502e-01 2.441052638448937828e-01 3.801714235409605624e-01
-9.012337568545440991e-01 2.341309603875980916e-01 3.646373662885161182e-01
-9.190733752974675763e-01 2.129258181575881537e-01 3.316123139770927875e-01
-9.183587325127211543e-01 2.138240750025388881e-01 3.330112661261432350e-01
-9.074729201461563255e-01 2.269867149479328772e-01 3.535108632539510354e-01
-9.104061708754244142e-01 2.235314967991697543e-01 3.481296798186995223e-01
-9.101209084559088724e-01 2.238703546637485775e-01 3.486574196745546583e-01
-9.099595701007968662e-01 2.240617316387053803e-01 3.489554716536734102e-01
-9.133983367733735648e-01 2.199391961964624886e-01 3.425350031107607385e-01
-9.154350663335988347e-01 2.174531455081086806e-01 3.386632085648348944e-01
-9.191530186474323738e-01 2.128254337581847455e-01 3.314559745380270539e-01
-9.362957941714024068e-01 1.897608971860639537e-01 2.955350871150206893e-01
-9.417930301894594791e-01 1.816459776986198149e-01 2.828968488203225662e-01
-9.399124435137738987e-01 1.844676253400115429e-01 2.872913046532803438e-01
-9.373034451747825901e-01 1.883031065514213231e-01 2.932647127196986725e-01
-9.374097098698244146e-01 1.881486208906614221e-01 2.930241155582827273e-01
-9.361968147187762490e-01 1.899034051178044580e-01 2.957570300687379361e-01
-9.320841110899908966e-01 1.957201455890500985e-01 3.048160666109686612e-01
-9.242654532717495819e-01 2.062606242083968311e-01 3.212318894342991449e-01
-9.280087520005844137e-01 2.012941588197227072e-01 3.134970778737468100e-01
-9.429415162434214848e-01 1.798981919386162809e-01 2.801748337766511998e-01
-9.451952180307467977e-01 1.764118054909866451e-01 2.747451085919806468e-01
-9.559169715917090748e-01 1.586527993907845824e-01 2.470870953093324551e-01
-9.681711896316133048e-01 1.352316850265592729e-01 2.106108708784620587e-01
-9.784738522780379588e-01 1.115026365346483000e-01 1.736550674584491361e-01
-9.912421921212006826e-01 7.135042606747504790e-02 1.111217047149041376e-01
-9.971855214488672958e-01 4.050839136003983598e-02 6.308808161746992660e-02
-9.970112394619907725e-01 4.174194060405835710e-02 6.500922073884658758e-02
-9.989556833226110877e-01 2.468621520994380286e-02 3.844650226045981389e-02
-9.999966606893654353e-01 1.396303628320260618e-03 2.174614056709640950e-03
-9.977259940624122470e-01 -3.641669916326054773e-02 -5.671564858329568998e-02
-9.887433425142444499e-01 -8.084085837830572163e-02 -1.259021773061062832e-01
-9.829421404515540361e-01 -9.936972987041080285e-02 -1.547591848970487349e-01
-9.806785323884715799e-01 -1.056972952145593669e-01 -1.646137840422843557e-01
-9.700241109784610849e-01 -1.312981563366620308e-01 -2.044847629116643972e-01
-9.418205216792895351e-01 -1.816043619515568808e-01 -2.828320361343794609e-01
-9.067052055379152264e-01 -2.278805732271350359e-01 -3.549029650427271698e-01
-9.243193452983118341e-01 -2.061901118157381807e-01 -3.211220728892886234e-01
-9.000681433057927672e-01 -2.354362802464133875e-01 -3.666702815197805387e-01
-8.397024757798141614e-01 -2.934094010128855956e-01 -4.569580676238358952e-01
-7.596331444702304481e-01 -3.513865863286471103e-01 -5.472521838883516176e-01
-6.466744353026515624e-01 -4.121243008784849504e-01 -6.418455697061534737e-01
-5.313893904740525365e-01 -4.577050418885535432e-01 -7.128333678507288163e-01
-3.153051712064811607e-01 -5.127416642791507995e-01 -7.985478287007600207e-01
-3.258666420917462614e-01 -5.108103072212668572e-01 -7.955399182997447971e-01
-2.647353392771708558e-01 -5.210249184748041440e-01 -8.114482327703504971e-01
-1.136521567379830677e-01 -5.368014723703825597e-01 -8.360187596757588935e-01
-8.775788911957643768e-02 -5.382177297334079791e-01 -8.382244498330339022e-01
5.970832925783135792e-02 -5.393383342305807515e-01 -8.399696879332139154e-01
2.394998629857994221e-01 -5.245775625930199082e-01 -8.169811481630097072e-01
3.437376348430605244e-01 -5.073793773049753986e-01 -7.901965615453626635e-01
2.997641992597203653e-01 -5.154555994863172508e-01 -8.027745323566137792e-01
3.415858252338941914e-01 -5.078034387858093579e-01 -7.908569981713421404e-01
3.554579666701646046e-01 -5.050163871201990284e-01 -7.865164223783083219e-01
3.156492863425365836e-01 -5.126798522494633303e-01 -7.984515621682481967e-01
2.237482633490498474e-01 -5.266040048876458046e-01 -8.201371450462273671e-01
1.404329579578811327e-01 -5.349480126703219929e-01 -8.331321672215478147e-01
1.229485341883713445e-01 -5.362030582353268793e-01 -8.350867848792804526e-01
3.746547924339969915e-02 -5.399229717630817937e-01 -8.408802069424542447e-01
-3.761018041665718514e-01 -5.006324173855215554e-01 -7.796887940488683721e-01
-4.266660098659725286e-01 -4.886544105535312044e-01 -7.610341536827573972e-01
-5.257607205908316761e-01 -4.595987058419259697e-01 -7.157825747196115973e-01
-4.534692222061581512e-01 -4.815562823614245591e-01 -7.499794740057798004e-01
-7.394118066400805489e-01 -3.637603803394123814e-01 -5.665232262640059746e-01
-8.552030934178933563e-01 -2.800349213415712635e-01 -4.361285496704909725e-01
-9.161719915269295189e-01 -2.165452387648905686e-01 -3.372492275896807334e-01
-9.010542365968005063e-01 -2.343325812635423389e-01 -3.649513721981634262e-01
-9.054874036333424581e-01 -2.292897860318659220e-01 -3.570976839504976241e-01
-8.860362792614691063e-01 -2.504927451095600444e-01 -3.901193362036401990e-01
-9.285064689480153621e-01 -2.006230112448372793e-01 -3.124518274562368969e-01
-9.068010532089855191e-01 -2.277692096691672496e-01 -3.547295265773031114e-01
-8.727548441900490062e-01 -2.637533075194519183e-01 -4.107714385340743291e-01
-9.097083162717458649e-01 -2.243593724078229712e-01 -3.494190196866693854e-01
-8.964032062717242066e-01 -2.394833467124157789e-01 -3.729732140961244946e-01
-7.594778243971608278e-01 -3.514845838288868096e-01 -5.474048059522217402e-01
-8.113050890498337830e-01 -3.158731551265955839e-01 -4.919432918052761283e-01
-9.944925378733661114e-01 -5.662768251972697536e-02 -8.819239018552815779e-02
-9.975471249790595074e-01 -3.782013268439374243e-02 -5.890136679014815191e-02
-8.947322912604186440e-01 -2.413005625755939576e-01 -3.758033601188036088e-01
-8.770120508706973350e-01 -2.595981727379512716e-01 -4.043001995283829197e-01
-9.542288447732338863e-01 -1.615922274714715612e-01 -2.516649833082618692e-01
-9.600439681558701199e-01 -1.512031723674466255e-01 -2.354849886373880374e-01
-8.381309026362934178e-01 -2.947182377639491202e-01 -4.589964600902544101e-01
-4.820836794046254314e-01 -4.733724534480812651e-01 -7.372339156388848513e-01
-3.943713885033527378e-01 -4.965114229273834279e-01 -7.732707254465039926e-01
-4.023596594737037235e-01 -4.946368620975679087e-01 -7.703512699298137312e-01
-3.825442522261975342e-01 -4.992053837151457230e-01 -7.774663207872823945e-01
-3.451464457326043345e-01 -5.071001041295616352e-01 -7.897616193446844735e-01
-2.449936205473116080e-01 -5.238364259852587024e-01 -8.158268962850576678e-01
-1.852447459259950330e-02 -5.402095938818131104e-01 -8.413265944442233080e-01
1.590510359252403361e-01 -5.334244531825421687e-01 -8.307593639063083346e-01
2.017522269706900628e-01 -5.291918494302332299e-01 -8.241674741270589299e-01
1.701004914913383514e-01 -5.324283297118334035e-01 -8.292079935183164219e-01
1.590024739979025992e-01 -5.334286795291639516e-01 -8.307659460511840344e-01
1.197426745603105552e-01 -5.364148100601681124e-01 -8.354165688069977724e-01
7.805919867354697839e-02 -5.386536952812942536e-01 -8.389034259449954511e-01
1.337727592235193885e-02 -5.402539597480965350e-01 -8.413956901870840444e-01
-7.752658721416490206e-02 -5.386761498839747198e-01 -8.389383969166640531e-01
-2.360753571442406051e-01 -5.250305265040936531e-01 -8.176865976571057182e-01
-4.417347024505779984e-01 -4.847299041476403336e-01 -7.549220970907651873e-01
-3.906183754223074844e-01 -4.973767498008211385e-01 -7.746183922035472236e-01
-4.746327820937645270e-01 -4.755653982294219539e-01 -7.406492247810863017e-01
-5.316897601049049848e-01 -4.576031996608099228e-01 -7.126747579785448483e-01
-6.091369984226376877e-01 -4.284948560134371753e-01 -6.673411987302170223e-01
-7.023308065699630509e-01 -3.846145818742973677e-01 -5.990017208259459380e-01
-7.709704499680664069e-01 -3.441028251463037479e-01 -5.359083979584284840e-01
-7.920841645263388964e-01 -3.298069520739491667e-01 -5.136438948048575037e-01
-7.781686246113567185e-01 -3.393397835003622021e-01 -5.284904001061860868e-01
-9.073044803753506082e-01 -2.271831971815093942e-01 -3.538168662022804778e-01
-9.880919410746550335e-01 8.313339966416671833e-02 1.294725988137964690e-01
-8.521542980148114621e-01 2.827351179876917975e-01 4.403338567852463359e-01
-7.726393713199711799e-01 3.430083143326514428e-01 5.342037983625280706e-01
-7.409322706570847794e-01 3.628560913968166268e-01 5.651148796794873697e-01
-7.647915394708804104e-01 3.481047883314815072e-01 5.421410863368087973e-01
-7.634564540720916170e-01 3.489592721262269048e-01 5.434718659993377221e-01
-7.607090750058543849e-01 3.507064365297906106e-01 5.461929133376900447e-01
-7.634489277486495862e-01 3.489640789800649290e-01 5.434793522306364810e-01
-7.573023210088971613e-01 3.528522359679301945e-01 5.495347979582086984e-01
-7.756567756752004161e-01 3.410144728931386870e-01 5.310985743028938666e-01
-7.760841474415354213e-01 3.407305000960618724e-01 5.306563128751344838e-01
-7.683135955591712252e-01 3.458332443106182930e-01 5.386033661318229138e-01
-7.678057182753109666e-01 3.461623641342312374e-01 5.391159398874546538e-01
-7.712188455158051070e-01 3.439402929222313832e-01 5.356552690171528797e-01
-7.600815635219736466e-01 3.511033952096193067e-01 5.468111398520240085e-01
-7.589373313135993060e-01 3.518252332327579945e-01 5.479353359652098243e-01
-7.714077955493688910e-01 3.438165710426193677e-01 5.354625836061362998e-01
-7.860025628243050289e-01 3.340274406963766318e-01 5.202169163872442104e-01
-7.796677099450974868e-01 3.383337758461334444e-01 5.269236360144283760e-01
-7.697306367853492537e-01 3.449121439362343722e-01 5.371688372935748967e-01
-7.738983609653636853e-01 3.421787555573750916e-01 5.329118371178575009e-01
-7.761511098508688811e-01 3.406859704103013531e-01 5.305869619985547070e-01
-7.800973357382473550e-01 3.380445524053079520e-01 5.264731971935354693e-01
-7.818622223513613800e-01 3.368521497623661598e-01 5.246161401065189134e-01
-7.770457649914686016e-01 3.400901003979139303e-01 5.296589494383723284e-01
-7.627246178070443694e-01 3.494261448150464688e-01 5.441989771313358037e-01
-7.533000340831170760e-01 3.553444087852955513e-01 5.534161271551485406e-01
-7.514799609039276573e-01 3.564676425868862353e-01 5.551654601543393186e-01
-7.428373411030312345e-01 3.617172354041961468e-01 5.633412165593106868e-01
-7.464361120484827028e-01 3.595479969350586780e-01 5.599628278108573776e-01
-7.477102005981784982e-01 3.587743425185776491e-01 5.587579324464164721e-01
-7.381407163714982511e-01 3.645132129107945818e-01 5.676956935260485393e-01
-7.423259676758529046e-01 3.620235748679694887e-01 5.638183120065579645e-01
-7.724696384907961955e-01 3.431198961270846004e-01 5.343775767111090813e-01
-8.101331577645689563e-01 3.167500168399129401e-01 4.933089230110506707e-01
-9.644255581467200411e-01 1.428313879414810916e-01 2.224467069032436406e-01
-9.759519930441655777e-01 -1.177781043136594541e-01 -1.834285294533040955e-01
-9.161725155123460196e-01 -2.165445915895117812e-01 -3.372482196737465743e-01
-8.934158298786081254e-01 -2.427203428454027534e-01 -3.780145368783163762e-01
-8.728202738398745941e-01 -2.636900938622080970e-01 -4.106729890959790463e-01
-8.728202738398745941e-01 -2.636900938622080970e-01 -4.106729890959790463e-01
-7.497911555320800892e-01 -3.575042903939586458e-01 -5.567799434568204697e-01
-5.546818551395503727e-01 -4.495652989584957848e-01 -7.001564693347517299e-01
-3.430588666385406826e-01 -5.075134693503253747e-01 -7.904053975326055248e-01
-2.358973882779173969e-01 -5.250538777677840052e-01 -8.177229650955575302e-01
-2.191856362106668898e-01 -5.271638689449090753e-01 -8.210090816537658487e-01
-1.950789530085974832e-01 -5.299217703855794159e-01 -8.253042586613027476e-01
-6.653135212856971237e-02 -5.391051769630068602e-01 -8.396065670036348960e-01
-4.228046851756100954e-02 -5.398191573762930462e-01 -8.407185256145389696e-01
-1.657659783890094371e-02 -5.402280676626859401e-01 -8.413553656532581915e-01
7.190009272648110496e-03 -5.402883398906009882e-01 -8.414492340865952213e-01
1.052095307496441444e-02 -5.402724018869351497e-01 -8.414244121165705970e-01
2.594192298449354145e-02 -5.401204680367250877e-01 -8.411877891646167837e-01
1.711989734743808722e-02 -5.402231212250925285e-01 -8.413476620331408196e-01
-8.324910356916319365e-02 -5.384267915676598237e-01 -8.385500443486283428e-01
-2.217750443122684934e-01 -5.268476203055517670e-01 -8.205165535799191501e-01
-2.325440088350395063e-01 -5.254903908354562336e-01 -8.184027939190630097e-01
-4.277937952516586151e-01 -4.883664799069704077e-01 -7.605857282696386612e-01
-5.311055311555351599e-01 -4.578012124928875215e-01 -7.129831446928033278e-01
-5.979111343163953096e-01 -4.330860111186122796e-01 -6.744914991561056228e-01
-7.233729223669178587e-01 -3.730558012178191718e-01 -5.809999865439551270e-01
-8.708687459246593487e-01 -2.655670353149891527e-01 -4.135961522132652890e-01
-9.995604130736523985e-01 -1.601867056410228099e-02 -2.494760127523499085e-02
-8.976352659234801967e-01 2.381323367548117409e-01 3.708691407520662842e-01
-8.791133785413111079e-01 2.575149418750719010e-01 4.010557596902951105e-01
-9.133772980731654778e-01 2.199647008805319381e-01 3.425747243027453814e-01
-9.840134056885146974e-01 9.622481818882126781e-02 1.498612751507837626e-01
-9.895083978037125805e-01 -7.806037207285929092e-02 -1.215718264557068551e-01
-8.890257213976328066e-01 -2.473813310699788659e-01 -3.852735959437968427e-01
-9.111085699783628700e-01 -2.226944775727784931e-01 -3.468260996098330717e-01
-9.415896632158460289e-01 -1.819534948892849446e-01 -2.833757784685286274e-01
-9.568394450828133779e-01 -1.570210683589244594e-01 -2.445458247957544018e-01
-9.624624211216082914e-01 -1.466461361175030453e-01 -2.283878251801934600e-01
-9.580242986844834663e-01 -1.548976539104769679e-01 -2.412388027310984340e-01
-9.662156989710795063e-01 -1.392547024772181341e-01 -2.168763493325396308e-01
-9.753602522402554653e-01 -1.192005077009318376e-01 -1.856437914762173735e-01
-9.755521424373959638e-01 -1.187412107046334764e-01 -1.849284787862714996e-01
-9.785390748957482066e-01 -1.113354211634552809e-01 -1.733946449476720941e-01
-9.818416492386540240e-01 -1.024966089092590737e-01 -1.596290104662125009e-01
-9.845779928036373363e-01 -9.452384019243620372e-02 -1.472121588797456193e-01
-9.878273146080794875e-01 -8.404644469428956821e-02 -1.308945821966675804e-01
-9.904936546144671450e-01 -7.432313398341350297e-02 -1.157514229863294553e-01
-9.940141550129759640e-01 -5.902876165796819979e-02 -9.193184938293277875e-02
-9.946945055163342042e-01 -5.558248383462521119e-02 -8.656458967955152350e-02
-9.933204912642705775e-01 -6.234442843506351334e-02 -9.709569443396265376e-02
-9.937989771548548790e-01 -6.007712912654818854e-02 -9.356458497677616615e-02
-9.944871338674695638e-01 -5.665538092821417737e-02 -8.823552790086677811e-02
-9.933600714935733045e-01 -6.216005642310892115e-02 -9.680855203833438338e-02
-9.929276706376878314e-01 -6.414515050530539275e-02 -9.990015289611391125e-02
-9.945948678485048156e-01 -5.610057698487128791e-02 -8.737147195383555831e-02
-9.960063872440423349e-01 -4.823927363471394031e-02 -7.512821739044502067e-02
-9.963576661047647276e-01 -4.607293451695499559e-02 -7.175434411422518255e-02
-9.969144523107880129e-01 -4.241140721304894473e-02 -6.605185320708704955e-02
-9.979081602495419867e-01 -3.492921191911466799e-02 -5.439902445893725347e-02
-9.990372504219851013e-01 -2.370303364247594927e-02 -3.691528769254706632e-02
-9.999723351918303749e-01 -4.018950403104846678e-03 -6.259144402800420962e-03
-9.997543293048807289e-01 1.197572517844926535e-02 1.865108690126108734e-02
-9.999851695814425678e-01 2.942570743991722217e-03 4.582782407036229896e-03
-9.994456930262688443e-01 -1.798733398473917680e-02 -2.801361289378043185e-02
-9.979506931858368457e-01 -3.457265211707262476e-02 -5.384371546893555738e-02
-9.938260813353642087e-01 -5.994609660705772780e-02 -9.336051391874072847e-02
-9.757900906712987377e-01 -1.181690662785007395e-01 -1.840374166373941467e-01
-9.473147815375010383e-01 -1.730610338598130848e-01 -2.695265909700364504e-01
-9.276590536518866115e-01 -2.017641606691682465e-01 -3.142290623846754061e-01
-9.130357131059999576e-01 -2.203783006476098538e-01 -3.432188677749079542e-01
-8.732742444654577607e-01 -2.632509496975488084e-01 -4.099890625817015910e-01
-8.557653837562578802e-01 -2.795330141124733325e-01 -4.353468754748336944e-01
-8.230658421157478477e-01 -3.068625146799535131e-01 -4.779100507695878686e-01
-8.403687167629292354e-01 -2.928520338934688105e-01 -4.560900197665874733e-01
-9.581476163390559853e-01 -1.546748252633999843e-01 -2.408917676748663361e-01
-9.945297145228695346e-01 -5.643675985568428338e-02 -8.789504575373638384e-02
-9.488894665355189773e-01 -1.705240474018722419e-01 -2.655754686630945605e-01
-7.294520795254901824e-01 -3.695840221219828248e-01 -5.755930109618042634e-01
-5.400197434064210600e-02 -5.395139123005310289e-01 -8.402431345756343761e-01
-9.098661053365265927e-02 -5.380611945138806806e-01 -8.379806606729616192e-01
-1.203083631908759832e-01 -5.363778579806933733e-01 -8.353590193529818464e-01
-1.207707682649388076e-01 -5.363475213534283359e-01 -8.353117728553394183e-01
-1.232886217871800860e-01 -5.361802617458202302e-01 -8.350512814504277292e-01
-7.845031543141145480e-02 -5.386371075169373857e-01 -8.388775920326512203e-01
-2.490858517848736076e-02 -5.401346679247074345e-01 -8.412099041798497545e-01
3.571267132032899388e-02 -5.399576465381451529e-01 -8.409342097049885556e-01
-1.669959799240309517e-01 -5.327151520797326345e-01 -8.296546928896864070e-01
-2.187035271055499386e-01 -5.272223188035445318e-01 -8.211001119151096761e-01
-2.784404924044910912e-01 -5.189352313141041284e-01 -8.081937378441642617e-01
-3.422909917604657903e-01 -5.076648025152645793e-01 -7.906410849726784873e-01
-3.546500220498293166e-01 -5.051821826759064216e-01 -7.867746336574804600e-01
-3.850958254070468989e-01 -4.986323510384167434e-01 -7.765738752700650505e-01
-5.273783116553727446e-01 -4.590573595782660443e-01 -7.149394778668745065e-01
-5.570099373197834325e-01 -4.487242137052931401e-01 -6.988465566643206062e-01
-6.033720615184891001e-01 -4.308693764884064525e-01 -6.710392952602854955e-01
-6.268754134896946661e-01 -4.209600695680454363e-01 -6.556064641165388895e-01
-6.041772857193474788e-01 -4.305398534164329161e-01 -6.705260934825417740e-01
-6.156447204705929321e-01 -4.257710998017179005e-01 -6.630991997660086179e-01
-7.015923836809585534e-01 -3.850078098840380436e-01 -5.996141371658668673e-01
-7.936137273029395534e-01 -3.287317747974248805e-01 -5.119694054090251356e-01
-8.249545699975849855e-01 -3.053783458402731799e-01 -4.755985947539776437e-01
-8.052935982868114628e-01 -3.203323925500320413e-01 -4.988881426146062892e-01
-8.195711563764527252e-01 -3.095810192589193433e-01 -4.821438708003790152e-01
-8.851129753405224676e-01 -2.514438417101352852e-01 -3.916005813962691873e-01
-9.019994075545376688e-01 -2.332686415492251919e-01 -3.632943842685186775e-01
-9.811991400965993648e-01 -1.042772916808619027e-01 -1.624022595698667026e-01
-9.997331103656220685e-01 -1.248212976104117432e-02 -1.943976530999036792e-02
-9.995740780891702038e-01 1.576778033757950809e-02 2.455686289840800299e-02
-9.980163155392098862e-01 3.401516890221355921e-02 5.297548680374859764e-02
-9.984612942729352847e-01 2.996142580926623375e-02 4.666215599702598638e-02
-9.991528079674740770e-01 -2.223569703224611074e-02 -3.463004632110617403e-02
-9.929778085994119818e-01 -6.391817755304389503e-02 -9.954666346697411961e-02
-9.939165428394411972e-01 -5.950665473137980999e-02 -9.267612374702309530e-02
-9.997447749470209644e-01 -1.220634828796043382e-02 -1.901026111349771522e-02
-9.996078422691467846e-01 -1.513002435615031817e-02 -2.356361680648531853e-02
-9.906996259424515339e-01 -7.351735885918141145e-02 -1.144965025835156386e-01
-9.657172839264562825e-01 -1.402603635054754938e-01 -2.184425735863320117e-01
-8.916514435119209381e-01 -2.446070352993496844e-01 -3.809528862801415117e-01
-8.183451477816279240e-01 -3.105263677989582582e-01 -4.836161639191268180e-01
-8.154126895490008131e-01 -3.127702414392244945e-01 -4.871107900596269857e-01
-7.214033104572250554e-01 -3.741675443626479858e-01 -5.827314239055437772e-01
-4.845225302656030464e-01 -4.726449931094151014e-01 -7.361009632880659570e-01
-3.255814067473311035e-01 -5.108634011119799201e-01 -7.956226071352732188e-01
-2.909456583421676235e-01 -5.169286011761194954e-01 -8.050685965667416788e-01
-2.818284433014713319e-01 -5.184010511901804286e-01 -8.073618015928083480e-01
-2.124399515737989130e-01 -5.279694319785251944e-01 -8.222636717450160226e-01
-3.608446726441925240e-02 -5.399504305030545792e-01 -8.409229713961969832e-01
2.535893556096796009e-01 -5.226408854875630450e-01 -8.139649522788088287e-01
2.840460193129828448e-01 -5.180476040600617837e-01 -8.068113403021044405e-01
3.796049853847039413e-01 -4.998599577645345127e-01 -7.784857594681590109e-01
3.500901383925135724e-01 -5.061098234949527042e-01 -7.882193486347683908e-01
2.626603910633565353e-01 -5.213313978906708446e-01 -8.119255461800690687e-01
2.091679847468904951e-01 -5.283506696136451852e-01 -8.228574141828810529e-01
7.566495313140259027e-02 -5.387534204076880329e-01 -8.390587386271832759e-01
-1.710453469597869591e-01 -5.323399558174183310e-01 -8.290703593324966203e-01
-4.060621715072527116e-01 -4.937528057296757811e-01 -7.689744337134282182e-01
-4.852348251722191086e-01 -4.724316249825240011e-01 -7.357686621190505649e-01
-5.700096139178079113e-01 -4.439329181534352742e-01 -6.913845559607524338e-01
-7.409150297404959451e-01 -3.628663684092541253e-01 -5.651308851780438847e-01
-9.709349611442658068e-01 -1.293178339232277652e-01 -2.014005934876746950e-01
-9.528887772093815878e-01 -1.638844561102355268e-01 -2.552349178969480770e-01
-9.520332870021267491e-01 -1.653295219345771172e-01 -2.574854745744125095e-01
-9.400656601899771703e-01 -1.842395644245055641e-01 -2.869361208217794390e-01
-9.472624712874002650e-01 -1.731446015934358651e-01 -2.696567400039124873e-01
-9.848141605829879852e-01 -9.380287456356350972e-02 -1.460893214401286500e-01
-9.971606615257997408e-01 -4.068664749047581908e-02 -6.336569909197803385e-02
-9.961535557827099208e-01 -4.734384365123735228e-02 -7.373366781729100150e-02
-9.971080500578159977e-01 -4.106132768154603652e-02 -6.394922891582595359e-02
-9.999799210025193119e-01 -3.423896684059889086e-03 -5.332403144175176454e-03
-9.986647454270216606e-01 2.791186359152471319e-02 4.347015196695450112e-02
-9.898612210247701437e-01 7.674340122927308938e-02 1.195207658907604248e-01
-9.720689917620477516e-01 1.268064018817298411e-01 1.974892698262999402e-01
-9.824547935460852255e-01 1.007668560862906570e-01 1.569350800579779048e-01
-9.779582307278925635e-01 1.128154565033964579e-01 1.756996634188587314e-01
-9.571471134699386374e-01 1.564727074625263392e-01 2.436918032998052763e-01
-9.503968686722392700e-01 1.680555514115242011e-01 2.617310139394468105e-01
-9.462926690425120801e-01 1.746858307164755597e-01 2.720570621455976057e-01
-9.085154802952365438e-01 2.257659647507685441e-01 3.516096574670132813e-01
-9.132412513364184248e-01 2.201295413899570508e-01 3.428314481854600748e-01
-9.072455956900173923e-01 2.272518365301393339e-01 3.539237656540520915e-01
-9.247260652749096366e-01 2.056570462253872744e-01 3.202918724211283874e-01
-9.280889577564385151e-01 2.011861808040764643e-01 3.133289120780864412e-01
-8.588746134140824440e-01 2.767352240025642285e-01 4.309895755456981670e-01
-8.587937838516013223e-01 2.768084442695094571e-01 4.311036093550399406e-01
-8.514533669105927016e-01 2.833509129358990353e-01 4.412929005943877492e-01
-8.424233616484176901e-01 2.911236264580609467e-01 4.533981846753322720e-01
-8.451184265070985635e-01 2.888343360756497891e-01 4.498328261497869796e-01
-8.496584622475373827e-01 2.849194431572778519e-01 4.437357416775177810e-01
-8.455528031379431209e-01 2.884629721412557135e-01 4.492544610897034607e-01
-8.537843590904843349e-01 2.812958622461035896e-01 4.380923487755429280e-01
-8.601539929797680228e-01 2.755727725499192982e-01 4.291791646738126742e-01
-8.560992781822702735e-01 2.792343925438089403e-01 4.348817999370472309e-01
-8.584832657149208401e-01 2.770894862755560739e-01 4.315413063462095189e-01
-8.581872842592722650e-01 2.773570119425890490e-01 4.319579528865900575e-01
-8.620329289604279355e-01 2.738534532982286329e-01 4.265014835900817203e-01
-8.742130252967726944e-01 2.623397696781071819e-01 4.085699837808719481e-01
-8.849744429898027676e-01 2.515861485199050174e-01 3.918222111210755698e-01
-8.919720864715507957e-01 2.442655257269777669e-01 3.804210166340858956e-01
-9.006446676790316186e-01 2.347917738486161032e-01 3.656665222772614854e-01
-9.035464390879927032e-01 2.315142310695705585e-01 3.605620518352890547e-01
-9.039642444883028150e-01 2.310376155882334359e-01 3.598197672029645466e-01
-8.892621343745975571e-01 2.471331503716101829e-01 3.848870774070471956e-01
-8.767463820065267699e-01 2.598600112235321391e-01 4.047079888084385013e-01
-8.901890929346855108e-01 2.461569980125408175e-01 3.833668101825924435e-01
-9.003119429761724524e-01 2.351639983437033010e-01 3.662462275812161105e-01
-9.002365231365559994e-01 2.352482707552998320e-01 3.663774740860117896e-01
-9.175006568568153664e-01 2.148967398992686073e-01 3.346818427222761905e-01
-9.153467565161648167e-01 2.175616418762512660e-01 3.388321816466771108e-01
-9.287046810779006067e-01 2.003550052000824255e-01 3.120344327718814204e-01
-9.548865626577327514e-01 1.604540047434082906e-01 2.498923064391983528e-01
-9.618872186035496430e-01 1.477437649230455285e-01 2.300972807607490622e-01
-9.751195482334674702e-01 1.197740253629896584e-01 1.865369923133322616e-01
-9.932690564439395908e-01 6.258319885520632897e-02 9.746755733071216232e-02
-9.999893347839253765e-01 2.495373106035710109e-03 3.886313351236110689e-03
-9.800306949852924943e-01 -1.074370951968579430e-01 -1.673233619740706057e-01
-9.780116009790281728e-01 -1.126803125426841107e-01 -1.754891891705048779e-01
-9.818989062190530692e-01 -1.023363632311553167e-01 -1.593794426092911554e-01
-9.568567588042897754e-01 -1.569902654493765259e-01 -2.444978521064825605e-01
-8.050261800412429336e-01 -3.205285536994422202e-01 -4.991936455039748255e-01
-5.250923270418197397e-01 -4.598217206657509437e-01 -7.161298997289491375e-01
-4.563012663591542450e-01 -4.807746886727866653e-01 -7.487622139575536018e-01
-3.595000498899389441e-01 -5.041804308487187747e-01 -7.852144976236312690e-01
-5.206023776166696093e-02 -5.395696269711245385e-01 -8.403299050339934073e-01
4.618977468043507506e-01 -4.792120440448272012e-01 -7.463285391430789506e-01
5.161992432332745961e-01 -4.627519211594046111e-01 -7.206934166125530394e-01
4.924296888078892320e-01 -4.702533159529460605e-01 -7.323761468097005345e-01
5.046260374911876179e-01 -4.664635309315942058e-01 -7.264739063426656207e-01
4.462544475431450830e-01 -4.835198415101840674e-01 -7.530375361918746346e-01
9.689974728209160837e-02 -5.377597226205914627e-01 -8.375111460175865830e-01
-7.537457957408465470e-01 -3.550683560497942537e-01 -5.529862004924667174e-01
-7.366603036342808108e-01 -3.653864390506772475e-01 -5.690556626616722902e-01
-8.881193343285309627e-01 -2.483299273956194042e-01 -3.867509471889286621e-01
-9.142792515106523688e-01 -2.188680881655824528e-01 -3.408668511895282527e-01
-9.067030756805002367e-01 -2.278830471155716408e-01 -3.549068178956882869e-01
-9.834494417257493293e-01 -9.789346755639105613e-02 -1.524600425655774916e-01
-9.727728893392573184e-01 1.252207050572053670e-01 1.950196933428247903e-01
-9.814191567692521767e-01 1.036711006439018368e-01 1.614581729662885323e-01
-9.622866633332662900e-01 1.469824648625587538e-01 2.289116261657667128e-01
-9.551266177355489662e-01 1.600363610533446779e-01 2.492418649301399169e-01
-9.749820036039216209e-01 1.201004556596587391e-01 1.870453773789260421e-01
-9.876705269618257788e-01 8.458264806337977004e-02 1.317296694656746314e-01
-9.868247381820488551e-01 8.741706629272710805e-02 1.361440143109628742e-01
-9.860853790223615967e-01 8.981967279707749052e-02 1.398858522401442428e-01
-9.853571273249892570e-01 9.212325693838692431e-02 1.434734719762121025e-01
-9.808569988110406035e-01 1.052127558531382873e-01 1.638591586979078474e-01
-9.811826229524214238e-01 1.043226521892869352e-01 1.624729043760820835e-01
-9.833541776093861486e-01 9.817244038082122148e-02 1.528945169973137952e-01
-9.805795280733725638e-01 1.059651002879765658e-01 1.650308657323260875e-01
-9.793364987900061713e-01 1.092694085972988199e-01 1.701770210179059384e-01
-9.774896774188438497e-01 1.139947348855834264e-01 1.775362806807952720e-01
-9.797815420102133910e-01 1.080984511690321614e-01 1.683533628738814181e-01
-9.810952673499980792e-01 1.045622141941031924e-01 1.628460000929167761e-01
-9.748005134892842038e-01 1.205297573844382603e-01 1.877139752013053386e-01
-9.791181382459307470e-01 1.098391816712157160e-01 1.710643900045245025e-01
-9.825342137774963902e-01 1.005405453422205803e-01 1.565826219569907418e-01
-9.857540408838074697e-01 9.087520327306165824e-02 1.415297435570506412e-01
-9.891016974163661102e-01 7.955083559625242273e-02 1.238930858603556756e-01
-9.886363594348978046e-01 8.122192027707739181e-02 1.264956460508249725e-01
-9.840206207699793151e-01 9.620327653689940417e-02 1.498277260156788415e-01
-9.804396262046161103e-01 1.063423368563527760e-01 1.656183768779375121e-01
-9.813357288013327961e-01 1.039013940852087370e-01 1.618168337507172316e-01
-9.861789054616252326e-01 8.951941229770733754e-02 1.394182242190164234e-01
-9.952185295854775182e-01 5.277312258976754600e-02 8.218926877546409160e-02
-9.995469339690621347e-01 -1.626235259698586774e-02 -2.532711355560749930e-02
-9.872852564359093641e-01 -8.588567417206828536e-02 -1.337590123927731578e-01
-9.856203093655876435e-01 -9.129767029160718028e-02 -1.421876969551453818e-01
-9.965119291103485821e-01 -4.508846258271924368e-02 -7.022111991914045670e-02
-9.999468941975863112e-01 -5.568228393119103829e-03 -8.672001912086444927e-03
-9.981475969475875898e-01 -3.287141107594734185e-02 -5.119418952998708999e-02
-9.907624236202539070e-01 -7.326989336874840941e-02 -1.141110979171297557e-01
-9.891554150458142791e-01 -7.935561227491357006e-02 -1.235890435516697750e-01
-9.871359158632172504e-01 -8.638533930514140369e-02 -1.345371947307619498e-01
-9.718166504507737002e-01 -1.273697772598585964e-01 -1.983666749920780237e-01
-9.128066601441323646e-01 -2.206551231128683344e-01 -3.436499932206595886e-01
-7.981970321972797766e-01 -3.254761976274548330e-01 -5.068991443763036786e-01
-6.761487500177963961e-01 -3.980759026796322764e-01 -6.199664858322323502e-01
-5.187279839925850178e-01 -4.619256978990449181e-01 -7.194066501245792722e-01
-3.802720569112861271e-01 -4.997119190380051590e-01 -7.782552028119142928e-01
-3.198559894625170319e-01 -5.119181571558959476e-01 -7.972652923456945429e-01
-2.774629926027560312e-01 -5.190880521678402637e-01 -8.084317422222611071e-01
-2.658989454507713068e-01 -5.208519135027604996e-01 -8.111787934904859387e-01
-1.982423546033788286e-01 -5.295789440381196700e-01 -8.247703382595535926e-01
3.802352368265114746e-02 -5.399115832009589999e-01 -8.408624703078314555e-01
1.742516528239118623e-01 -5.320363037677815488e-01 -8.285974492847849593e-01
2.332493690181358659e-01 -5.253991223520083631e-01 -8.182606516779238337e-01
3.051332998457166878e-01 -5.145350997506998869e-01 -8.013409389578205477e-01
3.350137629446477971e-01 -5.090799830393999414e-01 -7.928450980527480541e-01
3.464143817423215865e-01 -5.068476480773806969e-01 -7.893684423388820370e-01
3.557054515992042476e-01 -5.049655151900093175e-01 -7.864371940412627771e-01
4.141009566833253053e-01 -4.917998857091968601e-01 -7.659329409879011008e-01
5.435816907897128569e-01 -4.535061273051129160e-01 -7.062939458433122875e-01
5.942233486523000874e-01 -4.345651855594739876e-01 -6.767951768564157700e-01
5.700443737844348435e-01 -4.439198884002401035e-01 -6.913642633224760248e-01
4.806343816731418195e-01 -4.738024848555340562e-01 -7.379036498746960326e-01
4.281087804074813485e-01 -4.882858960496843093e-01 -7.604602263478188462e-01
3.725405832220479163e-01 -5.014091315837687635e-01 -7.808984547410676713e-01
4.026943544936988362e-01 -4.945573439328017629e-01 -7.702274277257564750e-01
4.695551226153262814e-01 -4.770346122539702027e-01 -7.429373900520892526e-01
4.559345384050887406e-01 -4.808762450766529417e-01 -7.489203786854231604e-01
4.909282496258271511e-01 -4.707113731265595291e-01 -7.330895285902195857e-01
4.744468550744065927e-01 -4.756195551339225114e-01 -7.407335691624989948e-01
4.277590397301392344e-01 -4.883753670975122252e-01 -7.605995692488388693e-01
2.974984185739331655e-01 -5.158386660474920671e-01 -8.033711231780445994e-01
2.392343035522083161e-01 -5.246129358826691069e-01 -8.170362387975556029e-01
1.702437689377868379e-01 -5.324149611648458791e-01 -8.291871732399707096e-01
-1.236229734284577941e-01 -5.361577874097580576e-01 -8.350162797458380304e-01
-2.529237865497409032e-01 -5.227350278290610053e-01 -8.141115702886747574e-01
-3.032825304982264547e-01 -5.148544348799831694e-01 -8.018382739549201332e-01
-3.032825304982264547e-01 -5.148544348799831694e-01 -8.018382739549201332e-01
-4.841234246501807670e-01 -4.727643662588669193e-01 -7.362868759531385754e-01
-6.352272813194339562e-01 -4.172891167012180991e-01 -6.498892937648980128e-01
-6.242276209246411245e-01 -4.221071357654944123e-01 -6.573929138731364752e-01
-7.590439125106464013e-01 -3.517581050184133695e-01 -5.478307899656471580e-01
-8.922199151175514986e-01 -2.440011572657724837e-01 -3.800092871504495706e-01
-9.353514510541329763e-01 -1.911155976794657319e-01 -2.976449081280383990e-01
-9.727374798469415884e-01 -1.253009802888132296e-01 -1.951447146086293660e-01
-9.873438902123777838e-01 -8.568867940906715885e-02 -1.334522112271586403e-01
-9.915118156328652788e-01 -7.024827539870055759e-02 -1.094052067496211617e-01
-9.942615526200823117e-01 -5.779963303038516964e-02 -9.001759496374049652e-02
-9.990099272537635855e-01 -2.403686638573957271e-02 -3.743520138564856992e-02
-9.995841321815525093e-01 -1.558060505345723948e-02 -2.426535466505150979e-02
-9.996240445462073465e-01 -1.481423367509621981e-02 -2.307180196043763162e-02
-9.998511501436372351e-01 9.322016493756963076e-03 1.451818049673750215e-02
-9.967448893183998848e-01 4.355931001591174107e-02 6.783960589941859243e-02
-9.925097843126201580e-01 6.600612146131562552e-02 1.027984434383626688e-01
-9.912114763679000795e-01 7.147488689228288783e-02 1.113155409648767663e-01
-9.915909959103914595e-01 6.992124939226775082e-02 1.088958939210396826e-01
-9.935691673464418505e-01 6.117670461014370481e-02 9.527707232876896082e-02
-9.966618308699598527e-01 4.411062864984707788e-02 6.869823379865568069e-02
-9.976989132858479215e-01 3.663264945601810846e-02 5.705197123737779791e-02
-9.964917527465130265e-01 4.521845069762325808e-02 7.042356441340530404e-02
-9.957232525615962171e-01 4.991646039150370723e-02 7.774028100115833173e-02
-9.979874935835663097e-01 3.426114244877279114e-02 5.335856790522071347e-02
-9.982765139655714881e-01 3.170797428801627044e-02 4.938224408931556064e-02
-9.997553699752329548e-01 1.195033655699756503e-02 1.861154646609387495e-02
-9.998806446308885487e-01 8.347565581121423051e-03 1.300056311810189082e-02
-9.980090833049015675e-01 -3.407705807173222468e-02 -5.307187347442945263e-02
-9.987018496102274545e-01 -2.752157805532672377e-02 -4.286231825805868201e-02
-9.923264439756571687e-01 -6.680599009030754876e-02 -1.040441650198638268e-01
-9.886204577356838552e-01 -8.127840435259937879e-02 -1.265836147863629024e-01
-9.846163533819789482e-01 -9.440712047285375330e-02 -1.470303786868483731e-01
-9.839701710440724725e-01 -9.635379717049816217e-02 -1.500621480131655028e-01
-9.822408593264453369e-01 -1.013738654240565751e-01 -1.578804410895522092e-01
-9.731094705138680911e-01 -1.244549252861909955e-01 -1.938270620120625121e-01
-9.568208563982553150e-01 -1.570541322149750230e-01 -2.445973187005744121e-01
-9.319332955356891546e-01 -1.959296879312122930e-01 -3.051424094732942960e-01
-9.148183196576425980e-01 -2.182095277541299672e-01 -3.398412041175802867e-01
-9.129287708611993901e-01 -2.205075978284343485e-01 -3.434202362031001932e-01
-9.157559008986572158e-01 -2.170584273712961587e-01 -3.380484714895016229e-01
-9.138772295447186167e-01 -2.193576853089397594e-01 -3.416293535625618549e-01
-9.109684781063603909e-01 -2.228617216811815127e-01 -3.470865668761629053e-01
-9.238868067162764319e-01 -2.067552521588266190e-01 -3.220022268251286901e-01
-9.308770563807881038e-01 -1.973900441782522885e-01 -3.074167795731824193e-01
-9.017827182740981717e-01 -2.335130866294293506e-01 -3.636750849246826456e-01
-8.054789168171652136e-01 -3.201963458286407604e-01 -4.986762623997975652e-01
-5.168958670265503264e-01 -4.625248611837008417e-01 -7.203397916524318934e-01
-4.656063024853666632e-01 -4.781631972187203594e-01 -7.446950569941205300e-01
-4.173373001194601861e-01 -4.910006168767941381e-01 -7.646881535342411329e-01
-4.457197182200298702e-01 -4.836638045385853735e-01 -7.532617453243714012e-01
-5.104751767479697167e-01 -4.646018950092620781e-01 -7.235745801767304863e-01
-5.096095887596256979e-01 -4.648792146040831574e-01 -7.240064798559029402e-01
-4.104806428244391903e-01 -4.926850918348439357e-01 -7.673115678458956035e-01
-2.635312409462647887e-01 -5.212030849528968002e-01 -8.117257106196066330e-01
9.783131139976732060e-02 -5.377104820319701384e-01 -8.374344583445011425e-01
1.694050281900240373e-01 -5.324930554706803765e-01 -8.293087979151289035e-01
2.267956647660534508e-01 -5.262233045108158924e-01 -8.195442393385734547e-01
3.099140828572308215e-01 -5.137002877128108436e-01 -8.000407962413771390e-01
3.387498882288692559e-01 -5.083577209447661671e-01 -7.917202414873399929e-01
3.664852634222484085e-01 -5.027101547968045869e-01 -7.829246783430050538e-01
3.759750734627185786e-01 -5.006602053483426573e-01 -7.797320712368184248e-01
3.226533460336499792e-01 -5.114054281006217284e-01 -7.964667641543553556e-01
2.829712330703262335e-01 -5.182192843319898268e-01 -8.070787164837759375e-01
3.387667562255952114e-01 -5.083544395453162279e-01 -7.917151310104889594e-01
3.671981879359487722e-01 -5.025582596575924876e-01 -7.826881156798585204e-01
2.004045680846567035e-01 -5.293413161703692804e-01 -8.244002547827259386e-01
9.024513641538746411e-02 -5.380976470321987559e-01 -8.380374321065733323e-01
-4.255442910537363815e-02 -5.398128730241780193e-01 -8.407087383160105620e-01
-4.339392124506238901e-02 -5.397933627920208366e-01 -8.406783529297392477e-01
5.366663393376532032e-02 -5.395236804445235901e-01 -8.402583475585438944e-01
1.535823192000635717e-01 -5.338920818676513580e-01 -8.314876524327674545e-01
1.703961222005330733e-01 -5.324007330794504611e-01 -8.291650143098687753e-01
1.034784591525447217e-01 -5.374017982417702566e-01 -8.369537118251682006e-01
7.757459444800730852e-02 -5.386741322680286270e-01 -8.389352546660041599e-01
-1.677986238180309009e-01 -5.326415178126628902e-01 -8.295400143133528914e-01
-2.309885305431473579e-01 -5.256906259836620077e-01 -8.187146416856260212e-01
-2.724343568627481948e-01 -5.198650315769217656e-01 -8.096418159558625982e-01
-4.722720344507366219e-01 -4.762510069714234739e-01 -7.417169971319704791e-01
-5.140239728004929454e-01 -4.634582528371099519e-01 -7.217934630235797178e-01
-7.002028540406676216e-01 -3.857455622381356086e-01 -6.007631183810206998e-01
-7.943800566615655256e-01 -3.281909910993341395e-01 -5.111271847002512025e-01
-9.129811739376584301e-01 -2.204442519137736478e-01 -3.433215807862822211e-01
-9.114177194727816067e-01 -2.223248732104885217e-01 -3.462504749209365240e-01
-8.987461516376781256e-01 -2.369059910161932236e-01 -3.689592204256441632e-01
-9.081023324067407643e-01 -2.262506818258092078e-01 -3.523645595839537403e-01
-9.237198911004833590e-01 -2.069728552760241314e-01 -3.223411236007610592e-01
-9.403728763159115989e-01 -1.837813124580671698e-01 -2.862224356694099692e-01
-9.353344025350543989e-01 -1.911399537578277463e-01 -2.976828404726217236e-01
-9.447158589439200727e-01 -1.771598003205672456e-01 -2.759100415175714249e-01
-9.809324424845243806e-01 -1.050072260211409592e-01 -1.635390649499081639e-01
-9.799690270105165801e-01 -1.076011819667769265e-01 -1.675789119770560720e-01
-9.806445222237863968e-01 -1.057893716541476042e-01 -1.647571846005577711e-01
-9.881559592750355225e-01 -8.291096914608500623e-02 -1.291261838067370438e-01
-9.901346157452066699e-01 -7.570682806613490690e-02 -1.179063988393190404e-01
-9.930089405789798152e-01 -6.377683178794113505e-02 -9.932653048055581357e-02
-9.944065753395543439e-01 -5.706667460870407105e-02 -8.887607985596347737e-02
-9.935041080906213962e-01 -6.148437791931362500e-02 -9.575624511714034282e-02
-9.923569046854276987e-01 -6.667377243192977587e-02 -1.038382482173704768e-01
-9.923879079958231042e-01 -6.653892559570460941e-02 -1.036282367129881393e-01
-9.940911612685393584e-01 -5.864897059202421603e-02 -9.134035984307670164e-02
-9.985370004355379470e-01 -2.921561386669024873e-02 -4.550062271651826584e-02
-9.996894422576897421e-01 -1.346447047228362809e-02 -2.096967032192235958e-02
-9.999996265631710957e-01 4.669392178785985005e-04 7.272147448684477449e-04
-9.999303970466604241e-01 6.374675696368630080e-03 9.927969171694370557e-03
-9.997562046844582495e-01 1.192993357987382798e-02 1.857977071191541096e-02
-9.996626022222840913e-01 1.403415575441304200e-02 2.185690258093291732e-02
-9.998699314094688928e-01 8.714127568536414459e-03 1.357144958886685043e-02
-9.999527393495007965e-01 5.252868574656723195e-03 8.180858094767365016e-03
-9.999945254602499167e-01 1.787825103959233847e-03 2.784372627238064241e-03
-9.999138850867350659e-01 7.090578232229650599e-03 1.104292131114435749e-02
-9.998646085988383003e-01 8.890632520556334892e-03 1.384633976458251800e-02
-9.998378167359515123e-01 9.730546393132583419e-03 1.515442811777758039e-02
-9.996893225457526011e-01 1.346706492083136336e-02 2.097371093613182094e-02
-9.995951022549585119e-01 1.537377540606132444e-02 2.394323657450945705e-02
-9.990480804201316012e-01 2.356940237952620532e-02 3.670716933137373877e-02
-9.982251731251773341e-01 3.217636887014299618e-02 5.011172542970623173e-02
-9.968736890126176364e-01 4.269020170886748955e-02 6.648604990846612717e-02
-9.962022643740268135e-01 4.704369842689353626e-02 7.326621932637966683e-02
-9.967195900952172671e-01 4.372798019987002294e-02 6.810229414683417748e-02
-9.972883805597561047e-01 3.976230736697442675e-02 6.192612464342849704e-02
-9.956009548708393275e-01 5.062358313042594066e-02 7.884155941703495374e-02
-9.981210325989763321e-01 3.310604792053445378e-02 5.155961476423571305e-02
-9.992789722105509531e-01 2.051396082434215826e-02 3.194860105109852133e-02
-9.998998725505906515e-01 7.645704766364238257e-03 1.190747966356646946e-02
-9.999908157892255511e-01 -2.315643731346163359e-03 -3.606401434747215622e-03
-9.966773393860185459e-01 -4.400821536506720894e-02 -6.853873455783222879e-02
-9.934226546161658566e-01 -6.186739638731472007e-02 -9.635276103789072732e-02
-9.908947984932071629e-01 -7.274543710466162272e-02 -1.132943056801973408e-01
-9.748402806199832904e-01 -1.204358288644570979e-01 -1.875676901987212986e-01
-9.557131658031188248e-01 -1.590108352492711485e-01 -2.476447031210428640e-01
-9.488489827790749231e-01 -1.705897967507762070e-01 -2.656778672069686209e-01
-9.526200296231180920e-01 -1.643399246001312208e-01 -2.559442680414484861e-01
-9.556171161600812702e-01 -1.591792648714533132e-01 -2.479070167156900428e-01
-9.440392191658503185e-01 -1.782096490403878297e-01 -2.775450840235390570e-01
-9.007442752201173519e-01 -2.346801996739488194e-01 -3.654927557957627360e-01
-7.916367835187649860e-01 -3.301203771446881707e-01 -5.141320254311269045e-01
-5.798291174793681613e-01 -4.402048817122577451e-01 -6.855784832094676817e-01
-3.537230211726284934e-01 -5.053718778409093115e-01 -7.870700663727855373e-01
-2.747048073631663256e-01 -5.195161254117612870e-01 -8.090984267990618539e-01
-2.811966852506910808e-01 -5.185011927590786884e-01 -8.075177628457695933e-01
-2.283626457156450462e-01 -5.260254338420603526e-01 -8.192360740305708600e-01
-1.361679169221066410e-01 -5.352698068817900445e-01 -8.336333320122375490e-01
8.847696153572046085e-02 -5.381833609675777952e-01 -8.381709236516431405e-01
2.731367201482117757e-01 -5.197574318603607191e-01 -8.094742393261196156e-01
3.357337163978348915e-01 -5.089415052362229464e-01 -7.926294316523868622e-01
3.578726818314459934e-01 -5.045182955505950195e-01 -7.857406907202215685e-01
3.553306677609457398e-01 -5.050425383482789465e-01 -7.865571505029290700e-01
3.017368364765567468e-01 -5.151194924516797613e-01 -8.022510766645586378e-01
1.703792304534890167e-01 -5.324023112251744516e-01 -8.291674721262098924e-01
1.045035048767554431e-01 -5.373438904713687680e-01 -8.368635258162272494e-01
-2.136627408125877162e-02 -5.401789630151087040e-01 -8.412788896958048879e-01
-9.960566459423782215e-02 -5.376153773022794846e-01 -8.372863415038296342e-01
-1.433680468509569428e-01 -5.347206812086716665e-01 -8.327781194471165493e-01
-2.246420535871103408e-01 -5.264929092171993785e-01 -8.199641237908983360e-01
-3.332418046353137209e-01 -5.094193807943996344e-01 -7.933736787381151512e-01
-4.739836522187262924e-01 -4.757543580063679500e-01 -7.409435121973512173e-01
-6.186563631340458169e-01 -4.244948272850140314e-01 -6.611115230897293138e-01
-6.699054697749267095e-01 -4.011455036110050387e-01 -6.247471060343601224e-01
-6.791269561366658492e-01 -3.965931464796589312e-01 -6.176572298726139554e-01
-7.430669897827603121e-01 -3.615795106733996067e-01 -5.631267229996921309e-01
-8.070282818667857683e-01 -3.190554207611234205e-01 -4.968993768863935734e-01
-8.315548328451881632e-01 -3.001069555318029991e-01 -4.673888907678951377e-01
-8.598754864292647015e-01 -2.758263898322709240e-01 -4.295741501884530744e-01
-8.835395263687334522e-01 -2.530541512834294515e-01 -3.941084899648032436e-01
-8.963457932260857630e-01 -2.395460718367975750e-01 -3.730709026893666569e-01
-9.863118913998824011e-01 -8.909067786952457046e-02 -1.387505099087391058e-01
-9.700147091942035171e-01 -1.313184318654089799e-01 -2.045163401767563505e-01
-9.629347325140534819e-01 -1.457381727506890101e-01 -2.269737560190135950e-01
-9.644595661125766606e-01 -1.427643363700595858e-01 -2.223422802679616006e-01
-9.824446066123594390e-01 -1.007958460232536851e-01 -1.569802292097413898e-01
-9.948043617559861884e-01 -5.500553942150274850e-02 -8.566605199385811387e-02
-9.985824020807483326e-01 -2.875903994767812707e-02 -4.478955096817283099e-02
-9.999992805618120872e-01 6.481096441294800174e-04 1.009370966190591612e-03
-9.904761398419699159e-01 7.439124275396072350e-02 1.158574961116964480e-01
-9.872522076887251252e-01 8.599650566116184836e-02 1.339316222100224718e-01
-9.882077263338225892e-01 8.273065719524690109e-02 1.288453645816541870e-01
-9.871440887508953210e-01 8.635807110770206407e-02 1.344947270294325203e-01
-9.833912361563823534e-01 9.806401511773753243e-02 1.527256546550395389e-01
-9.810633670987789490e-01 1.046495547093336670e-01 1.629820248860120446e-01
-9.790803256136115795e-01 1.099375342111202636e-01 1.712175650099112822e-01
-9.786053435356549812e-01 1.111652549881134155e-01 1.731296268317197296e-01
-9.818725312945959516e-01 1.024102113030593564e-01 1.594944541669253979e-01
-9.821550891238156611e-01 1.016161715450415587e-01 1.582578105141053681e-01
-9.748882631477262528e-01 1.203223931560963716e-01 1.873910245502685978e-01
-9.719876014395313346e-01 1.269884023846158394e-01 1.977727188153856619e-01
-9.704950212219439765e-01 1.302783187233079731e-01 2.028964599347332087e-01
-9.729321583131458340e-01 1.248589592952297905e-01 1.944563076987628758e-01
-9.784652239950910602e-01 1.115247378007858253e-01 1.736894881410563918e-01
-9.836565662565471824e-01 9.728406661960019297e-02 1.515109568392074557e-01
-9.822208296821264284e-01 1.014305041055839074e-01 1.579686506096771303e-01
-9.752082950924958471e-01 1.195629077180737077e-01 1.862081960623292176e-01
-9.743789684365171677e-01 1.215207342156435638e-01 1.892573301731785285e-01
-9.691970718612459290e-01 1.330691592618515329e-01 2.072429365477409802e-01
-9.622960378456729691e-01 1.469645468490953233e-01 2.288837205131883101e-01
-9.639306159142412289e-01 1.438034331395586229e-01 2.239605776034433171e-01
-9.668674505073953096e-01 1.379277956269553407e-01 2.148098143540428662e-01
-9.688648886617555744e-01 1.337734690978025776e-01 2.083398341268015430e-01
-9.763382360066025223e-01 1.168398569658215536e-01 1.819672957861443452e-01
-9.811984184670684561e-01 1.042792738972748295e-01 1.624053466890200970e-01
-9.838228774698395407e-01 9.679187561282764918e-02 1.507444147632542031e-01
-9.856316254579722269e-01 9.126199993785238940e-02 1.421321436706665109e-01
-9.856818448167381508e-01 9.110352603600001264e-02 1.418853351917654104e-01
-9.860330090313988993e-01 8.998735326043555416e-02 1.401469990890518158e-01
-9.972898378819409215e-01 3.975163558361308191e-02 6.190950432558568750e-02
-9.794130021984566170e-01 -1.090690522612775271e-01 -1.698649845125028146e-01
-9.104213573235379053e-01 -2.235134397207924339e-01 -3.481015575853498856e-01
-9.159179903025004288e-01 -2.168586852563850476e-01 -3.377373915768001611e-01
-9.576336412623580596e-01 -1.556012567848950590e-01 -2.423345992828065398e-01
-9.695337188058236189e-01 -1.323513130560634576e-01 -2.061249573217324160e-01
-9.581564880021694597e-01 -1.546587811394411205e-01 -2.408667804322774941e-01
-9.268625865247775986e-01 -2.028299071133838338e-01 -3.158888641294202437e-01
-8.654185773559124328e-01 -2.707182457731652225e-01 -4.216186871721517848e-01
-7.522654174656873138e-01 -3.559836765060074293e-01 -5.544117276415077011e-01
-7.046826543002523424e-01 -3.833567108638772925e-01 -5.970427027976982215e-01
-9.174300602192836385e-01 -2.149847086907442917e-01 -3.348188459976489950e-01
-9.106252541775702314e-01 -2.232708304712095193e-01 -3.477237160659767401e-01
-6.262383731503055051e-01 -4.212367748658977784e-01 -6.560374070848671302e-01
-3.527831760272977513e-01 -5.055636221453840840e-01 -7.873686904337332537e-01
-2.858105599530116336e-01 -5.177642104759995201e-01 -8.063699809451680967e-01
-3.136459702201435107e-01 -5.130386497400344359e-01 -7.990103561516502806e-01
-3.107526350585094188e-01 -5.135523820082769086e-01 -7.998104467546155449e-01
-2.599435002156442187e-01 -5.217287807281314471e-01 -8.125444332807755243e-01
-1.510069371079301725e-01 -5.341064988692069138e-01 -8.318215871272874873e-01
-5.944591166413539657e-02 -5.393467963939005960e-01 -8.399828669717354090e-01
-1.857799804907380803e-03 -5.403013734622118536e-01 -8.414695326717018808e-01
6.001984660250871823e-02 -5.393282401906356327e-01 -8.399539673974303344e-01
1.156715392676166410e-01 -5.366755367975744040e-01 -8.358226266418585793e-01
1.828408559839780900e-01 -5.311941724081020721e-01 -8.272859074000461499e-01
1.972801069383916805e-01 -5.296838325560141447e-01 -8.249336924475501043e-01
2.036869823812911262e-01 -5.289754425197962240e-01 -8.238304403330757308e-01
2.120709847627955391e-01 -5.280127325117672799e-01 -8.223311083299689184e-01
2.261924762801768296e-01 -5.262990893219415822e-01 -8.196622671888321721e-01
2.379922650278861185e-01 -5.247778265538477482e-01 -8.172930408025728122e-01
2.277366205293400170e-01 -5.261046575891985544e-01 -8.193594577063401108e-01
1.938472135734005397e-01 -5.300537065435900752e-01 -8.255097370529497214e-01
8.518795733898439082e-02 -5.383382524063219376e-01 -8.384121527748262803e-01
-1.517370312758588025e-01 -5.340460908322602895e-01 -8.317275071839155265e-01
-3.312522209747679747e-01 -5.097980500847674179e-01 -7.939634212160233684e-01
-3.664035277797871304e-01 -5.027275475380410530e-01 -7.829517659325595513e-01
-4.802953258614911514e-01 -4.739028454283870095e-01 -7.380599522061078721e-01
-5.106014018467760485e-01 -4.645614014800166780e-01 -7.235115152414852702e-01
-5.766432690912176584e-01 -4.414248478802507147e-01 -6.874784679433174617e-01
-6.308532399909311250e-01 -4.192217358206654643e-01 -6.528991697103411207e-01
-6.798256962215714072e-01 -3.962435155044538582e-01 -6.171127118910508802e-01
-7.663952141682180974e-01 -3.470736384504905514e-01 -5.405351655468766392e-01
-7.972459377937246572e-01 -3.261559895890979166e-01 -5.079578576285248559e-01
-8.459286334098399252e-01 -2.881411211025877162e-01 -4.487532077958936716e-01
-9.277238297229941644e-01 -2.016771962952163266e-01 -3.140936233969128799e-01
-9.706049515742590783e-01 -1.300390223781067167e-01 -2.025237779582350905e-01
-9.847558934599066616e-01 -9.398128066588927465e-02 -1.463671724820163611e-01
-9.939971285586852723e-01 -5.911240193447318131e-02 -9.206211139565391444e-02
-9.999964906220482064e-01 -1.431418116273228732e-03 -2.229301631494895377e-03
-9.942983122529166495e-01 5.761473870393998831e-02 8.972963911148988669e-02
-9.895971941254015913e-01 7.773107036325498098e-02 1.210589694294270241e-01
-9.950961281781030010e-01 5.344268741332747208e-02 8.323205420383350539e-02
-9.999945121102052914e-01 1.790003638380160229e-03 2.787765493573641368e-03
-9.999783369746587658e-01 3.556387054047283839e-03 5.538744669835930605e-03
-9.979348249363115819e-01 3.470610814128888277e-02 5.405156091195168627e-02
-9.927189634148262387e-01 -6.508133523102090090e-02 -1.013581742196471847e-01
-9.739079110996402555e-01 -1.226181302841729409e-01 -1.909664232873121148e-01
-9.810545254022662309e-01 1.046737492155476457e-01 1.630197055968838904e-01
-8.244542533877651236e-01 3.057725293377384079e-01 4.762124991778614591e-01
-8.227900685388588320e-01 3.070783346236621858e-01 4.782461704170544170e-01
-8.063692667509998468e-01 3.195414737393963978e-01 4.976563595493474490e-01
-7.906663179396590246e-01 3.307986355932256428e-01 5.151883503781916618e-01
-7.885826719474937629e-01 3.322474224164432832e-01 5.174447021680490533e-01
-8.446071727322727041e-01 2.892705702631495068e-01 4.505122206431576015e-01
-9.216793449836280239e-01 2.096116601032388671e-01 3.264508186225219544e-01
-9.981858252189896863e-01 3.253076831840841926e-02 5.066366986804823197e-02
-9.809026403095424396e-01 -1.050884654670523333e-01 -1.636655878905172168e-01
-9.965706522515893617e-01 -4.470796741671016067e-02 -6.962853380840407225e-02
-9.614722247429267066e-01 1.485302350425901918e-01 2.313221354001381846e-01
-8.224930734318227632e-01 3.073105121934059936e-01 4.786077655576649326e-01
-8.595641867092320698e-01 2.761094968810493544e-01 4.300150632931247774e-01
-9.934934884878600103e-01 6.153445138671974346e-02 9.583422992207887847e-02
-9.619488733444860884e-01 -1.476265342213718967e-01 -2.299147047603957994e-01
-7.082576391988556486e-01 -3.814285994466526941e-01 -5.940398471825174553e-01
-6.220597058658554612e-01 -4.230403934115982700e-01 -6.588463765402718941e-01
-4.334574717987215720e-01 -4.869064027388329552e-01 -7.583117928093892068e-01
-2.160070372999665089e-01 -5.275467444928233496e-01 -8.216053749896690128e-01
-1.868833668237558365e-01 -5.307833184946754157e-01 -8.266460403415706315e-01
-1.614326622077649209e-01 -5.332155546782617606e-01 -8.304340237620732035e-01
-1.176457403774307103e-01 -5.365502455191637488e-01 -8.356274970370297650e-01
-9.297913698059522003e-02 -5.379617471729938316e-01 -8.378257806160679388e-01
-5.317393024514058437e-03 -5.402946673798305621e-01 -8.414590885671989762e-01
8.150534101214150506e-02 -5.385046687204595450e-01 -8.386713308279726276e-01
1.306765261043964510e-01 -5.356692449042385062e-01 -8.342554198739196014e-01
6.729750314047268367e-02 -5.390774153005821745e-01 -8.395633307761254382e-01
7.890008947322193350e-03 -5.402854880916697633e-01 -8.414447926729106131e-01
-1.983155478714895142e-02 -5.401960475198634981e-01 -8.413054972354820915e-01
-4.286926718693317290e-02 -5.398056007716462990e-01 -8.406974124537419657e-01
-1.024382585115783395e-01 -5.374599723519691841e-01 -8.370443126337669959e-01
-1.775547700420585795e-01 -5.317173995179582668e-01 -8.281007853426849419e-01
-2.437878775083913985e-01 -5.240006170109579031e-01 -8.160826086568007121e-01
-3.297898111056261072e-01 -5.100747606950238877e-01 -7.943943724579307641e-01
-4.889148836607517534e-01 -4.713227180335771704e-01 -7.340416418708374247e-01
-6.927671101628445349e-01 -3.896451546714113090e-01 -6.068363737596100815e-01
-9.483817684741628895e-01 -1.713465680244901923e-01 -2.668564686344476744e-01
-9.481079736303406058e-01 -1.717883261235199632e-01 -2.675444661103055233e-01
-9.028500371544722070e-01 -2.323059973500460063e-01 -3.617951547566228276e-01
-8.811607361761744084e-01 -2.554640248108128175e-01 -3.978616456117914368e-01
-8.599651101244553120e-01 -2.757448099446639378e-01 -4.294470970413174493e-01
-8.712603949149546612e-01 -2.651917567134570164e-01 -4.130116904203414152e-01
-9.343326604624253573e-01 -1.925648936594096250e-01 -2.999020528825143139e-01
-9.486867199165878173e-01 -1.708530445320037006e-01 -2.660878513349504981e-01
-9.559704105411249708e-01 -1.585587740672735335e-01 -2.469406595441831775e-01
-9.612185794725273125e-01 -1.490087175111778905e-01 -2.320673276928286177e-01
-9.641495186214183999e-01 -1.433743919852551452e-01 -2.232923855955362413e-01
-9.653947094931860651e-01 -1.409071276573323761e-01 -2.194498490724638429e-01
-9.672024954316356116e-01 -1.372403304009799929e-01 -2.137391507006772551e-01
-9.736634940457024046e-01 -1.231834756291471655e-01 -1.918468964946726529e-01
-9.727077813327814626e-01 -1.253682665385629225e-01 -1.952495067337525758e-01
-9.893406857038657964e-01 -7.867849380461902631e-02 -1.225344940155265044e-01
-9.942278191237937657e-01 5.796878154409219885e-02 9.028102816560171218e-02
-8.893171726416432277e-01 2.470753272628217478e-01 3.847970232507565425e-01
-8.625539488647196995e-01 2.733741117564590373e-01 4.257549533701815991e-01
-8.414093409472424012e-01 2.919784467392902427e-01 4.547294883845104940e-01
-8.347531474683821395e-01 2.975036098867143708e-01 4.633344201502874737e-01
-8.801505169097260106e-01 2.564786463290019691e-01 3.994418250018202943e-01
-9.814240144094550367e-01 1.036576753128426176e-01 1.614372642519908418e-01
-9.698710757750292899e-01 1.316277735125996051e-01 2.049981112476485512e-01
-9.405608959559658144e-01 1.835002186539382296e-01 2.857846580075069087e-01
-9.225731346331080829e-01 2.084606531914796057e-01 3.246582315670168972e-01
-9.203907868300335027e-01 2.112580630769097800e-01 3.290149393316117998e-01
-9.177437587134245067e-01 2.145934886900462413e-01 3.342095569465223792e-01
-9.268285084773173477e-01 2.028753614225432544e-01 3.159596550216239308e-01
-9.184365412117820870e-01 2.137264918009242065e-01 3.328592892941519277e-01
-9.209761370610435316e-01 2.105120370397996765e-01 3.278530726186228428e-01
-9.236172523211803043e-01 2.071065295005451723e-01 3.225493088706173905e-01
-9.211184130698352179e-01 2.103302353664298907e-01 3.275699332881615855e-01
-9.230223186081878417e-01 2.078793720363681374e-01 3.237529398058499597e-01
-9.264344138046731736e-01 2.034001575110680193e-01 3.167769765037611318e-01
-9.319073757493142596e-01 1.959656747717678227e-01 3.051984556567615137e-01
-9.371566805351920770e-01 1.885162333671449864e-01 2.935966380688377897e-01
-9.400511962813709044e-01 1.842611074090627354e-01 2.869696720323409167e-01
-9.373491864278152841e-01 1.882366264466838468e-01 2.931611760910446396e-01
-8.811662510564715056e-01 2.554584716378745513e-01 3.978529970573611019e-01
-8.638083839214801829e-01 2.722153669801000708e-01 4.239503153045767747e-01
-8.991562544874409646e-01 2.364512716006924864e-01 3.682510368953927360e-01
-9.010180193233162660e-01 2.343732313295963932e-01 3.650146809250436886e-01
-8.644142514205105376e-01 2.716533403220444676e-01 4.230750106458590620e-01
-8.687531780058752595e-01 2.675821822148041207e-01 4.167345575613515263e-01
-8.922452268176108703e-01 2.439741360308943230e-01 3.799672040705207032e-01
-7.517411884932894139e-01 3.563068139302204007e-01 5.549149843621020706e-01
-6.939876067818845362e-01 3.890106068271209083e-01 6.058481240452491257e-01
-7.884530760241003078e-01 3.323371975859719107e-01 5.175845187105551082e-01
-9.227286014248531343e-01 -2.082596819223464790e-01 -3.243452373600352878e-01
-6.910475753873960292e-01 -3.905355181816635990e-01 -6.082230327682278670e-01
-4.531380695857333274e-01 -4.816472743105641996e-01 -7.501211855702513143e-01
-4.348591395739603294e-01 -4.865414100487893134e-01 -7.577433503744727128e-01
-4.106787221191941506e-01 -4.926369012722349727e-01 -7.672365154914331242e-01
-3.485780701377666491e-01 -5.064144099549265921e-01 -7.886937139403571440e-01
-2.580566292194467759e-01 -5.220021547003420581e-01 -8.129701880168159756e-01
-1.820862254506353806e-01 -5.312698382521937601e-01 -8.274037499701267784e-01
-7.504531538917397215e-02 -5.387787206170561172e-01 -8.390981413686884327e-01
-2.399444846631065137e-02 -5.401467483907401723e-01 -8.412287183909663568e-01
-6.787501901015052103e-03 -5.402898598119917351e-01 -8.414516012239099396e-01
6.731713250697696216e-02 -5.390766998306928404e-01 -8.395622164977930568e-01
2.072685080144362479e-01 -5.285691509572129076e-01 -8.231976787150463437e-01
2.126051150668419876e-01 -5.279500234822250837e-01 -8.222334448029543497e-01
2.255700264183619630e-01 -5.263770711496437160e-01 -8.197837166896781991e-01
1.867759102129932236e-01 -5.307943600631876979e-01 -8.266632365656639836e-01
1.048055636002999114e-01 -5.373267162245903839e-01 -8.368367785116295199e-01
5.066927908568624045e-02 -5.396082805819018002e-01 -8.403901044660035957e-01
-1.772429941100911108e-02 -5.402174310037310967e-01 -8.413388000384374177e-01
-9.618952527555436893e-02 -5.377969440131125101e-01 -8.375691149018212878e-01
-1.731118727417302883e-01 -5.321449121464548737e-01 -8.287665968126930460e-01
-2.383239131172851799e-01 -5.247338866416874081e-01 -8.172246084439537261e-01
-2.810580949611693469e-01 -5.185231284166805787e-01 -8.075519256083640851e-01
-2.735355709211018671e-01 -5.196961959720602930e-01 -8.093788700806543446e-01
-2.698245626178071288e-01 -5.202622232534593882e-01 -8.102604053410709106e-01
-3.076728262437251060e-01 -5.140934368674373589e-01 -8.006530897717342166e-01
-3.662460502775329307e-01 -5.027610449547466054e-01 -7.830039350680928489e-01
-3.528298118767601577e-01 -5.055541213849309434e-01 -7.873538938760135109e-01
-3.179323368717044684e-01 -5.122678590686875477e-01 -7.978099208060025482e-01
-3.587530154277793204e-01 -5.043357442387665923e-01 -7.854563838970339829e-01
-4.160992936757137994e-01 -4.913072517106887860e-01 -7.651657089931970246e-01
-3.765273597752102908e-01 -5.005390269179792462e-01 -7.795433470133087406e-01
-2.173941443426403719e-01 -5.273803835974221199e-01 -8.213462832460906027e-01
-2.354583593093577398e-01 -5.251114029456801502e-01 -8.178125552519751595e-01
-2.869900559117657401e-01 -5.175737120227549282e-01 -8.060732971825501636e-01
-2.940441636756380706e-01 -5.164165318026059381e-01 -8.042710957688723461e-01
-3.189719362124362467e-01 -5.120791613318075308e-01 -7.975160414929609587e-01
-3.610133627531867395e-01 -5.038646654969829441e-01 -7.847227222256595303e-01
-3.799132970804222631e-01 -4.997915739632648457e-01 -7.783792580078204848e-01
-4.229920064696401361e-01 -4.895859725598216139e-01 -7.624849755473490642e-01
-4.745245185098099228e-01 -4.755969366245634267e-01 -7.406983429213029879e-01
-4.742099688553908510e-01 -4.756885157911489026e-01 -7.408409690227607536e-01
-4.670388837762552425e-01 -4.777551705369075252e-01 -7.440595930879998487e-01
-4.230892761647688238e-01 -4.895614359133601545e-01 -7.624467619846129196e-01
-4.049162064674834416e-01 -4.940274647954714382e-01 -7.694021898641448809e-01
-3.932292109244820422e-01 -4.967758089294893042e-01 -7.736824822484742459e-01
-3.723877580889301542e-01 -5.014422711131059085e-01 -7.809500665000488340e-01
-3.752330318741291526e-01 -5.008226923468777070e-01 -7.799851297434928776e-01
-3.764901376846818692e-01 -5.005472004164236433e-01 -7.795560764829236877e-01
-3.735552845475599848e-01 -5.011886969933456726e-01 -7.805551482071615421e-01
-3.994430900068536849e-01 -4.953264575752454602e-01 -7.714252512536358131e-01
-3.699652631162040906e-01 -5.019654733091106769e-01 -7.817649056416631215e-01
-3.447689970995103659e-01 -5.071750541190489514e-01 -7.898783470372747750e-01
-3.489450945059223153e-01 -5.063406156630325672e-01 -7.885787861401256649e-01
-3.735856071744683149e-01 -5.011820989590933806e-01 -7.805448723776495790e-01
-5.467465951176322392e-01 -4.523941110562208490e-01 -7.045620831473460299e-01
-6.461905421737721422e-01 -4.123458149653068117e-01 -6.421905574560897723e-01
-7.831304885492557100e-01 -3.359909923411800725e-01 -5.232749668866198967e-01
-8.147839161397951724e-01 -3.132482334562300963e-01 -4.878552185192348567e-01
-7.729488112483120510e-01 -3.428047329595615977e-01 -5.338867391594821488e-01
-8.652314872835225046e-01 -2.708927661580871615e-01 -4.218904865677389759e-01
-8.976113876713616158e-01 -2.381586108623940934e-01 -3.709100602501734234e-01
-9.085006096014722754e-01 -2.257834333619161415e-01 -3.516368632169534769e-01
-9.245898596532623470e-01 -2.058357433459446495e-01 -3.205701766970580624e-01
-9.219845925912091289e-01 -2.092194048345950574e-01 -3.258399172370995411e-01
-9.019873000325883128e-01 -2.332823082335248877e-01 -3.633156688682175339e-01
-8.963050769598615020e-01 -2.395905429441225198e-01 -3.731401623354383967e-01
-9.182162178940903585e-01 -2.140026718469799916e-01 -3.332894142312747832e-01
-8.893079717103837822e-01 -2.470849949365303277e-01 -3.848120797604696608e-01
-8.477829734593328448e-01 -2.865457150524889363e-01 -4.462685100895086854e-01
-8.370246917021185729e-01 -2.956345745140097625e-01 -4.604235700231840700e-01
-8.730306166596975004e-01 -2.634867401218742300e-01 -4.103562844099456486e-01
-9.450921568358682245e-01 -1.765729222560460943e-01 -2.749960330864556490e-01
-9.963466664165663289e-01 -4.614232407050347651e-02 -7.186241194093194451e-02
-9.969415475225225087e-01 4.222506879325352985e-02 6.576164831269767919e-02
-9.968558366266428994e-01 4.281172520296101097e-02 6.667531153689443268e-02
-9.998966429601490180e-01 7.768025239693661203e-03 1.209798251361315566e-02
-9.995357329293937942e-01 -1.646210420519678835e-02 -2.563820825324742217e-02
-9.999997427861905264e-01 3.875242921504955663e-04 6.035333260866048311e-04
-9.995680669245611272e-01 1.587863435145668578e-02 2.472950779592932372e-02
-9.993418197457519803e-01 1.959985103529305120e-02 3.052495940445077924e-02
-9.992282075188039236e-01 2.122356218043872089e-02 3.305373968450889960e-02
-9.883910229548766857e-01 -8.208894876340112889e-02 -1.278459629129213848e-01
-8.663443793865213127e-01 -2.698524255264717620e-01 -4.202702520317887491e-01
-9.970994932741155115e-01 4.112194142938147001e-02 6.404362923492513959e-02
-9.990126641351925185e-01 2.400363698802085444e-02 3.738344966495580485e-02
-9.960663291523291774e-01 4.787660143203029128e-02 7.456338890046791679e-02
-9.948502987484858506e-01 5.476246563143235407e-02 8.528748699554133950e-02
-9.931227826151035609e-01 6.325723778025794941e-02 9.851731075930564296e-02
-9.890853976010897108e-01 7.960997644361147985e-02 1.239851922728753136e-01
-9.890348775998564212e-01 7.979299422152687227e-02 1.242702255739499134e-01
-9.888084769926536177e-01 8.060795402860516934e-02 1.255394502727769090e-01
-9.893495504468950985e-01 7.864594602179474092e-02 1.224838038471356000e-01
-9.923433594819173198e-01 6.673259954424526352e-02 1.039298660165097754e-01
-9.937956665884010166e-01 6.009311391268704061e-02 9.358947980618576024e-02
-9.949938591637352836e-01 5.399569484374282941e-02 8.409331224775394575e-02
-9.996343793823888602e-01 1.460923440591576673e-02 2.275253451506738245e-02
-9.997638086469181617e-01 -1.174243514595858275e-02 -1.828775920257510665e-02
-9.979502188313873479e-01 -3.457664905866374150e-02 -5.384994033664455837e-02
-9.967647691273853194e-01 -4.342630845507725046e-02 -6.763246824118379630e-02
-9.892056457621235532e-01 -7.917261612082139577e-02 -1.233040439277044570e-01
-9.889071440532192225e-01 -8.025382885686944967e-02 -1.249879329948209578e-01
-9.912641200161946831e-01 -7.126143846509197521e-02 -1.109831147355542086e-01
-9.906374942463216371e-01 -7.376136750112646800e-02 -1.148765235273634111e-01
-9.883676229714325467e-01 -8.217115613130600293e-02 -1.279739933027199683e-01
-9.865429344868227313e-01 -8.834072969699705014e-02 -1.375825348317539221e-01
-9.675563041430677025e-01 -1.365103456398535364e-01 -2.126022667948185285e-01
-9.646808812301077563e-01 -1.423271523113983361e-01 -2.216614064379065774e-01
-9.365599025348234630e-01 -1.893800423887726514e-01 -2.949419409117473023e-01
-9.136670217640731062e-01 -2.196131639806629121e-01 -3.420272380193881689e-01
-8.505907472088193311e-01 -2.841062325420101731e-01 -4.424692411835285388e-01
-7.995455561156952218e-01 -3.245085082592257253e-01 -5.053920574791571640e-01
-7.372788906766560846e-01 -3.650220307781384399e-01 -5.684881304030922067e-01
-5.224963065688625896e-01 -4.606841945413421846e-01 -7.174731232051079211e-01
-4.166559615300327035e-01 -4.911695101878785774e-01 -7.649511892815665792e-01
-3.054144138819654963e-01 -5.144864084551881156e-01 -8.012651067580670583e-01
-2.797944389663623022e-01 -5.187225947193321307e-01 -8.078625759689219699e-01
-2.129097020745683022e-01 -5.279141897838719455e-01 -8.221776371243361137e-01
-1.364978389405232528e-01 -5.352452754582668337e-01 -8.335951265837455715e-01
-6.512951359825190634e-02 -5.391551464299135787e-01 -8.396843898373921311e-01
3.978776373413025341e-02 -5.398744693339988521e-01 -8.408046688847358174e-01
1.391923735839635801e-01 -5.350426574075551889e-01 -8.332795676664128681e-01
2.161005062740091187e-01 -5.275355695162167180e-01 -8.215879709947789822e-01
2.833901732028086262e-01 -5.181524493708707935e-01 -8.069746271990523301e-01
3.158060595703214846e-01 -5.126516668705010105e-01 -7.984076660413297333e-01
3.452500352322747657e-01 -5.070795180775147237e-01 -7.897295584682064717e-01
3.512292100896339253e-01 -5.058793798985249390e-01 -7.878604539975945231e-01
3.510629610724244620e-01 -5.059130666492478445e-01 -7.879129180033889179e-01
3.335584074483248784e-01 -5.093588878856105673e-01 -7.932794666146800733e-01
3.602159144954125702e-01 -5.040312497011595338e-01 -7.849821617520496009e-01
3.184457699551172527e-01 -5.121747514782749588e-01 -7.976649143254702645e-01
2.859548412220114799e-01 -5.177409537167058096e-01 -8.063337606885935260e-01
2.362285904915596702e-01 -5.250104058415507868e-01 -8.176552615818363234e-01
1.066364034499886621e-01 -5.372215468569734309e-01 -8.366729869261059216e-01
-1.574978797552346044e-01 -5.335589685575947705e-01 -8.309688591905001198e-01
-1.867403020926986512e-01 -5.307980174791487871e-01 -8.266689326535340276e-01
-1.513012697165490861e-01 -5.340821816456594595e-01 -8.317837152954925539e-01
-1.269877948903222198e-01 -5.359281694847242150e-01 -8.346586710156709277e-01
-2.666005509044808153e-01 -5.207472042172400783e-01 -8.110157184403734565e-01
-4.327152806145606601e-01 -4.870990809249888254e-01 -7.586118713048808360e-01
-5.286962010531894851e-01 -4.586146084239930976e-01 -7.142499337991098374e-01
-5.031764088019445857e-01 -4.669204565197193069e-01 -7.271855257832041675e-01
-6.904381607529873621e-01 -3.908500521391815030e-01 -6.087128903833325388e-01
-8.672243853612566777e-01 -2.690259889148595152e-01 -4.189831532689262672e-01
-9.159762210752372402e-01 -2.167868741393743637e-01 -3.376255523884516552e-01
-9.737917820830382931e-01 -1.228870828350810684e-01 -1.913852920676620828e-01
-9.819075158190239128e-01 -1.023122449421004082e-01 -1.593418805996116017e-01
-9.817147015168380397e-01 -1.028509751367006619e-01 -1.601809031661868832e-01
-9.789739984580775323e-01 -1.102136057498181443e-01 -1.716475209568366911e-01
-9.894827248233162287e-01 -7.815531642381516597e-02 -1.217196935212978698e-01
-9.956000471082407932e-01 -5.062879454710723925e-02 -7.884967571763080996e-02
-9.988249940188589360e-01 -2.618449758779193073e-02 -4.077993880943480559e-02
-9.999510453826320200e-01 -5.346177007726302804e-03 -8.326177369205373449e-03
-9.999947261534399834e-01 1.754748950182173596e-03 2.732859569843797392e-03
-9.999841833766833776e-01 3.038834073875339679e-03 4.732703660597978659e-03
-9.998803975410848199e-01 8.356201173865722767e-03 1.301401225694883736e-02
-9.997711855750405219e-01 1.155762699415950091e-02 1.799993755938402232e-02
-9.997407488460106073e-01 1.230223498641934941e-02 1.915959579836928883e-02
-9.994270345986711046e-01 1.828747729258460922e-02 2.848105839992238347e-02
-9.988583368200278922e-01 2.581052428043519031e-02 4.019750989174267208e-02
-9.986760869460028500e-01 2.779314936508980177e-02 4.328526551367834624e-02
-9.978870766664797998e-01 3.510461055526903351e-02 5.467219164977799722e-02
-9.963578025088256629e-01 4.607207337564610261e-02 7.175300296609868345e-02
-9.956507870517182779e-01 5.033666413643549803e-02 7.839470955944402575e-02
-9.969855353024859035e-01 4.192078259846506588e-02 6.528775064242828274e-02
-9.965990569162609392e-01 4.452274513665457900e-02 6.934006719866731006e-02
-9.994029087820341939e-01 1.866840966501361054e-02 2.907432541931442849e-02
-9.999967634475613876e-01 1.374652073045762877e-03 2.140893757274345711e-03
-9.969985985507250348e-01 -4.182998848219398463e-02 -6.514634718439447914e-02
-9.933784937159138018e-01 -6.207405304058662143e-02 -9.667460970604770110e-02
-9.895066684807237722e-01 -7.806677119565356981e-02 -1.215817924989776866e-01
-9.835829757442854371e-01 -9.750103526443876234e-02 -1.518488654826869455e-01
-9.701665453860282007e-01 -1.309905797138913586e-01 -2.040057407034380765e-01
-9.572502353863688862e-01 -1.562884420172506172e-01 -2.434048268719458397e-01
-9.545317191181188488e-01 -1.610691806603964105e-01 -2.508503861643373578e-01
-9.512206280087347476e-01 -1.666894496339592913e-01 -2.596034364784024495e-01
-9.450484459959251904e-01 -1.766412062379274506e-01 -2.751023790873078356e-01
-9.385502409011572400e-01 -1.864813668739662145e-01 -2.904275212737197354e-01
-9.361639637559667770e-01 -1.899506760843944764e-01 -2.958306502372570757e-01
-9.266167222376938684e-01 -2.031575827733410333e-01 -3.163991887334189901e-01
-9.004782390784367152e-01 -2.349780511064393507e-01 -3.659566319175229787e-01
-8.466974009912230370e-01 -2.874811998829555626e-01 -4.477254413907749697e-01
-6.249498233257304580e-01 -4.217950567346798740e-01 -6.569068795798430616e-01
-7.000900488129263577e-01 -3.858053286494410594e-01 -6.008561990516626539e-01
-6.518372349754957273e-01 -4.097430615940815257e-01 -6.381370092503718672e-01
-5.913782800751141711e-01 -4.356966872607808128e-01 -6.785573863464910982e-01
-5.169896559013043014e-01 -4.624942594020828857e-01 -7.202921322013519090e-01
-4.491451401418147804e-01 -4.827378546123968217e-01 -7.518196637566818552e-01
-3.980439076866920112e-01 -4.956551623118721772e-01 -7.719371785495889871e-01
-3.054289807619517405e-01 -5.144838840025349747e-01 -8.012611751560044793e-01
1.879366323060397692e-01 -5.306747431018759009e-01 -8.264769441861171684e-01
4.330152218088041960e-01 -4.870212629609226296e-01 -7.584906770065272807e-01
5.281073696422073915e-01 -4.588126184854011691e-01 -7.145583161983062315e-01
6.244036839527938865e-01 -4.220311097113051413e-01 -6.572745103090670282e-01
6.329047536685996622e-01 -4.183180727886848249e-01 -6.514917979238493695e-01
6.342282105723835439e-01 -4.177325105254272031e-01 -6.505798387317855980e-01
6.203748872219309041e-01 -4.237620295014830618e-01 -6.599702581610482621e-01
6.204030069473270848e-01 -4.237500114824478414e-01 -6.599515412053676977e-01
6.502658048012411873e-01 -4.104713220051030564e-01 -6.392712076400571819e-01
7.149852177608003734e-01 -3.777467218115672098e-01 -5.883056625124011285e-01
7.618288153068966118e-01 -3.499961634874604877e-01 -5.450867286149509994e-01
7.597943145920880159e-01 -3.512848477072137987e-01 -5.470937353734356412e-01
7.137472800480501034e-01 -3.784295325199070748e-01 -5.893690771840467413e-01
5.323244950270908937e-01 -4.573877247571291882e-01 -7.123391756990831158e-01
4.368853046691305586e-01 -4.860112285808780297e-01 -7.569176416608788260e-01
3.832642604739453507e-01 -4.990441365111251137e-01 -7.772151931461617203e-01
3.239098325660984545e-01 -5.111735041462510676e-01 -7.961055639962859587e-01
3.140112098148754027e-01 -5.129734236231747735e-01 -7.989087724934038626e-01
2.460598668298094593e-01 -5.236905127216415767e-01 -8.155996498411709483e-01
1.155902986447702313e-01 -5.366806466339851811e-01 -8.358305847405563815e-01
3.531900157228894110e-02 -5.399652055494694736e-01 -8.409459821676157354e-01
1.177590634230717415e-01 -5.365429883082581952e-01 -8.356161946007062413e-01
1.821297836446902629e-01 -5.312654795302582666e-01 -8.273969616629148760e-01
1.989546150199681396e-01 -5.295009628856589545e-01 -8.246488898103337961e-01
2.627328867102258769e-01 -5.213207336325631491e-01 -8.119089375821142429e-01
-4.851866300803279325e-02 5.396659789580523503e-01 8.404799643627205441e-01
-2.675650741111889053e-01 -5.206027715110097542e-01 -8.107907778279974664e-01
-1.464239051310416984e-01 -5.344788934027987493e-01 -8.324015572505227833e-01
4.254063552174182083e-01 -4.889749100840390383e-01 -7.615333021273186231e-01
5.198085088029453793e-01 -4.615709704350918763e-01 -7.188541948320714692e-01
4.766159674728001616e-01 -4.749860289884107467e-01 -7.397469106497081004e-01
3.311400681912203270e-01 -5.098193198032491269e-01 -7.939965468398879622e-01
2.531668790184775086e-01 -5.227006739212335384e-01 -8.140580672472522705e-01
1.363737362101926087e-01 -5.352545102411967459e-01 -8.336095089060162611e-01
-4.067284277407786086e-01 -4.935926935210105393e-01 -7.687250737228414899e-01
-3.844390229714260143e-01 -4.987802829343183642e-01 -7.768042655474650671e-01
-1.898372131323221856e-01 -5.304772216405087004e-01 -8.261693227363988701e-01
-2.828961331607386942e-01 -5.182312539178258737e-01 -8.070973580092178912e-01
-5.811750661251851025e-01 -4.396864317032901925e-01 -6.847710451606542348e-01
-7.568616369368715846e-01 -3.531281547483984262e-01 -5.499645159982873288e-01
-8.916175080305419609e-01 -2.446431441371649529e-01 -3.810091224630833273e-01
-9.257864291266650891e-01 -2.042596325519747957e-01 -3.181155295716174281e-01
-9.063516708113268372e-01 -2.282907670852505067e-01 -3.555418041259622020e-01
-8.857650012335577250e-01 -2.507726661442262195e-01 -3.905552873853226914e-01
-9.068973509033734226e-01 -2.276572565142422622e-01 -3.545551698690234121e-01
-9.487977320541427506e-01 -1.706729922978505731e-01 -2.658074365946390683e-01
-9.780528974307290957e-01 -1.125756254106394655e-01 -1.753261486223865739e-01
-9.914474331041005506e-01 -7.051304743908716477e-02 -1.098175647705919161e-01
-9.949577331614688491e-01 -5.418967955660099201e-02 -8.439542553802420466e-02
-9.953168127486595740e-01 -5.222921679537145812e-02 -8.134218568978705821e-02
-9.966004778054178281e-01 -4.451345936540405945e-02 -6.932560546679236713e-02
-9.985956950862180381e-01 -2.862397886460214813e-02 -4.457920579409004047e-02
-9.994573662090276978e-01 -1.779698000380497067e-02 -2.771715413345468906e-02
-9.997034151511102751e-01 -1.315812766480584615e-02 -2.049256966716399286e-02
-9.999741305534666225e-01 -3.886355983406434168e-03 -6.052640829315978493e-03
-9.989207145156144829e-01 2.509589989538630814e-02 3.908454835424078622e-02
-9.986576375497443481e-01 2.798600596348880393e-02 4.358562186977561759e-02
-9.999976632977987112e-01 1.168027986958306182e-03 1.819095809501981246e-03
-9.998220955416102784e-01 1.019121392906590859e-02 1.587187529673788136e-02
-9.993316184103816502e-01 1.975110862654461466e-02 3.076052914547865169e-02
-9.986698253703377715e-01 2.785875339869807454e-02 4.338743774238838780e-02
-9.975750533614939908e-01 3.760446956004265956e-02 5.856549137436056762e-02
