1.552874088287353516e+01
1.370956516265869141e+01
1.522078227996826172e+01
2.942455863952636719e+01
2.940695190429687500e+01
2.893523216247558594e+01
2.762769222259521484e+00
2.753836631774902344e+01
3.003136825561523438e+01
3.081698226928710938e+01
2.401434326171875000e+01
2.796748352050781250e+01
2.808827972412109375e+01
2.584041023254394531e+01
2.654937934875488281e+01
2.642238044738769531e+01
2.609767532348632812e+01
2.131022644042968750e+01
1.877105140686035156e+01
2.298394012451171875e+01
2.369106101989746094e+01
2.535560417175292969e+01
3.111487770080566406e+01
3.271479797363281250e+01
3.296432113647460938e+01
3.252623748779296875e+01
3.126564979553222656e+01
8.547265052795410156e+00
3.799814987182617188e+01
3.568161392211914062e+01
2.309469604492187500e+01
2.456012535095214844e+01
2.748210144042968750e+01
3.280550765991210938e+01
3.536222076416015625e+01
3.157980918884277344e+01
3.972657394409179688e+01
3.985945892333984375e+01
3.784225845336914062e+01
3.200372314453125000e+01
3.853290176391601562e+01
2.986236000061035156e+01
1.691942787170410156e+01
2.444035530090332031e+01
2.739019966125488281e+01
3.089996910095214844e+01
3.445417022705078125e+01
3.406584548950195312e+01
3.278930664062500000e+01
3.044722175598144531e+01
4.003337097167968750e+01
3.590069198608398438e+01
3.086835861206054688e+01
1.756211853027343750e+01
7.099762916564941406e+00
9.835037231445312500e+00
2.934492492675781250e+01
3.507147979736328125e+01
2.926882171630859375e+01
2.938614273071289062e+01
3.562529754638671875e+01
3.971659469604492188e+01
4.032406616210937500e+01
3.764556884765625000e+01
3.004437637329101562e+01
3.228990173339843750e+01
3.938954162597656250e+01
3.881093597412109375e+01
3.950864410400390625e+01
1.743173980712890625e+01
3.856156158447265625e+01
3.707343673706054688e+01
3.535689926147460938e+01
2.810439300537109375e+01
1.688416290283203125e+01
1.926863479614257812e+01
2.642053604125976562e+01
3.416796112060546875e+01
3.849899291992187500e+01
3.748950576782226562e+01
3.960729980468750000e+01
3.653493499755859375e+01
3.272645950317382812e+01
2.201812553405761719e+01
2.988068199157714844e+01
3.309650421142578125e+01
3.292535018920898438e+01
3.217415237426757812e+01
2.731648254394531250e+01
2.364636802673339844e+01
3.004324531555175781e+01
1.544907951354980469e+01
3.842927932739257812e+01
3.798087692260742188e+01
3.489624023437500000e+01
3.033430099487304688e+01
2.430221557617187500e+01
2.256097030639648438e+01
1.274163532257080078e+01
2.131292533874511719e+01
2.223572158813476562e+01
2.481603050231933594e+01
1.199307918548583984e+01
1.454583835601806641e+01
2.158522796630859375e+01
2.389452362060546875e+01
2.382752990722656250e+01
2.480874061584472656e+01
2.713555335998535156e+01
3.049848556518554688e+01
3.086145782470703125e+01
1.513949966430664062e+01
1.775487518310546875e+01
3.766716003417968750e+01
3.999354934692382812e+01
1.845716857910156250e+01
1.594268894195556641e+01
2.996649932861328125e+01
3.005552673339843750e+01
3.710546493530273438e+01
3.897787094116210938e+01
4.242145156860351562e+01
4.047574996948242188e+01
3.866584396362304688e+01
1.584367084503173828e+01
3.071293067932128906e+01
2.969734382629394531e+01
2.037378501892089844e+01
2.216161727905273438e+01
2.646409034729003906e+01
2.745975875854492188e+01
3.391032409667968750e+01
3.364810943603515625e+01
2.917264175415039062e+01
3.426595306396484375e+01
3.151667785644531250e+01
2.955047798156738281e+01
2.130808639526367188e+01
3.903677368164062500e+01
3.951861572265625000e+01
3.778024291992187500e+01
3.827602386474609375e+01
3.901628112792968750e+01
3.914094924926757812e+01
3.625090789794921875e+01
3.379917144775390625e+01
2.086439895629882812e+01
2.460193252563476562e+01
2.671347427368164062e+01
3.701332473754882812e+01
3.719179153442382812e+01
3.794522857666015625e+01
2.077026939392089844e+01
1.928729820251464844e+01
1.159759426116943359e+01
1.516355228424072266e+01
2.045751953125000000e+01
3.063053321838378906e+01
3.128762054443359375e+01
2.460829925537109375e+01
2.750087928771972656e+01
2.423095893859863281e+01
2.307920455932617188e+01
3.284582138061523438e+01
3.879601669311523438e+01
4.037208175659179688e+01
3.901920318603515625e+01
3.717869949340820312e+01
3.175534248352050781e+01
7.600335121154785156e+00
1.427326107025146484e+01
1.781248664855957031e+01
2.508602905273437500e+01
2.402303886413574219e+01
2.291575241088867188e+01
1.927478790283203125e+01
2.928206062316894531e+01
3.272714233398437500e+01
3.427948760986328125e+01
3.569129943847656250e+01
3.558330154418945312e+01
2.356318664550781250e+01
3.162176895141601562e+01
3.399532699584960938e+01
3.385316848754882812e+01
3.456155014038085938e+01
3.756224060058593750e+01
3.711757659912109375e+01
3.715093231201171875e+01
1.561782646179199219e+01
2.906985092163085938e+01
3.919895553588867188e+01
3.958190155029296875e+01
2.625963592529296875e+01
2.850349235534667969e+01
2.869644737243652344e+01
2.706647872924804688e+01
1.767169380187988281e+01
2.394333648681640625e+01
2.478652191162109375e+01
2.528095436096191406e+01
2.699868392944335938e+01
2.895625877380371094e+01
3.306266784667968750e+01
3.793966293334960938e+01
3.855727005004882812e+01
3.807430648803710938e+01
2.839295005798339844e+01
2.936857604980468750e+01
