-9.730692688664939194e-01 1.245466524819782567e-01 1.939699186553425769e-01
-9.603903739772463588e-01 1.505596070725455093e-01 2.344826950757891992e-01
-9.415417292175550790e-01 1.820258919829767230e-01 2.834885302614867375e-01
-9.346023666002840624e-01 1.921824362658571539e-01 2.993064107834443321e-01
-9.118804093303395364e-01 2.217703174283232048e-01 3.453868054620402028e-01
-8.649038421666201959e-01 2.711980370369201365e-01 4.223659177925456198e-01
-7.738287786225062082e-01 3.422246917397255839e-01 5.329833784830911858e-01
-6.790125417455775692e-01 3.966503328015603680e-01 6.177462922920877730e-01
-9.218282856324114816e-01 -2.094203734810576589e-01 -3.261529073595137995e-01
-4.071877573391283200e-01 -4.934821259713601527e-01 -7.685528749669198190e-01
-5.140423793170599831e-01 -4.634522930798696261e-01 -7.217841812516164746e-01
-6.241444724253574217e-01 -4.221430280379118716e-01 -6.574488127754548605e-01
-6.217235772164330099e-01 -4.231846175757673634e-01 -6.590709923676306703e-01
-5.278155893917947372e-01 -4.589106238924351988e-01 -7.147109505762790915e-01
-4.775698521856084899e-01 -4.747062471091260671e-01 -7.393111761896916656e-01
-5.075985862793692682e-01 -4.655210538412500876e-01 -7.250060852418535040e-01
-5.467852536981485656e-01 -4.523804711749455643e-01 -7.045408402908843737e-01
-6.041102836968565981e-01 -4.305672991387657911e-01 -6.705688376625117408e-01
-6.830668266525633525e-01 -3.946129656526806140e-01 -6.145732809564642407e-01
-7.436499135044842834e-01 -3.612294929009728928e-01 -5.625816026171482909e-01
-7.764375412991182390e-01 -3.404953857267771222e-01 -5.302901439402331052e-01
-6.848739678864177449e-01 -3.936975133130524163e-01 -6.131475484111740260e-01
-5.372026152321289771e-01 -4.557197247375408544e-01 -7.097414195838518403e-01
-4.082211475339197482e-01 -4.932328262924983719e-01 -7.681646137213063996e-01
-2.762710516256514093e-01 -5.192736107187969630e-01 -8.087207325428968918e-01
-9.985195630504943576e-02 -5.376020396994333206e-01 -8.372655694181287966e-01
-3.584364621486018504e-02 -5.399551130375570551e-01 -8.409302640116022021e-01
4.003914085003550810e-02 -5.398690439801755447e-01 -8.407962193967822850e-01
1.373157242927354194e-01 -5.351842005294235038e-01 -8.335000080177823456e-01
2.911032580374478540e-01 -5.169026988466094430e-01 -8.050282560786761188e-01
5.860999160216020520e-01 -4.377738837463402422e-01 -6.817924281987274293e-01
5.453838760509028827e-01 -4.528740403480279175e-01 -7.053095287336944574e-01
5.211961280104461247e-01 -4.611139420337488914e-01 -7.181424152694331209e-01
5.585150165492337448e-01 -4.481777424498006868e-01 -6.979954781097147398e-01
5.700737459326934431e-01 -4.439088773184269865e-01 -6.913471145786033167e-01
5.885232093930856667e-01 -4.368237825411973030e-01 -6.803127332426338603e-01
6.104299240429362783e-01 -4.279573916586028592e-01 -6.665041475922713898e-01
6.466317571040327561e-01 -4.121438493389467661e-01 -6.418760146294818503e-01
6.770330455514068646e-01 -3.976368962545918095e-01 -6.192827738347012057e-01
6.839429977097153390e-01 -3.941696869870357500e-01 -6.138829153384143256e-01
6.658254286871506666e-01 -4.031236377818901429e-01 -6.278278674725004116e-01
6.526237556088093639e-01 -4.093774103307553092e-01 -6.375675411483379129e-01
6.475224390942259101e-01 -4.117354182771292836e-01 -6.412399209388183197e-01
5.869081355828933422e-01 -4.374576697955708804e-01 -6.812999541491555622e-01
5.538402143438315717e-01 -4.498681128173772636e-01 -7.006280739777063227e-01
5.344776138737060700e-01 -4.566541245764226264e-01 -7.111966611108425651e-01
5.157688144335600411e-01 -4.628920079745267313e-01 -7.209115889005465183e-01
5.071108362194701735e-01 -4.656762106987945016e-01 -7.252477277303261971e-01
5.241255864192216896e-01 -4.601435887060816299e-01 -7.166311795012796360e-01
5.827872581805969565e-01 -4.390630353360523985e-01 -6.838001628427962109e-01
6.228439390682308785e-01 -4.227034043655891193e-01 -6.583215471968930643e-01
6.485271492191947429e-01 -4.112735358076792802e-01 -6.405205816130140617e-01
6.348953441914434448e-01 -4.174365621434903417e-01 -6.501189264356578290e-01
5.784402642822917828e-01 -4.407379610255073299e-01 -6.864087050497763576e-01
4.662600438715351348e-01 -4.779771978018304557e-01 -7.444053800654748532e-01
4.425077583177386975e-01 -4.845240221756964560e-01 -7.546014549172925800e-01
4.220761000001654883e-01 -4.898166766029397046e-01 -7.628442758062103923e-01
4.148908682832409545e-01 -4.916054975531940485e-01 -7.656301993721609245e-01
4.423534047220204490e-01 -4.845651657273630786e-01 -7.546655322024780066e-01
4.898723791331115462e-01 -4.710323932642416778e-01 -7.335894878324156210e-01
5.162524641540017223e-01 -4.627345888800740159e-01 -7.206664231868376014e-01
5.173463616490301398e-01 -4.623778029013460023e-01 -7.201107619475181076e-01
5.433645666128291696e-01 -4.535820795085978019e-01 -7.064122343917241809e-01
5.649406275896009522e-01 -4.458204831998939799e-01 -6.943242643448959139e-01
5.334784636231649779e-01 -4.569950648944191562e-01 -7.117276441957366417e-01
4.486471418846000314e-01 -4.828730230155192094e-01 -7.520301760718338668e-01
3.403794858981942228e-01 -5.080398557832930262e-01 -7.912251958294629350e-01
2.989623627690303209e-01 -5.155915276556294335e-01 -8.029862279374989642e-01
3.086273024704114243e-01 -5.139263933893473135e-01 -8.003929349686035311e-01
3.194871931367238571e-01 -5.119853828386600192e-01 -7.973699901433264348e-01
3.244397778376244545e-01 -5.110753842069797326e-01 -7.959527512449221520e-01
4.543898282505394182e-01 -4.813028843968888415e-01 -7.495848300584000423e-01
4.483729283000184584e-01 -4.829473708625348083e-01 -7.521459659830874722e-01
4.492950921768996686e-01 -4.826971173189909536e-01 -7.517562191812499073e-01
4.416733389840418189e-01 -4.847462274398317006e-01 -7.549475191121159945e-01
4.549648414702746058e-01 -4.811442826837009634e-01 -7.493378225251376978e-01
4.718279580240150595e-01 -4.763794838208558757e-01 -7.419170879697157828e-01
4.538862603332971535e-01 -4.814415722896056571e-01 -7.498008236538333815e-01
4.372881660309942409e-01 -4.859054499732496923e-01 -7.567529012402551825e-01
4.208065315477285684e-01 -4.901354572926866493e-01 -7.633407473148930977e-01
4.023295660016642517e-01 -4.946440079577533178e-01 -7.703623989476657830e-01
3.934076940850415594e-01 -4.967345542891115628e-01 -7.736182319528721596e-01
3.818084917911498954e-01 -4.993697917869688863e-01 -7.777223711883353152e-01
3.719690546916077922e-01 -5.015329844359912581e-01 -7.810913441298396043e-01
3.264791614810366172e-01 -5.106961166478692915e-01 -7.953620770186524691e-01
3.204726883411732064e-01 -5.118055497399159881e-01 -7.970899166861938889e-01
3.132794489609357358e-01 -5.131040201101380038e-01 -7.991121644710131866e-01
3.011425409440249834e-01 -5.152210064106308440e-01 -8.024091752883891759e-01
3.016576980675907960e-01 -5.151330231012133387e-01 -8.022721494026618938e-01
3.142518605885505911e-01 -5.129304011088626769e-01 -7.988417688972800912e-01
3.470167448097233320e-01 -5.067273442557287400e-01 -7.891810802377356993e-01
3.959108368283963397e-01 -4.961536411361934240e-01 -7.727135133211637807e-01
4.354886094663769081e-01 -4.863770239901105130e-01 -7.574873342568607670e-01
4.556587003216271969e-01 -4.809525638151281313e-01 -7.490392380782602277e-01
4.734857307920019021e-01 -4.758990754303806248e-01 -7.411688962314006979e-01
4.932151395149115269e-01 -4.700129559688745462e-01 -7.320018083138095655e-01
5.101498858172104356e-01 -4.647061872771653390e-01 -7.237370057603849105e-01
5.350503650078605178e-01 -4.564582818229577232e-01 -7.108916540937785244e-01
5.689635458458236483e-01 -4.443244870992679174e-01 -6.919943884617272278e-01
6.112876405551116443e-01 -4.275998396976186111e-01 -6.659472934062691252e-01
6.264582747133506935e-01 -4.211413106052318001e-01 -6.558887303078775322e-01
6.478873840557232144e-01 -4.115677895711316592e-01 -6.409788546972237100e-01
6.788408431355333894e-01 -3.967361172417720461e-01 -6.178798936419286347e-01
7.001717964143542305e-01 -3.857620190591108944e-01 -6.007887483611309420e-01
6.882171651032872317e-01 -3.919918861352436612e-01 -6.104911914690733798e-01
6.563251475184640471e-01 -4.076462920163860804e-01 -6.348714841132476749e-01
6.505052310403374172e-01 -4.103605596893238894e-01 -6.390987055538620565e-01
6.443874745137393445e-01 -4.131687114540895656e-01 -6.434721428043114200e-01
6.565418396106774690e-01 -4.075444145319636613e-01 -6.347128193320398237e-01
6.715158562520161523e-01 -4.003587057764975143e-01 -6.235217410091563606e-01
6.820930744967185211e-01 -3.951043642686724588e-01 -6.153385889568946387e-01
6.919658392221019749e-01 -3.900605755644387385e-01 -6.074833534673940161e-01
7.065131269387485702e-01 -3.823719080656364233e-01 -5.955089633124561743e-01
7.087911846367239699e-01 -3.811391641951447085e-01 -5.935890784860314850e-01
6.822761311810714435e-01 -3.950120858723049633e-01 -6.151948738695732777e-01
6.524286942178236792e-01 -4.094681654053826114e-01 -6.377088838026139239e-01
6.541881595717209397e-01 -4.086478370386144032e-01 -6.364312980674555753e-01
6.137412595054995146e-01 -4.265725769227446951e-01 -6.643474264254299877e-01
6.098694385873377755e-01 -4.281906061475244663e-01 -6.668673576388193247e-01
6.287373765227480815e-01 -4.201486447351628351e-01 -6.543427448138308122e-01
6.585970266391739658e-01 -4.065752257631781719e-01 -6.332033972568844593e-01
6.703043917459038381e-01 -4.009509192969165081e-01 -6.244440589205020320e-01
6.769092911415155456e-01 -3.976983975465330223e-01 -6.193785564218466932e-01
6.811491811467199620e-01 -3.955794442842860414e-01 -6.160784822430405150e-01
7.039451810721019109e-01 -3.837520403700510618e-01 -5.976583920243974113e-01
6.873477220268076060e-01 -3.924369704763930877e-01 -6.111843692601023337e-01
6.789544555514991364e-01 -3.966793584593347743e-01 -6.177914970757188984e-01
6.778948633275856395e-01 -3.972080290150716841e-01 -6.186148526830211880e-01
6.624786097921402384e-01 -4.047301003416887144e-01 -6.303297846724996711e-01
6.298732512117535265e-01 -4.196516870433771307e-01 -6.535687790658170071e-01
6.413870231616698447e-01 -4.145293823148799017e-01 -6.455912621136190577e-01
5.875161787162583860e-01 -4.372193361507890064e-01 -6.809287714897269694e-01
5.217445112247426353e-01 -4.609328645640292099e-01 -7.178604038193308057e-01
4.816385520012738120e-01 -4.735047096993604265e-01 -7.374398925462608556e-01
3.707804251833189957e-01 -5.017898594160515868e-01 -7.814914032080559902e-01
2.846023215937268924e-01 -5.179584654292174184e-01 -8.066725151098621538e-01
2.237419902159081819e-01 -5.266047829730232666e-01 -8.201383568424046588e-01
7.449820124243536346e-02 -5.388008857230323079e-01 -8.391326614759536673e-01
-8.422173370771403322e-02 -5.383826323156331028e-01 -8.384812703884068075e-01
-2.018436212351955583e-01 -5.291816752293836412e-01 -8.241516287480636915e-01
-3.204106205876659508e-01 -5.118168940693610391e-01 -7.971075844325026249e-01
-3.187081460987299386e-01 -5.121271068017614336e-01 -7.975907121382294074e-01
-1.644319903749433265e-01 -5.329479392951336214e-01 -8.300172374971529488e-01
-1.741457280883506042e-01 -5.320464281962542508e-01 -8.286132171478960418e-01
-1.385424049086269038e-01 -5.350919019317382785e-01 -8.333562614687723968e-01
-9.038662329186034072e-02 -5.380907144404994957e-01 -8.380266352347089942e-01
-8.391503987976807466e-02 -5.383966125583568019e-01 -8.385030433264172300e-01
-1.848154834816199965e-02 -5.402100230983923890e-01 -8.413272629094393773e-01
1.693457177236034825e-02 -5.402248264405624667e-01 -8.413503177488856899e-01
3.643070679970299239e-03 -5.402987204198725912e-01 -8.414654008030688637e-01
1.523496624928723188e-03 -5.403016788356127531e-01 -8.414700082625952149e-01
-5.978795894865798289e-04 -5.403022092998990278e-01 -8.414708344117723948e-01
3.029881056102234904e-02 -5.400542453241777840e-01 -8.410846534005480546e-01
2.482778405852549206e-02 -5.401357539316856693e-01 -8.412115955355066177e-01
-3.304111332346146030e-03 -5.402993565789726560e-01 -8.414663915621652945e-01
-1.244975952016310825e-02 -5.402604317590444793e-01 -8.414057697469283781e-01
6.569623130553269713e-03 -5.402906460325952454e-01 -8.414528256899510561e-01
3.717222231840172642e-02 -5.399288889596191021e-01 -8.408894224300497156e-01
6.103392200397091127e-02 -5.392950161518972330e-01 -8.399022240228549707e-01
6.242826360813911318e-02 -5.392484211699014596e-01 -8.398296566379644945e-01
6.796330939237610336e-02 -5.390530303324456707e-01 -8.395253534383840810e-01
1.217979675603987622e-01 -5.362797081341508232e-01 -8.352061600238027683e-01
1.893513844030249860e-01 -5.305279084109543186e-01 -8.262482627042286865e-01
1.711913946640950812e-01 -5.323262507385285724e-01 -8.290490149367667483e-01
1.454765572381986338e-01 -5.345544072652573808e-01 -8.325191631232343736e-01
8.303572311097606740e-02 -5.384364103560548287e-01 -8.385650247239765376e-01
7.267979116571173653e-03 -5.402880353447337969e-01 -8.414487597845091704e-01
-2.096215095634689288e-02 -5.401835852278827899e-01 -8.412860883656843036e-01
-7.486911885174810100e-02 -5.387858766304894909e-01 -8.391092861992873742e-01
-2.357432563869028552e-01 -5.250740863176095452e-01 -8.177544380471599705e-01
-2.581174007472148979e-01 -5.219933832521166384e-01 -8.129565272955932009e-01
-2.260045273671485999e-01 -5.263226598222817687e-01 -8.196989760681359094e-01
-2.147554129055784800e-01 -5.276958978959769286e-01 -8.218376676518990287e-01
-2.059951494070464684e-01 -5.287144491088077158e-01 -8.234239671787182413e-01
-2.253664452683808161e-01 -5.264025270878162077e-01 -8.198233619644264003e-01
-3.167555134410955375e-01 -5.124806376179611433e-01 -7.981413037622823170e-01
-3.643212516056533734e-01 -5.031691306265890784e-01 -7.836394908457412489e-01
-3.882490020590974034e-01 -4.979180260029564264e-01 -7.754613799419247666e-01
-4.677262204452067862e-01 -4.775588347341461759e-01 -7.437538181921530267e-01
-6.082188780475260570e-01 -4.288754153693234428e-01 -6.679338848107639892e-01
-6.916262396169405857e-01 -3.902363634662043279e-01 -6.077571269035045853e-01
-7.153765933506671670e-01 -3.775303468595472278e-01 -5.879686784907033337e-01
-7.758623423898133309e-01 -3.408779304352719253e-01 -5.308859220242687638e-01
-8.514886149311098329e-01 -2.833199902425885819e-01 -4.412447413529588802e-01
-9.285438997871298117e-01 -2.005724321682197664e-01 -3.123730552116067982e-01
-9.780530507979501298e-01 -1.125752364327186755e-01 -1.753255428251680459e-01
-9.878400500176681698e-01 -8.400273638731924064e-02 -1.308265105417603935e-01
-9.998187581302819815e-01 -1.028635258976515546e-02 -1.602004498182420938e-02
-9.928070395927072189e-01 6.468793390241057983e-02 1.007454879515799623e-01
-9.998929143128310049e-01 7.906893801706341846e-03 1.231425748480342169e-02
-9.996607134186760169e-01 -1.407337694309669998e-02 -2.191798596315899100e-02
-9.877182049288252275e-01 -8.441996193229778234e-02 -1.314763008284333401e-01
-9.940196095985732727e-01 -5.900194132496448113e-02 -9.189007918913497108e-02
-9.968643167310625719e-01 -4.275404337894597728e-02 -6.658547741860122715e-02
-9.958639378525805386e-01 -4.909031450327196178e-02 -7.645363501313431898e-02
-9.968507541510189807e-01 -4.284625884173007965e-02 -6.672909449267382109e-02
-9.531125951058526669e-01 -1.635040668820650078e-01 -2.546424967746197532e-01
-9.748513508456884136e-01 -1.204096676732421267e-01 -1.875269465574369299e-01
-9.864153307731481357e-01 -8.875572672175714717e-02 -1.382288544038240974e-01
-9.502671535991477070e-01 -1.682695496307360927e-01 -2.620642964191098323e-01
-7.732814357393900107e-01 -3.425856724926186758e-01 -5.335455726960985912e-01
-7.885577374039683951e-01 -3.322646983894345651e-01 -5.174716079018365500e-01
-7.495797373087246251e-01 -3.576336906967288454e-01 -5.569814724879275092e-01
-5.409601495632362367e-01 -4.544202952524137307e-01 -7.077176780660705546e-01
-5.445877353256874942e-01 -4.531536403708398830e-01 -7.057449799690355130e-01
-5.022641232160661717e-01 -4.672071083084662901e-01 -7.276319594932848522e-01
-3.617238700014909214e-01 -5.037158860955248674e-01 -7.844910120365591322e-01
-2.785077915409565064e-01 -5.189246884341075505e-01 -8.081773182814174783e-01
-2.367873282153651338e-01 -5.249369223336644019e-01 -8.175408177990193259e-01
-1.983861256489567737e-01 -5.295632268551582200e-01 -8.247458601973995940e-01
2.208142716168497166e-02 -5.401705669621009731e-01 -8.412658136179940183e-01
5.656352737047543044e-02 -5.394372830048924650e-01 -8.401237915186720029e-01
2.216269367290404357e-01 -5.268658142158529900e-01 -8.205448889163639015e-01
3.070841226765646526e-01 -5.141961813016068250e-01 -8.008131047471749309e-01
2.970619952620420778e-01 -5.159120840863866686e-01 -8.034854649989480180e-01
3.268784221249995126e-01 -5.106215541866487850e-01 -7.952459528655784204e-01
3.337389012172719549e-01 -5.093243722353749670e-01 -7.932257116743817171e-01
4.654098971325788120e-02 -5.397168240362986147e-01 -8.405591508803420542e-01
-2.185542647913802927e-01 -5.272403876382708576e-01 -8.211282524578880082e-01
-5.447298933181436986e-01 -4.531037579076495070e-01 -7.056672926355379571e-01
-9.820749343501515849e-01 -1.018420735497085061e-01 -1.586096320411887195e-01
-9.688388160521858028e-01 -1.338285823544655972e-01 -2.084256679384594302e-01
-9.783695808410183270e-01 -1.117694211031170365e-01 -1.740705598062010639e-01
-9.873278805887517606e-01 -8.574251380370623288e-02 -1.335360533292216378e-01
-9.913403522288734004e-01 -7.095118968205917087e-02 -1.104999308842941341e-01
-9.811490782640256425e-01 -1.044147119048858402e-01 -1.626162788882853649e-01
-9.856668993670176793e-01 -9.115071804218009832e-02 -1.419588323867322088e-01
-9.670273274143300624e-01 -1.376002087667114737e-01 -2.142996280474036286e-01
-9.855095625358024636e-01 -9.164600983118952049e-02 -1.427302036448936384e-01
-9.866173206574638810e-01 -8.809788167417757776e-02 -1.372043214450976711e-01
-9.920834689436807130e-01 -6.785128027205895862e-02 -1.056721080234293841e-01
-9.976278937173235217e-01 -3.719299825161104939e-02 -5.792466278013531228e-02
-9.865735046311624457e-01 -8.824101066514650205e-02 -1.374272316412547545e-01
-9.707929864481984472e-01 -1.296286210356419333e-01 -2.018846157372716776e-01
-9.514298634885894890e-01 -1.663404823443960789e-01 -2.590599521259848159e-01
-9.551179067236948983e-01 -1.600515372153979432e-01 -2.492655004021522847e-01
-9.809955599830171291e-01 -1.048349544177231141e-01 -1.632707678240065130e-01
-9.824465022430812766e-01 -1.007904520988144037e-01 -1.569718286701534127e-01
-8.177504102542541009e-01 -3.109834135569900515e-01 -4.843279705132062518e-01
-8.729797888365071756e-01 -2.635358979525730949e-01 -4.104328431952033451e-01
-8.658864930340237631e-01 -2.702811082437582835e-01 -4.209378858071169405e-01
-8.209071950932317341e-01 -3.085459115959909848e-01 -4.805317861302848548e-01
-8.155719785718457127e-01 -3.126489756920411978e-01 -4.869219298482276304e-01
-7.944591181327665952e-01 -3.281351185109165902e-01 -5.110401682994533124e-01
-8.074574930801520223e-01 -3.187382459265057921e-01 -4.964054063488940183e-01
-8.433494401387089390e-01 -2.903398394703812779e-01 -4.521775087662359693e-01
-8.937307618290248890e-01 -2.423816410558293499e-01 -3.774870400948803773e-01
-9.434770881447711588e-01 -1.790765822238801486e-01 -2.788952524602696936e-01
-9.370329980156996141e-01 -1.886956282977242660e-01 -2.938760291194859042e-01
-9.729660325614499783e-01 -1.247818782150482558e-01 -1.943362610290633730e-01
-9.024104878378838013e-01 -2.328040387280490842e-01 -3.625708082459225823e-01
-8.540695470524065636e-01 -2.810430154592161167e-01 -4.376985632364901457e-01
-9.990614461361287946e-01 -2.340342900570931833e-02 -3.644868111690428153e-02
-7.147939065671423675e-01 3.778524015013778325e-01 5.884702488776513141e-01
-3.840080407671208063e-01 4.988771922383418156e-01 7.769551928461421175e-01
-6.536504381074613734e-01 4.088989519763616687e-01 6.368223864112795285e-01
-6.332997686595919218e-01 4.181435126496518828e-01 6.512199366149025170e-01
-6.041129384216394893e-01 4.305662117875742601e-01 6.705671442133667171e-01
-6.203500941658406376e-01 4.237726250090654290e-01 6.599867596864035235e-01
-6.255259574213610785e-01 4.215456722507655019e-01 6.565184862581857628e-01
-6.293493259568800902e-01 4.198810946521863707e-01 6.539260602478710327e-01
-6.360472967825342439e-01 4.169243141484768045e-01 6.493211474512848858e-01
-6.155337232466647768e-01 4.258179462527658110e-01 6.631721587907434268e-01
-6.131660493241328780e-01 4.268139929818941525e-01 6.647234096608051201e-01
-5.320811626390709037e-01 4.574703717390189994e-01 7.124678907470977096e-01
-5.982780337319094643e-01 4.329380694341817271e-01 6.742610936339749061e-01
-6.124231605322830729e-01 4.271252473149551032e-01 6.652081595634465883e-01
-6.968453537278631593e-01 3.875163824039308813e-01 6.035210073862048441e-01
-8.545713168730285636e-01 2.805973893545251618e-01 4.370045416987366482e-01
-9.567439892860361006e-01 1.571907757668362937e-01 2.448101284237674258e-01
-9.954790580475154638e-01 5.131860868946620108e-02 7.992399759151683214e-02
-9.987781857312114653e-01 2.670064286105582399e-02 4.158378744506010388e-02
-9.992443461814082273e-01 -2.100057567487821283e-02 -3.270645877825516246e-02
-9.964718529254251722e-01 4.534628960075302861e-02 7.062266170865102999e-02
-9.817151556820460367e-01 1.028497096221096807e-01 1.601789322439871877e-01
-9.849709944267055484e-01 9.332092314207786343e-02 1.453387265733984968e-01
-9.890156615950094210e-01 7.986249509617063258e-02 1.243784667729903592e-01
-9.846283122481802597e-01 9.437070278638909349e-02 1.469736615006342340e-01
-9.837932797243403860e-01 9.687965789395132366e-02 1.508811275659640572e-01
-9.914583623698492998e-01 7.046817233732689811e-02 1.097476759404657776e-01
-9.999305062240112507e-01 6.369674334336806153e-03 9.920180011832212957e-03
-9.999305062240112507e-01 6.369674334336806153e-03 9.920180011832212957e-03
-9.932750760247448518e-01 -6.255530251963309363e-02 -9.742411136220083256e-02
-9.816912451889939772e-01 -1.029163133767817540e-01 -1.602826614460045040e-01
-9.948827486823845767e-01 -5.459009895848551674e-02 -8.501904180762084873e-02
-9.878058052738148964e-01 -8.412021252586190934e-02 -1.310094687873893937e-01
-9.854104819562355955e-01 -9.195650336843756711e-02 -1.432137686782591901e-01
-9.875730890496483561e-01 -8.491413073423732805e-02 -1.322459231378574351e-01
-9.724373036036717544e-01 -1.259793245274141160e-01 -1.962011731658014901e-01
-9.484255972702303472e-01 -1.712757341852181037e-01 -2.667461514659983379e-01
-8.346402812447365482e-01 -2.975960385436255407e-01 -4.634783692545403344e-01
-8.384573012835260242e-01 -2.944470867580031292e-01 -4.585741674190461636e-01
-9.040802776607785862e-01 -2.309050359388398477e-01 -3.596132866328669575e-01
-8.801461088925734977e-01 -2.564830622147367123e-01 -3.994487023363747502e-01
-8.276418826792163452e-01 -3.032482077237244056e-01 -4.722811011966827066e-01
-5.298304151248142135e-01 -4.582323354335121057e-01 -7.136545788908079668e-01
-3.029910732778977045e-01 -5.149045283988198385e-01 -8.019162899881113749e-01
-2.771459906139527862e-01 -5.191374867446760799e-01 -8.085087320140903477e-01
-4.599910468214724601e-01 -4.797471433858202516e-01 -7.471619069901993537e-01
-7.061892077298425052e-01 -3.825465489281891784e-01 -5.957809503408363350e-01
-8.366552328393125348e-01 -2.959397171163276608e-01 -4.608988014691552393e-01
-8.967999313849154275e-01 -2.390493552331664773e-01 -3.722973124139071777e-01
-9.798117156693640917e-01 -1.080185821111787625e-01 -1.682289741862196264e-01
-9.963248796346279024e-01 4.627945269971079495e-02 7.207597712733075646e-02
-9.984395934150505081e-01 3.017180004566963336e-02 4.698979445786900799e-02
-9.979984347791847066e-01 -3.416797698532756528e-02 -5.321347129278006238e-02
-9.919437685571265151e-01 -6.844493656866434961e-02 -1.065966729255526380e-01
-9.952526480701723299e-01 -5.258495213087409359e-02 -8.189621064923156835e-02
-9.949951863112688200e-01 -5.398855509192072855e-02 -8.408219274311408420e-02
-9.999544156239001946e-01 -5.158873480260701451e-03 -8.034469408675335572e-03
-9.999202314067749953e-01 -6.824315933588133085e-03 -1.062824235045568833e-02
-9.998502456655348203e-01 -9.350293849256199191e-03 -1.456221986862482436e-02
-9.999984266012411638e-01 9.584535043670664020e-04 1.492702891423830199e-03
-9.984864776522706098e-01 2.971541821834802755e-02 4.627902187460622430e-02
-9.968117786051159390e-01 4.311015871945280548e-02 6.714009420077468593e-02
-9.990212035378572830e-01 2.389965967795682975e-02 3.722151459907325349e-02
-9.981287715391364834e-01 3.303786428741686126e-02 5.145342504732334371e-02
-9.950464608466305094e-01 5.371197577677532670e-02 8.365144598122688235e-02
-9.939017638968223878e-01 5.957867179985175399e-02 9.278828368576830243e-02
-9.988673879482322659e-01 -2.570806571941287866e-02 -4.003794013734950086e-02
-9.821837784773637114e-01 -1.015351890638064164e-01 -1.581316877722680481e-01
-9.585714647583465364e-01 -1.539062730889995678e-01 -2.396948185816547838e-01
-9.968980580359692034e-01 -4.252375451612352281e-02 -6.622682376473955357e-02
-9.957103316130951898e-01 -4.999164572630623860e-02 -7.785737522236055308e-02
-9.905833458652085755e-01 -7.397335459784142031e-02 -1.152066738693144493e-01
-9.999529713704515821e-01 -5.239958824553438838e-03 -8.160752350233146588e-03
-9.999991012582315486e-01 -7.243845586580790075e-04 -1.128162107274824268e-03
-9.982276592113317193e-01 3.215384547414205235e-02 5.007664731878889997e-02
-9.919572668846569075e-01 6.838780402206441622e-02 1.065076942561486995e-01
-9.864880827967047461e-01 8.851936517435429752e-02 1.378607431040874964e-01
-9.929955875158287260e-01 6.383749638828076223e-02 9.942100999773786918e-02
-9.896045992060401586e-01 7.770354419441603822e-02 1.210160999614471183e-01
-9.731062835744799244e-01 1.244621994596625258e-01 1.938383908660175903e-01
-9.815826754617841265e-01 1.032181782783279378e-01 1.607527881754747534e-01
-9.920853641324840488e-01 6.784319038243448452e-02 1.056595087668366212e-01
-9.859489511576633447e-01 9.025582349777301616e-02 1.405651167105211041e-01
-9.772697976487955129e-01 1.145437608437363392e-01 1.783913379490586759e-01
-9.954499520661286294e-01 5.148316368150090971e-02 8.018027680724221229e-02
-9.999279409963747201e-01 -6.486166926090312750e-03 -1.010160647409419354e-02
-9.768773680139113402e-01 1.155168450999815716e-01 1.799068268864750797e-01
-9.660326942977894848e-01 1.396248561769620200e-01 2.174528295638303577e-01
-9.610545137681574257e-01 1.493173313240484246e-01 2.325479652289283716e-01
-9.540198271203674807e-01 1.619521075257392972e-01 2.522254632847276690e-01
-9.523672613997593572e-01 1.647670457921983356e-01 2.566094698853376710e-01
-9.677448672565968080e-01 1.361195898684200989e-01 2.119937007379346094e-01
-9.742191772658117532e-01 1.218941576434254687e-01 1.898389027041731958e-01
-9.809080910016978461e-01 1.050736119927352524e-01 1.636424549748778379e-01
-9.910252867268102284e-01 7.222465901248707743e-02 1.124832418566136805e-01
-9.972350850814665213e-01 4.015062408995016124e-02 6.253089210740357673e-02
-9.998443156219243289e-01 -9.533611122363625304e-03 -1.484771960582499835e-02
-9.752049911636133661e-01 -1.195707743753203628e-01 -1.862204476550923526e-01
-9.787787513310068910e-01 -1.107186819996439919e-01 -1.724341306098552129e-01
-9.651720698171781798e-01 -1.413516704199866969e-01 -2.201421834049610837e-01
-9.551244903488144145e-01 -1.600400674923416755e-01 -2.492476373668647827e-01
-9.388373707959787318e-01 -1.860589583121943225e-01 -2.897696589166558478e-01
-9.324557575238454632e-01 -1.952026766809830116e-01 -3.040101565362762770e-01
-9.514558737155084378e-01 -1.662970454017067279e-01 -2.589923030959050410e-01
-9.764569959446431913e-01 -1.165497763232845596e-01 -1.815155219526843888e-01
-9.764128622185070938e-01 -1.166576648186381515e-01 -1.816835483287494446e-01
-9.695306786209796357e-01 -1.323578143072755009e-01 -2.061350824205899490e-01
-9.698284282809513934e-01 -1.317194742505045923e-01 -2.051409266852183277e-01
-9.832813230401553639e-01 -9.838523679234968677e-02 -1.532259277724070945e-01
-9.965380423250147501e-01 -4.491966335730521176e-02 -6.995823070156489965e-02
-9.991285386479956676e-01 2.255180181370161629e-02 3.512235034954532681e-02
-9.786563262764590432e-01 1.110341549520929144e-01 1.729254506229188360e-01
-9.465812144398616512e-01 1.742288580546384469e-01 2.713453693920963583e-01
-9.245684971422588605e-01 2.058637537716569710e-01 3.206138003504332978e-01
-8.993588361682157695e-01 2.362262506537846363e-01 3.679005875344692478e-01
-8.710587289265802058e-01 2.653850806892383285e-01 4.133127746735842378e-01
-8.490586461744433766e-01 2.854409541163371311e-01 4.445479468736488471e-01
-8.476293376893989651e-01 2.866783679948194941e-01 4.464751048065924710e-01
-8.427003296034881741e-01 2.908895260601797594e-01 4.530335949073273638e-01
-8.282014398158155100e-01 3.028019057728484342e-01 4.715860270908599494e-01
-8.214517767953690708e-01 3.081225094400461550e-01 4.798723763419809329e-01
-8.427704092322486629e-01 2.908302508881843162e-01 4.529412792965814560e-01
-8.156297244339684172e-01 3.126049966547655989e-01 4.868534365558517818e-01
-7.679756864971619690e-01 3.460522786655046978e-01 5.389444919280877988e-01
-7.657203966637529113e-01 3.475081767997344473e-01 5.412119189286478393e-01
-7.699540666016628787e-01 3.447665310642029080e-01 5.369420586818638430e-01
-7.636969623118886608e-01 3.488056063464302081e-01 5.432325457268671887e-01
-7.513733614933016947e-01 3.565332352066269972e-01 5.552676146070040231e-01
-7.516283006116327714e-01 3.563763308002428354e-01 5.550232504724689209e-01
-7.517913999295849914e-01 3.562758857862744488e-01 5.548668166318114769e-01
-7.304763733233096135e-01 3.689929588280134731e-01 5.746724844220164607e-01
-6.662021122537619133e-01 4.029419217876577530e-01 6.275448615793894902e-01
-6.797751603772620443e-01 3.962688247129834140e-01 6.171521286479197954e-01
-6.802697310558852850e-01 3.960209848385294884e-01 6.167661409129675532e-01
-6.868109919454730150e-01 3.927112004053616157e-01 6.116114570698094610e-01
-6.943356838934868769e-01 3.888292434772674944e-01 6.055656673632180409e-01
-7.027868215302494059e-01 3.843713351342731288e-01 5.986228864740351652e-01
-6.909969093397140272e-01 3.905616884157314117e-01 6.082637904929211192e-01
-7.021641107240628177e-01 3.847034227221582947e-01 5.991400822486694366e-01
-6.986648685713784390e-01 3.865587934518351365e-01 6.020296509551666952e-01
-7.054062244218842759e-01 3.829680347025149478e-01 5.964373755416033651e-01
-7.069896990070836384e-01 3.821146736688613155e-01 5.951083444758717977e-01
-7.063554287064410797e-01 3.824569509458315419e-01 5.956414097509989958e-01
-7.112611836692441791e-01 3.797935252621819080e-01 5.914933700172387843e-01
-7.265231458917164042e-01 3.712644032529794913e-01 5.782100495155827469e-01
-7.798900654669227439e-01 3.381841372143153390e-01 5.266905876533279907e-01
-7.871984583000141145e-01 3.332042994064462471e-01 5.189349497838241509e-01
-7.918830548412717496e-01 3.299479037427526795e-01 5.138634140226551184e-01
-8.302980973016350630e-01 3.011210325438483104e-01 4.689682221398495110e-01
-8.327195820298594064e-01 2.991626582562144643e-01 4.659182348965230092e-01
-8.346902063454144649e-01 2.975551588525924274e-01 4.634147029079438984e-01
-8.709216517669466917e-01 2.655163817022088146e-01 4.135172638854395233e-01
-8.757588092993948692e-01 2.608303480130360064e-01 4.062191988199286841e-01
-8.875244989317051525e-01 2.489499755163532557e-01 3.877166149218173041e-01
-9.001441525230008400e-01 2.353514328528411303e-01 3.665381395336142489e-01
-9.096824693438501086e-01 2.243899641876271889e-01 3.494666635608473793e-01
-9.298777313495580898e-01 1.987603247122404493e-01 3.095508650617598834e-01
-9.298777313495580898e-01 1.987603247122404493e-01 3.095508650617598834e-01
-9.581793353659806556e-01 1.546174540512091355e-01 2.408024173058274930e-01
-9.702823413443397715e-01 1.307399602194100341e-01 2.036154239667837818e-01
-9.741338667423229403e-01 1.220930311265685658e-01 1.901486298030492794e-01
-9.821237684784983601e-01 1.017045051468549316e-01 1.583953819479161085e-01
-9.944717605351036660e-01 5.673410266894596266e-02 8.835812974798074038e-02
-9.999757196719436525e-01 -3.765099499964167772e-03 -5.863795045338504423e-03
-9.904245058224749876e-01 -7.459166034475452067e-02 -1.161696280157554217e-01
-9.416456399123037668e-01 -1.818689093633966691e-01 -2.832440443171161948e-01
-8.772017893431471869e-01 -2.594109594910647965e-01 -4.040086321715242179e-01
-8.878952882200622510e-01 -2.485637002915374039e-01 -3.871150269028463264e-01
-9.141802063481865304e-01 -2.189888306282088970e-01 -3.410548964335164968e-01
-9.121869539231988178e-01 -2.214019887273058762e-01 -3.448131674978637262e-01
-9.378464725674063862e-01 -1.875121420778540215e-01 -2.920328585386373077e-01
-9.519225060469993505e-01 -1.655156324146930813e-01 -2.577753244737843175e-01
-9.491504281830106526e-01 -1.700995442295414606e-01 -2.649143441433660096e-01
-9.536101254934983285e-01 -1.626549815009175060e-01 -2.533201246431291409e-01
-9.565990973080865656e-01 -1.574479921350324385e-01 -2.452107191825037835e-01
-9.502443072976354266e-01 -1.683072092491301186e-01 -2.621229477997041868e-01
-9.482549785393128428e-01 -1.715512962872389469e-01 -2.671753140123077630e-01
-9.255628775688743426e-01 -2.045551703936720755e-01 -3.185758024892046403e-01
-9.128815647547844359e-01 -2.205646428512803014e-01 -3.435090785623335363e-01
-9.231769414892223580e-01 -2.076788352220246547e-01 -3.234406222221137828e-01
-9.152883279214505396e-01 -2.176333910550226625e-01 -3.389439243719333805e-01
-9.447283618036408370e-01 -1.771403357083086161e-01 -2.758797271800824125e-01
-9.701931723120108542e-01 -1.309329956471553813e-01 -2.039160588330864721e-01
-9.812748072386706655e-01 -1.040692268751509664e-01 -1.620782178342236590e-01
-9.857999262041819977e-01 -9.072978187558568275e-02 -1.413032631492914526e-01
-9.841239533113659288e-01 -9.589421421861749062e-02 -1.493463899737868250e-01
-9.699682886470369914e-01 -1.314184919141904440e-01 -2.046721744696579914e-01
-9.372021402163086545e-01 -1.884502476371139601e-01 -2.934938713831705126e-01
-9.037822670279562765e-01 -2.312453559471701059e-01 -3.601433036426950896e-01
-8.972495854414102023e-01 -2.385562755081886976e-01 -3.715293862413561188e-01
-9.088309607426523495e-01 -2.253949831982199059e-01 -3.510318879313694684e-01
-9.069179216092706497e-01 -2.276333328764965636e-01 -3.545179110107963827e-01
-8.931009658998037004e-01 -2.430583806211096543e-01 -3.785409995214275014e-01
-8.817996587367148420e-01 -2.548196289162017458e-01 -3.968580584677882661e-01
-9.044093676273247118e-01 -2.305285097868437771e-01 -3.590268818952137009e-01
-9.474964265043708256e-01 -1.727704989214396691e-01 -2.690741096127315934e-01
-9.063163095121536950e-01 -2.283317462212691995e-01 -3.556056253489473518e-01
-8.680741888593296318e-01 -2.682246995368460230e-01 -4.177352190019241740e-01
-9.144325684221172867e-01 -2.186810276335064140e-01 -3.405755216718949763e-01
-9.805269293491467586e-01 -1.061070930784504401e-01 -1.652520064010554179e-01
-9.957001310058566368e-01 -5.005092128084698277e-02 -7.794969142888551195e-02
-9.793524479753410450e-01 -1.092276705637801743e-01 -1.701120178820920981e-01
-9.604642628141617511e-01 -1.504219472859432971e-01 -2.342683026607605690e-01
-9.891864118944458939e-01 -7.924273829165806582e-02 -1.234132527382350436e-01
-9.995870660777347316e-01 1.552555954285068582e-02 2.417962636162528448e-02
-9.989457976128796046e-01 2.480272098323324514e-02 3.862794925174768690e-02
-9.991506886184414737e-01 -2.226348044511397561e-02 -3.467331642292386523e-02
-9.906784089595216392e-01 -7.360077659563495078e-02 -1.146264180106415786e-01
-9.849632374568895177e-01 -9.334482066272034584e-02 -1.453759447566471963e-01
-9.968892398699173985e-01 -4.258406062367057349e-02 -6.632074496247720996e-02
-9.965970010474811680e-01 4.453617716555470507e-02 6.936098634423415454e-02
-9.679012535918459781e-01 1.357946024632853410e-01 2.114875628427621834e-01
-9.548522489704023286e-01 1.605136057777679648e-01 2.499851295505075011e-01
-9.811391318644032689e-01 1.044419925050082687e-01 1.626587659056492607e-01
-9.974074645242788639e-01 -3.888055979778465981e-02 -6.055288416797666162e-02
-9.146934755868892930e-01 -2.183622566151894873e-01 -3.400790652255721302e-01
-8.620797817292645826e-01 -2.738103946408951828e-01 -4.264344237045373243e-01
-9.150469525896510747e-01 -2.179294964420463165e-01 -3.394050811889958719e-01
-8.718496758722755757e-01 -2.646257852588594917e-01 -4.121302421050170306e-01
-8.844747057251302058e-01 -2.520986494055593163e-01 -3.926203839592860012e-01
-8.961027784397217477e-01 -2.398113451695387532e-01 -3.734840414269227082e-01
-8.336873335977409427e-01 -2.983747902653012263e-01 -4.646912032014663962e-01
-7.591455365625252583e-01 -3.516940782568818147e-01 -5.477310741926533222e-01
-7.644857953795081151e-01 -3.483007881759567215e-01 -5.424463380086257391e-01
-7.963392795956298897e-01 -3.268019521072312861e-01 -5.089638846441033593e-01
-7.919031760718507895e-01 -3.299338057055564155e-01 -5.138414576306230552e-01
-7.732561718483685897e-01 -3.426023190573385668e-01 -5.335714981845823823e-01
-7.140639101061700966e-01 -3.782551184005784051e-01 -5.890974432873153921e-01
-7.112512779734532220e-01 -3.797989407060609612e-01 -5.915018040713684311e-01
-7.233486492655895050e-01 -3.730695407541579911e-01 -5.810213846039824492e-01
-7.381059179403764992e-01 -3.645337830249584798e-01 -5.677277295807442448e-01
-7.665514719281877332e-01 -3.469728864442008787e-01 -5.403782535940065967e-01
-7.919863552052736066e-01 -3.298755156492084728e-01 -5.137506762465963162e-01
-8.078567353172323440e-01 -3.184427821090655142e-01 -4.959452487172564816e-01
-7.844715927162916325e-01 -3.350764457842141386e-01 -5.218506450142446074e-01
-7.888950179480322955e-01 -3.320308900893158555e-01 -5.171074730491431737e-01
-7.348731576109162056e-01 -3.664354943971823708e-01 -5.706894695619098012e-01
-7.536807873077291386e-01 -3.551086382246802509e-01 -5.530489362628000505e-01
-8.394533172928834164e-01 -2.936174580197606909e-01 -4.572820972135117623e-01
-8.879201051536499412e-01 -2.485378196828865738e-01 -3.870747202430147027e-01
-8.596191079247341715e-01 -2.760595781099778323e-01 -4.299373194134528120e-01
-8.471407653262787996e-01 -2.870996466248480483e-01 -4.471312073992310121e-01
-8.601229437695826485e-01 -2.756010626167396671e-01 -4.292232238424096846e-01
-8.305410207843036963e-01 -3.009254001727722505e-01 -4.686635427739431203e-01
-8.351778769949589343e-01 -2.971554196325711383e-01 -4.627921459588352215e-01
-8.515852084528187094e-01 -2.832352259633094116e-01 -4.411127288096347576e-01
-8.913333004381968072e-01 -2.449452906098059934e-01 -3.814796877135516739e-01
-9.014821546160874943e-01 -2.338516295296572400e-01 -3.642023342526246044e-01
-8.961586427730480198e-01 -2.397503963792347870e-01 -3.733891193100948303e-01
-8.870672115590623186e-01 -2.494253159925382546e-01 -3.884569138512689590e-01
-9.045928216326053484e-01 -2.303182852710414230e-01 -3.586994766103912546e-01
-9.247911888905802069e-01 -2.055715420673204508e-01 -3.201587075848650321e-01
-8.727352252711779723e-01 -2.637722581028253410e-01 -4.108009523190067624e-01
-7.941783460788219839e-01 -3.283334713266815030e-01 -5.113490845069325053e-01
-8.021819680126142105e-01 -3.226035034252360822e-01 -5.024251882351968845e-01
-7.369958030928728254e-01 -3.651888801425145492e-01 -5.687479828920253278e-01
-6.997778420678903988e-01 -3.859706434441680933e-01 -6.011136615899703717e-01
-6.847170270515123836e-01 -3.937771959830099755e-01 -6.132716468168869506e-01
-6.842739392620477146e-01 -3.940019769377073877e-01 -6.136217224120881220e-01
-6.804112962125263842e-01 -3.959499817755121054e-01 -6.166555601941502429e-01
-6.775989940754439944e-01 -3.973553764129120203e-01 -6.188443326586254845e-01
-6.938043869979338973e-01 -3.891060018466140358e-01 -6.059966929855012951e-01
-7.157902205830795062e-01 -3.773014062355325438e-01 -5.876121245943756177e-01
-7.239780531878146075e-01 -3.727129603501453947e-01 -5.804660435283126585e-01
-7.224363901197237148e-01 -3.735852153758876804e-01 -5.818245002432727020e-01
-7.281583357453458305e-01 -3.703280398307436938e-01 -5.767517498887084759e-01
-6.894333075978499314e-01 -3.913675246769528493e-01 -6.095188061109543254e-01
-8.500776664962925722e-01 -2.845541788711538622e-01 -4.431668762567677056e-01
-9.710389580778945318e-01 1.290896776389479639e-01 2.010452611281087487e-01
-7.621802387556410041e-01 -3.497727356464243598e-01 -5.447387603694183733e-01
-9.695488987635604294e-01 1.323188465511535294e-01 2.060743937361931566e-01
-7.623227144086365259e-01 3.496820824959052110e-01 5.445975764525354812e-01
-6.946236745064300333e-01 3.886790550465880067e-01 6.053317627411241020e-01
-6.828629004440154304e-01 3.947159845772404418e-01 6.147337234253593685e-01
-6.911549380545540799e-01 3.904800506396410853e-01 6.081366471898144166e-01
-7.341283583069340146e-01 3.668710559963441753e-01 5.713678165610074355e-01
-8.202411452621134469e-01 3.090625836136630666e-01 4.813364551217204079e-01
-9.949432847650879763e-01 5.426706658902487324e-02 8.451594870010928351e-02
-8.031989775345389493e-01 -3.218639393915249114e-01 -5.012733854962180269e-01
-7.888212842026348648e-01 -3.320820261093179737e-01 -5.171871126817026987e-01
-8.299854561638558836e-01 -3.013725392750278287e-01 -4.693599206657912415e-01
-8.490727650214607847e-01 -2.854286936435684874e-01 -4.445288523186511354e-01
-8.564657228590253357e-01 -2.789061570454532957e-01 -4.343706034364022694e-01
-8.054744153815711627e-01 -3.201996514951164219e-01 -4.986814106703018057e-01
-7.581157314373480061e-01 -3.523419576600088088e-01 -5.487400865797281702e-01
-6.892126992026640364e-01 -3.914809397405305536e-01 -6.096954396070625171e-01
-6.850388693709180687e-01 -3.936137517684711873e-01 -6.130170975346140860e-01
-7.291598842587659890e-01 -3.697523067872288682e-01 -5.758550987993993342e-01
-9.209930112121507140e-01 -2.104904847593148665e-01 -3.278195069305119280e-01
-9.597271271663457837e-01 1.517892197459481951e-01 2.363977033516801163e-01
-8.279053543231856827e-01 3.030381825848133537e-01 4.719540064229709175e-01
-7.631569591484781423e-01 3.491504635849888571e-01 5.437696290541017552e-01
-7.013902493820031170e-01 3.851153092217380336e-01 5.997815574647961112e-01
-7.455749140437019085e-01 3.600692482063906352e-01 5.607746285673159692e-01
-8.100394757908834231e-01 3.168199521302833555e-01 4.934178407724996163e-01
-9.359398305441875010e-01 1.902728354871889571e-01 2.963323837797394722e-01
-8.113505892682709719e-01 -3.158390362880237334e-01 -4.918901548625280729e-01
-6.371220104568457998e-01 -4.164450057166019237e-01 -6.485746687969907720e-01
-6.123702768428229692e-01 -4.271473814088235788e-01 -6.652426313722155093e-01
-5.684679046761864640e-01 -4.445096463963618127e-01 -6.922827569813129189e-01
-5.482316001691360796e-01 -4.518691680562200164e-01 -7.037445328641411812e-01
-5.461239728095632628e-01 -4.526136010716769187e-01 -7.049039185929018014e-01
-5.128131419703461091e-01 -4.638496653469932340e-01 -7.224030518899985376e-01
-6.166523021230301271e-01 -4.253452265434363166e-01 -6.624359414638369969e-01
-5.938923091327289461e-01 -4.346972729256916579e-01 -6.770008907408923138e-01
-5.115142957800903334e-01 -4.642681379874562531e-01 -7.230547844128123458e-01
-4.777633694893333449e-01 -4.746493985594346654e-01 -7.392226398192669468e-01
-3.707542275100782492e-01 -5.017955102623180563e-01 -7.815002038796823314e-01
-2.174485941729226157e-01 -5.273738304320852999e-01 -8.213360772957741807e-01
-2.260032436471916539e-01 -5.263228207414228921e-01 -8.196992266848494024e-01
-2.450315182668632852e-01 -5.238312513286556005e-01 -8.158188372348915696e-01
-2.061841635958137631e-01 -5.286929405209107591e-01 -8.233904695377809446e-01
-1.073049952038124394e-01 -5.371826815788706133e-01 -8.366124578417676316e-01
-7.457162547480664094e-02 -5.387979205796304960e-01 -8.391280435387149517e-01
-4.176774168106056617e-02 -5.398308095026401743e-01 -8.407366727261208483e-01
2.501173715383020815e-03 -5.403006158350157628e-01 -8.414683527372542882e-01
1.462476417479092461e-01 -5.344929814230635623e-01 -8.324234980421081342e-01
1.226555458895140505e-01 -5.362226463338846116e-01 -8.351172915352853554e-01
1.631677179944255041e-01 -5.330613611656151996e-01 -8.301938815943856742e-01
3.312991048026929231e-01 -5.097891561926877202e-01 -7.939495697997963619e-01
2.956323809064949626e-01 -5.161517558032161501e-01 -8.038587315821196233e-01
3.101915942825649308e-01 -5.136513885883090547e-01 -7.999646403671494266e-01
3.500318917871750868e-01 -5.061215843310145068e-01 -7.882376650516994543e-01
2.873636360447274218e-01 -5.175131974438992311e-01 -8.059790513099861498e-01
2.799280440638097778e-01 -5.187015514569567332e-01 -8.078298030295465448e-01
3.382801607838298863e-01 -5.084490247974592370e-01 -7.918624388128148173e-01
3.900227177732566441e-01 -4.975131913789837546e-01 -7.748308873713419809e-01
3.763200118171141639e-01 -5.005845459120367158e-01 -7.796142386462725504e-01
2.772503434936628430e-01 -5.191212202922141916e-01 -8.084833985153734304e-01
1.741641454291295021e-01 -5.320446682980741748e-01 -8.286104762688757397e-01
1.137717493542778208e-01 -5.367940767702594762e-01 -8.360072417109986054e-01
2.360312998804637435e-02 -5.401517816009772099e-01 -8.412365571514694995e-01
-2.168151361513678127e-02 -5.401752961159449473e-01 -8.412731788387216580e-01
-1.118713252877889530e-01 -5.369106667698105850e-01 -8.361888198769169556e-01
-1.702438643736246537e-01 -5.324149522563120795e-01 -8.291871593657512696e-01
-2.090710268225821622e-01 -5.283618723632471648e-01 -8.228748614316485632e-01
-1.891833051458424175e-01 -5.305454128441277062e-01 -8.262755242436685688e-01
-1.060204351898542535e-01 -5.372571356718469637e-01 -8.367284132213010928e-01
-2.139622922744502664e-01 -5.277899420701578359e-01 -8.219841327752271942e-01
-1.946738175819744121e-01 -5.299652617963782619e-01 -8.253719925204370256e-01
-1.872269468362809386e-01 -5.307479702042260383e-01 -8.265909886409713581e-01
-1.651377672806159103e-01 -5.328842304674454855e-01 -8.299180168767826826e-01
-1.434323302889740914e-01 -5.347156485494668487e-01 -8.327702815447953766e-01
-1.722040266152551902e-01 -5.322308941315517794e-01 -8.289005058204641507e-01
-1.112557634372747933e-01 -5.369480047231879327e-01 -8.362469702939296923e-01
-6.921716348166020993e-02 -5.390064534717198264e-01 -8.394528142756995104e-01
-6.951062066623479863e-02 -5.389954288849768682e-01 -8.394356444991448729e-01
-7.142210926499055479e-02 -5.389224711177479366e-01 -8.393220195088889612e-01
-1.244611107444876241e-01 -5.361011780770221780e-01 -8.349281159337474945e-01
-1.515594051516628293e-01 -5.340608150783116015e-01 -8.317504388384556746e-01
-1.260433687866598373e-01 -5.359932502555003753e-01 -8.347600283108042030e-01
-6.929494666271125702e-02 -5.390035358814460054e-01 -8.394482703980696847e-01
-2.025370711773433197e-02 -5.401914750800371756e-01 -8.412983760823758983e-01
1.102446093420856969e-03 -5.403019775297356331e-01 -8.414704734511295747e-01
7.832088373689007760e-03 -5.402857341077980102e-01 -8.414451758203290721e-01
-1.180831161699943260e-02 -5.402646356984772691e-01 -8.414123169946750025e-01
-5.865944450351077977e-02 -5.393719335191607955e-01 -8.400220157247912933e-01
-6.773903036667232314e-02 -5.390612714257528859e-01 -8.395381881807603142e-01
-1.875497584074112484e-03 -5.403013556130042971e-01 -8.414695048732081517e-01
-1.350911946195594293e-01 -5.353494460355854301e-01 -8.337573626455433429e-01
-1.830242912669466371e-01 -5.311757306722402205e-01 -8.272571860981587921e-01
-1.940623681514376808e-01 -5.300307231430956278e-01 -8.254739425274809639e-01
-1.717153714319971658e-01 -5.322769817158308214e-01 -8.289722829802310677e-01
-7.937826389574842434e-02 -5.385974182678331390e-01 -8.388157796895105989e-01
-8.020141010066826615e-02 -5.385618184081781834e-01 -8.387603361930873191e-01
-7.841853154212699573e-02 -5.386384586265254848e-01 -8.388796962611605457e-01
-6.040140228923270016e-02 -5.393158048825483775e-01 -8.399346005525568648e-01
1.399223828164560673e-02 -5.402494123482940447e-01 -8.413886080315043925e-01
2.133349500582972305e-02 -5.401793412207944733e-01 -8.412794787162615195e-01
4.100693596343776143e-02 -5.398478369833029644e-01 -8.407631914560363962e-01
7.910872164899948600e-02 -5.386089952445730633e-01 -8.388338097625134271e-01
1.059968293909952092e-01 -5.372584953960676257e-01 -8.367305308663058883e-01
1.328073827135713425e-01 -5.355162357945628671e-01 -8.340171223045682591e-01
1.371867963687070646e-01 -5.351938528063331368e-01 -8.335150405484018643e-01
1.573431411977856687e-01 -5.335722959643883767e-01 -8.309896153967900601e-01
1.560176058100267160e-01 -5.336859121118135985e-01 -8.311665620624356654e-01
1.898036416686028627e-01 -5.304807285026212904e-01 -8.261747843505422573e-01
1.769769995774271021e-01 -5.317736272164920175e-01 -8.281883547947209712e-01
1.566053212867863087e-01 -5.336356586125690082e-01 -8.310882968745212374e-01
1.331203054379412609e-01 -5.354935538198389855e-01 -8.339817972219227826e-01
7.273779820379859540e-02 -5.388710980178252896e-01 -8.392420106462300522e-01
1.290215648450722223e-02 -5.402573331113602606e-01 -8.414009438890890369e-01
2.694805853420192965e-02 -5.401060870494455157e-01 -8.411653921039393689e-01
6.053531607671326642e-02 -5.393114217385706066e-01 -8.399277742102675415e-01
1.091613002494886131e-01 -5.370734859091602642e-01 -8.364423956622619727e-01
1.286065457769667575e-01 -5.358154720633189205e-01 -8.344831551810255599e-01
1.637886522105186649e-01 -5.330057676057072813e-01 -8.301072997547440657e-01
2.016093536805402542e-01 -5.292077447604109919e-01 -8.241922296370637335e-01
1.703107170010429439e-01 -5.324087105812485010e-01 -8.291774385327925767e-01
1.436177418499625380e-01 -5.347011200379164775e-01 -8.327476547286790654e-01
1.273821512410082679e-01 -5.359008480961157117e-01 -8.346161204740037975e-01
8.702647452957003316e-02 -5.382523984573016618e-01 -8.382784431714298545e-01
-4.788121630192579565e-06 -5.403023058619462748e-01 -8.414709847982505542e-01
-1.003139405495676179e-01 -5.375769318143862607e-01 -8.372264662040065364e-01
-2.085785425168462659e-01 -5.284186913203291480e-01 -8.229633517143147836e-01
-2.826527271502776717e-01 -5.182700247595245502e-01 -8.071577400175709016e-01
-3.491236795223243150e-01 -5.063046771980582728e-01 -7.885228152971627269e-01
-3.750361468852767000e-01 -5.008657421028365198e-01 -7.800521757659676370e-01
-3.307783671048131202e-01 -5.098878611217406709e-01 -7.941032936187647495e-01
-2.982625757329973593e-01 -5.157098295992216253e-01 -8.031704722982909717e-01
-3.107887145127160577e-01 -5.135460083088505545e-01 -7.998005203058944357e-01
-3.460971462882103666e-01 -5.069109107934242076e-01 -7.894669681815307261e-01
-3.948597109937828087e-01 -4.963981111953235659e-01 -7.730942528796999058e-01
-4.320162622894373472e-01 -4.872801796833181598e-01 -7.588939159100284160e-01
-4.364805386351418570e-01 -4.861173859580033008e-01 -7.570829719800427071e-01
-4.761964264670913716e-01 -4.751088544699163529e-01 -7.399382000033892792e-01
-4.663004931757543381e-01 -4.779656784036602768e-01 -7.443874396657812476e-01
-4.693319193767159780e-01 -4.770987300235457473e-01 -7.430372475617137429e-01
-4.428412796209074132e-01 -4.844350598141272113e-01 -7.544629042481811876e-01
-3.779711960754000288e-01 -5.002212517537137915e-01 -7.790484415177784117e-01
-3.800058359040540124e-01 -4.997710361125318745e-01 -7.783472722004411981e-01
-5.413961147720484091e-01 -4.542687018011576372e-01 -7.074815852540771166e-01
-7.258298640736631224e-01 -3.716600530858136797e-01 -5.788262376214972083e-01
-6.784128193584526567e-01 -3.969497923285864038e-01 -6.182126728726996534e-01
-5.271368324751103396e-01 -4.591383196550248846e-01 -7.150655657158073719e-01
-5.568997915904304596e-01 -4.487641219373831314e-01 -6.989087100532548336e-01
-7.588576074979429542e-01 -3.518754312839852960e-01 -5.480135147979537935e-01
-9.522733000365452005e-01 -1.649255084153100070e-01 -2.568562607986408231e-01
-9.924951962116820292e-01 6.607012578042506523e-02 1.028981242593549755e-01
-9.392256869147462828e-01 1.854859539720016270e-01 2.888772575309789259e-01
-9.217487420448835511e-01 2.095225580311032565e-01 3.263120503670951522e-01
-9.589173261013759220e-01 1.532760238703827216e-01 2.387132635801232083e-01
-9.142917096836227220e-01 -2.188528952036118136e-01 -3.408431895531947586e-01
-8.816068952069110454e-01 -2.550142645076686754e-01 -3.971611854414316412e-01
-8.898582877167781069e-01 -2.465059194726797742e-01 -3.839102231599107462e-01
-8.938312070861168523e-01 -2.422734898494577904e-01 -3.773186045706465874e-01
-8.999530381830471715e-01 -2.355646977139263243e-01 -3.668702798756658390e-01
-8.943304449260057742e-01 -2.417350528598907478e-01 -3.764800386438549307e-01
-8.960762823368438879e-01 -2.398402460552562787e-01 -3.735290518895884593e-01
-8.975446045525983241e-01 -2.382320756571104925e-01 -3.710244748889549027e-01
-8.980534856668085375e-01 -2.376715698987850456e-01 -3.701515388912252624e-01
-8.933244660140333693e-01 -2.428184917741519067e-01 -3.781673947781170053e-01
-8.829092716743844882e-01 -2.536955045665847952e-01 -3.951073385222221290e-01
-8.837551385087927258e-01 -2.528342635084475654e-01 -3.937660350454892932e-01
-9.010449020255846264e-01 -2.343430591650791095e-01 -3.649676905629549162e-01
-9.088550357992015716e-01 -2.253666423474727509e-01 -3.509877496714925993e-01
-8.844311838073430909e-01 -2.521432199039080890e-01 -3.926897983977061246e-01
-8.466887113596225367e-01 -2.874886710064094020e-01 -4.477370769761537805e-01
-8.573339368984380648e-01 -2.781263629396010795e-01 -4.331561460723075685e-01
-8.953523537597809501e-01 -2.406282057409712682e-01 -3.747562263908377211e-01
-8.909386288960499112e-01 -2.453640969168116026e-01 -3.821319398912163545e-01
-8.362761650547352321e-01 -2.962523294301764309e-01 -4.613856663015655224e-01
-8.150058878398426243e-01 -3.130796165473382908e-01 -4.875926132428193283e-01
-8.324136752226743985e-01 -2.994110825806896581e-01 -4.663051328584528754e-01
-8.403623522913348243e-01 -2.928573654255797742e-01 -4.560983231358813894e-01
-8.302794649817173411e-01 -3.011360300081993291e-01 -4.689915793066800620e-01
-8.016956321864399104e-01 -3.229562352866321984e-01 -5.029745355608671309e-01
-7.964533843402527014e-01 -3.267207670872337988e-01 -5.088374464668329322e-01
-7.935216514581568958e-01 -3.287966559850326598e-01 -5.120704518717903442e-01
-7.973020665769929849e-01 -3.261159335332949327e-01 -5.078954740177981098e-01
-7.821965430339983261e-01 -3.366254939974859250e-01 -5.242631446674569373e-01
-7.417770889545819424e-01 -3.623518593713662139e-01 -5.643295848280327487e-01
-7.037716106744442701e-01 -3.838449651025777065e-01 -5.978031137206457624e-01
-6.922550531096060000e-01 -3.899107383969375729e-01 -6.072499959052872764e-01
-5.553742828760220851e-01 -4.493156723629492810e-01 -6.997676989465683173e-01
-5.570673080665671240e-01 -4.487034224835828589e-01 -6.988141762550240665e-01
-5.606684763422391526e-01 -4.473921229875934547e-01 -6.967719482906340467e-01
-5.823969734663377862e-01 -4.392141888202119038e-01 -6.840355704466347664e-01
-5.864693931539635141e-01 -4.376294091289100185e-01 -6.815674223135249621e-01
-5.986210201436671374e-01 -4.327996421353078049e-01 -6.740455058894055940e-01
-6.846001091941974481e-01 -3.938365356703368847e-01 -6.133640629043084491e-01
-7.718365361622047116e-01 -3.435355598141495714e-01 -5.350249345482025465e-01
-8.044964757424619695e-01 -3.209165653167943000e-01 -4.997979377940948709e-01
-8.939067293894739086e-01 -2.421921338173520510e-01 -3.771919000577978465e-01
-8.976830759894736111e-01 -2.380797187874216791e-01 -3.707871931231973006e-01
-9.186211623825389916e-01 -2.134947389347326141e-01 -3.324983555901342980e-01
-8.693077113985103743e-01 -2.670559148609876754e-01 -4.159149447192840854e-01
-8.543425892129097310e-01 -2.808006445360037295e-01 -4.373210928884475601e-01
-8.929743075043654610e-01 -2.431941949110254242e-01 -3.787525177456608771e-01
-9.155529794152507117e-01 -2.173081781453453376e-01 -3.384374352742444136e-01
-8.770215102404375074e-01 -2.595888434194766337e-01 -4.042856699757247374e-01
-9.393171232497161682e-01 -1.853507371105082568e-01 -2.886666697463856068e-01
-9.245002125459885756e-01 -2.059532583300519026e-01 -3.207531954410693942e-01
-8.616429708843297286e-01 -2.742114797834956375e-01 -4.270590768038675100e-01
-8.205145923881245196e-01 -3.088506189520013878e-01 -4.810063397202946067e-01
-8.464115349606865513e-01 -2.877268382200693364e-01 -4.481080004344673573e-01
-8.904416003102105792e-01 -2.458902416631676691e-01 -3.829513617834779393e-01
-9.999660648489088199e-01 -4.451158179145829445e-03 -6.932268131862562646e-03
-9.665328699490219888e-01 1.386106696333168631e-01 2.158733276065163409e-01
-9.406521183075529091e-01 1.833636635545782823e-01 2.855719860409227095e-01
-8.989128895956224330e-01 2.367212434284410305e-01 3.686714931053675648e-01
-8.738647666452963314e-01 2.626782723362993122e-01 4.090971704355566008e-01
-8.588787376465379930e-01 2.767314873211060844e-01 4.309837560091307473e-01
-8.597358943440800427e-01 2.759533884420983796e-01 4.297719388044188293e-01
-9.172235695075539041e-01 2.152417666852961264e-01 3.352191901040483257e-01
-9.387260039454828897e-01 1.862229237390483627e-01 2.900250199390146943e-01
-9.636141782053643245e-01 1.444212151176557379e-01 2.249227160282843696e-01
-9.944786048868821116e-01 -5.669906866003673884e-02 -8.830356751187988518e-02
-9.897258149881373868e-01 -7.725153706399877362e-02 -1.203121405649361514e-01
-9.894907649688704510e-01 -7.812559486422875066e-02 -1.216734049348092012e-01
-9.842084584454459106e-01 -9.564069713160600061e-02 -1.489515605041431268e-01
-9.878271262551200360e-01 -8.404709095248430462e-02 -1.308955886841721705e-01
-9.996780905061082301e-01 -1.370830497367778525e-02 -2.134942005793099770e-02
-9.140612853237377600e-01 2.191336978926495260e-01 3.412805138302060226e-01
-7.350648627601582552e-01 3.663232291217907166e-01 5.705146267548044658e-01
-5.656699353409455622e-01 4.455504363916295563e-01 6.939036913596864364e-01
-6.209027630912001827e-01 4.235362741518059471e-01 6.596186650355788661e-01
-6.903288083964258526e-01 3.909064354642591277e-01 6.088007022093501197e-01
-7.253994747877393623e-01 3.719052708988639377e-01 5.792081417377646924e-01
-7.245294458951593297e-01 3.724000403896308709e-01 5.799786995646085686e-01
-7.126015099068561121e-01 3.790593585595966597e-01 5.903499731234481684e-01
-6.811075696266455370e-01 3.956003599166131868e-01 6.161110564103928766e-01
-7.146022790539596770e-01 3.779581979638340639e-01 5.886350171055217961e-01
-7.602131460440625377e-01 3.510202215039178175e-01 5.466816044802763619e-01
-9.868960703323160777e-01 8.718166784922305734e-02 1.357774029566779228e-01
-9.314692188571266351e-01 -1.965728606019369606e-01 -3.061440915589678791e-01
-8.460535238226013499e-01 -2.880340569763296110e-01 -4.485864652986259471e-01
-8.304436567768049837e-01 -3.010038319894189351e-01 -4.687856930910473952e-01
-8.245610669904966938e-01 -3.056884370518977989e-01 -4.760815332023093926e-01
-8.467574551166371366e-01 -2.874295594736459014e-01 -4.476450162184116843e-01
-8.539183696889870445e-01 -2.811770876889931325e-01 -4.379073683628066371e-01
-8.076796724739007116e-01 -3.185738713472254235e-01 -4.961494081093858477e-01
-7.555464099416216994e-01 -3.539494064460644851e-01 -5.512435397361183931e-01
-7.620959887525430299e-01 -3.498263224716520736e-01 -5.448222169049675712e-01
-7.772330382205058230e-01 -3.399651510291387679e-01 -5.294643523262512197e-01
-7.713326227493308984e-01 -3.438658021193568559e-01 -5.355392564653402854e-01
-8.269928570087011765e-01 -3.037646713605454130e-01 -4.730854456541710995e-01
-8.626693749954678081e-01 -2.732677659911285084e-01 -4.255893296537716641e-01
-8.710025873236780791e-01 -2.654388669532936063e-01 -4.133965418167043215e-01
-9.089095244059874901e-01 -2.253024831133220163e-01 -3.508878275846183392e-01
-9.337062097073620670e-01 -1.934498921860627885e-01 -3.012803564242321208e-01
-9.470493780422678531e-01 -1.734845630650279080e-01 -2.701861986258549675e-01
-9.620701926378505409e-01 -1.473955627506148003e-01 -2.295549880076638294e-01
-9.661551887239174796e-01 -1.393772098423402273e-01 -2.170671432493079256e-01
-9.661551887239174796e-01 -1.393772098423402273e-01 -2.170671432493079256e-01
-9.585259200298801296e-01 -1.539890583133670388e-01 -2.398237489295719782e-01
-9.554348311180037578e-01 -1.594983786601488207e-01 -2.484040069952483665e-01
-9.519222359293383340e-01 -1.655160859264423190e-01 -2.577760307764858094e-01
-9.465528772867641827e-01 -1.742737951654152462e-01 -2.714153547955438506e-01
-9.500540414083757934e-01 -1.686204798679185046e-01 -2.626108378813126754e-01
-9.491721117789053697e-01 -1.700642188445140590e-01 -2.648593281158479473e-01
-9.576670110943777958e-01 -1.555412907662061250e-01 -2.422412077420836307e-01
-9.621587245035454483e-01 -1.472267659006799567e-01 -2.292921024896778515e-01
-9.547177126761410282e-01 -1.607470543005473929e-01 -2.503487040831934851e-01
-9.531401662450251777e-01 -1.634571409822379584e-01 -2.545694140157427343e-01
-9.585301842654482263e-01 -1.539813094014935158e-01 -2.398116807143624851e-01
-9.672234284165340812e-01 -1.371972565884348183e-01 -2.136720672122890408e-01
-9.911084082746074442e-01 -7.189091822813221955e-02 -1.119634713810270243e-01
-9.940224313301074810e-01 -5.898806195716602141e-02 -9.186846335451231971e-02
-9.905165475474553283e-01 -7.423401540834749512e-02 -1.156126290291114161e-01
-9.632201596684194511e-01 -1.451865024812431515e-01 -2.261145804799161441e-01
-9.715457072018351958e-01 1.279717603517554758e-01 1.993042081095098839e-01
-9.537176658905924809e-01 1.624708113727503234e-01 2.530332966628708879e-01
-9.625902114981027546e-01 1.464010736460661100e-01 2.280061629941545764e-01
-9.556238897132025567e-01 1.591673933784081840e-01 2.478885279607184466e-01
-9.560395470229783310e-01 1.584370384836371881e-01 2.467510676058625729e-01
-9.586454741019521109e-01 1.537716451729257139e-01 2.394851480252071785e-01
-9.595492783102357315e-01 1.521171054664276767e-01 2.369083551055588821e-01
-9.575539670966057848e-01 1.557443304738886092e-01 2.425574233512400035e-01
-9.554018717090452251e-01 1.595560037900345951e-01 2.484937528176667243e-01
-9.697041200335967392e-01 1.319863756760062679e-01 2.055566010270160060e-01
-9.939548024521707159e-01 5.931980635769783239e-02 9.238512464651157940e-02
-9.973944611540808136e-01 3.897781749882567315e-02 6.070435406286011498e-02
-9.846998872158879701e-01 9.415243570494619130e-02 1.466337306619572012e-01
-9.457531470485146530e-01 1.755367146909309617e-01 2.733822354201994598e-01
-8.735871832469225273e-01 2.629476710888784541e-01 4.095167341338357136e-01
-8.882329592010009822e-01 2.482112628799807152e-01 3.865661381556305121e-01
-9.066557323331502216e-01 2.279380292944820363e-01 3.549924475658416956e-01
-9.408306167983353507e-01 1.830961276355076994e-01 2.851553235339395753e-01
-9.832654743747800685e-01 -9.843146517223531899e-02 -1.532979242083392368e-01
-9.293685316494934012e-01 -1.994543598002569695e-01 -3.106317606690183752e-01
-8.666651344035967153e-01 -2.695515867079227301e-01 -4.198017233319045194e-01
-8.577900818471221323e-01 -2.777154774484966171e-01 -4.325162298345128220e-01
-8.503867162098536214e-01 -2.842844791956143369e-01 -4.427468438987455790e-01
-8.358660229420874499e-01 -2.965900379190724578e-01 -4.619116161108539620e-01
-8.209517637033214577e-01 -3.085112927049146192e-01 -4.804778704019035396e-01
-8.115416333459780640e-01 -3.156957186492332368e-01 -4.916669508647965037e-01
-7.975196572363394409e-01 -3.259605777316233466e-01 -5.076535216922047900e-01
-7.747958411160293934e-01 -3.415853414407456490e-01 -5.319876493886994684e-01
-7.778550688620743392e-01 -3.395495835609517177e-01 -5.288171443411814332e-01
-8.122359069751504679e-01 -3.151740543428159791e-01 -4.908545068443054826e-01
-8.425164804994892398e-01 -2.910449496212312859e-01 -4.532756527619024589e-01
-8.554970845009934877e-01 -2.797726547760016613e-01 -4.357200936953541937e-01
-8.648465237671433270e-01 -2.712513940942485879e-01 -4.224490164857938601e-01
-8.827815246379364655e-01 -2.538252479812838636e-01 -3.953094019184975605e-01
-8.957287151545753057e-01 -2.402189574290262974e-01 -3.741188599085126243e-01
-8.927901146597155835e-01 -2.433915331266097992e-01 -3.790598538069815948e-01
-8.549363674044733186e-01 -2.802725747850698945e-01 -4.364986729791866527e-01
-7.963927670892305688e-01 -3.267638999524061227e-01 -5.089046219242387981e-01
-8.734696500806237163e-01 -2.630616298417444709e-01 -4.096942143758413590e-01
-9.750592092087182472e-01 -1.199173411254862986e-01 -1.867601933889093124e-01
-9.320094798417153381e-01 -1.958238701177697494e-01 -3.049776079932328687e-01
-7.418228468727313674e-01 -3.623245121879258290e-01 -5.642869941132949707e-01
-8.369409615798434343e-01 -2.957037681050661559e-01 -4.605313326563918452e-01
-8.390169662168219800e-01 2.939813248457487926e-01 4.578487862190512292e-01
-8.075667311767026346e-01 3.186574447500823970e-01 4.962795659725710573e-01
-8.366589988522622479e-01 2.959366089662083810e-01 4.608939608121501164e-01
-8.327485120323856460e-01 2.991391490418502941e-01 4.658816214644717069e-01
-8.276269067322461481e-01 3.032601393510399035e-01 4.722996836052315572e-01
-8.203816607009001283e-01 3.089536889695668198e-01 4.811668617618313215e-01
-7.778850094246969604e-01 3.395295595881361317e-01 5.287859588512401343e-01
-7.198614615783378579e-01 3.750334307038108439e-01 5.840799619819440069e-01
-9.993703912338782747e-01 1.916985519088338502e-02 2.985528055479765713e-02
-9.853533947679899985e-01 -9.213491096960843563e-02 -1.434916220544598664e-01
-9.881332968853439036e-01 -8.298977917917682579e-02 -1.292489231610545464e-01
-9.888496242009784387e-01 -8.046046665916979646e-02 -1.253097523043292527e-01
-9.849178734127936874e-01 -9.348445122935004903e-02 -1.455934064797142213e-01
-9.745404432587553289e-01 -1.211421443420919036e-01 -1.886677113796330629e-01
-9.588234403710105269e-01 -1.534473865351837496e-01 -2.389801451180018077e-01
-9.921624325951122758e-01 6.751337803629538226e-02 1.051458564712730165e-01
-9.058757989539364397e-01 2.288414917197690301e-01 3.563995069259190407e-01
-8.329093416213386725e-01 2.990084064595008306e-01 4.656780019567793305e-01
-7.960822140516063961e-01 3.269847366507008246e-01 5.092485547040502825e-01
-7.964858090000593860e-01 3.266976912817449730e-01 5.088015080291120595e-01
-7.935340645961639350e-01 3.287879102606261483e-01 5.120568312130419075e-01
-7.844984606209297606e-01 3.350580820880081911e-01 5.218220452519202190e-01
-7.918664522890342949e-01 3.299595356777272892e-01 5.138815296880372419e-01
-8.129756138291147627e-01 3.146168085200794495e-01 4.899866478954439941e-01
-8.546763505565493357e-01 2.805039852628014585e-01 4.368590734447718171e-01
-9.580731731228926407e-01 1.548093821174916507e-01 2.411013275588339555e-01
-9.924792313655816933e-01 -6.614009841930033884e-02 -1.030071001876538273e-01
-8.703409932348429301e-01 -2.660716253039810963e-01 -4.143820045599048707e-01
-7.339885024246259881e-01 -3.669527374045838952e-01 -5.714950278171607723e-01
-6.683065119963892409e-01 -4.019233301919630241e-01 -6.259584991599860260e-01
-6.335874738853696231e-01 -4.180162590472024098e-01 -6.510217508714576384e-01
-5.967731014719225291e-01 -4.335439925295068719e-01 -6.752047629431811027e-01
-5.639379355086843182e-01 -4.461909233445337519e-01 -6.949011906876800815e-01
-4.529056393131883351e-01 -4.817110900212547286e-01 -7.502205726510350337e-01
-3.483722698169381404e-01 -5.064557496955317539e-01 -7.887580967717107150e-01
-3.427206835964883291e-01 -5.075801659808397703e-01 -7.905092713801772364e-01
-3.667438315019333483e-01 -5.026551039038303914e-01 -7.828389416570378234e-01
-3.667438315019333483e-01 -5.026551039038303914e-01 -7.828389416570378234e-01
-4.181877113082532738e-01 -4.907893441315475669e-01 -7.643591157287852322e-01
-5.091088360687521241e-01 -4.650393569453474263e-01 -7.242558867752323382e-01
-6.073239097923638363e-01 -4.292455016924690558e-01 -6.685102601092202113e-01
-6.771233186492596756e-01 -3.975920208229135611e-01 -6.192128844907581753e-01
-7.438677119358247936e-01 -3.610985578175200938e-01 -5.623776833067505310e-01
-8.246352974099647737e-01 -3.056299768315692278e-01 -4.759904868035846337e-01
-8.048227935698448743e-01 -3.206776212593965281e-01 -4.994258044733431712e-01
-5.427190418584059151e-01 -4.538076363216014264e-01 -7.067635183146445677e-01
-5.579872721841301342e-01 -4.483696020945576732e-01 -6.982942818025088538e-01
-6.078088905906071648e-01 -4.290450602159893712e-01 -6.681980910054093892e-01
-4.413112802663498035e-01 -4.848424813187869331e-01 -7.550974256467286594e-01
-5.750414833792795166e-01 -4.420344200675804247e-01 -6.884278203765996640e-01
-6.714768331993995476e-01 -4.003778121777870069e-01 -6.235514974661149346e-01
-5.967802943567234175e-01 -4.335411021366259998e-01 -6.752002614229812849e-01
-6.180883999452965183e-01 -4.247362888506988066e-01 -6.614875771973339758e-01
-3.669734871992655356e-01 -5.026061710344208455e-01 -7.827627332282298678e-01
-3.379850429156970870e-01 -5.085063155210758357e-01 -7.919516638283263799e-01
-4.668599210513274533e-01 -4.778062301414707225e-01 -7.441391137105644038e-01
-4.150890695720796941e-01 -4.915566522780316916e-01 -7.655541273633102994e-01
-2.256427382437481421e-01 -5.263679733396817717e-01 -8.197695476901659672e-01
-2.687764363274631751e-01 -5.204205798040423270e-01 -8.105070310561984792e-01
-2.421564045908991269e-01 -5.242214107251880195e-01 -8.164264744928979578e-01
-1.893704453445198554e-01 -5.305259223118683476e-01 -8.262451695381701766e-01
-1.656635883844624901e-01 -5.328365834755552921e-01 -8.298438110835563153e-01
-1.681987501123306250e-01 -5.326046746735021431e-01 -8.294826345238233145e-01
-6.515967919379771489e-01 -4.098546898511494785e-01 -6.383108599602193012e-01
-3.916981705530883096e-01 4.971287848390523734e-01 7.742322096566448542e-01
-2.770668810328755782e-01 5.191498138694718989e-01 8.085279303734701495e-01
-2.802710353075880678e-01 5.186474792419432100e-01 8.077455905441953687e-01
-3.181392870373165316e-01 5.122303501764524647e-01 7.977515041674925200e-01
-3.408221071816809333e-01 5.079532212896430421e-01 7.910902705998309470e-01
-3.529228486053613278e-01 5.055351634473419509e-01 7.873243686375688277e-01
-3.525931123644859277e-01 5.056023275094155833e-01 7.874289704666616041e-01
-4.036404459273904011e-01 4.943321408158428687e-01 7.698766946517884291e-01
-6.025352843080657994e-01 4.312110801453135633e-01 6.715714671750954157e-01
-6.081340176140043186e-01 4.289105438646832469e-01 6.679885942007929289e-01
-5.997287866052414262e-01 4.323517088099192995e-01 6.733478910683150520e-01
-7.767891965697341083e-01 3.402611604262461564e-01 5.299253596478765704e-01
-9.594647535533673555e-01 1.522726682353653660e-01 2.371506297635711524e-01
-5.678531502557047084e-01 -4.447389723228856728e-01 -6.926399109507448415e-01
-4.805950165447510636e-01 -4.738141416647073112e-01 -7.379218042793471710e-01
-3.996802871282826297e-01 -4.952705977131681148e-01 -7.713382546729384837e-01
-5.298875282171890966e-01 -4.582130560557117205e-01 -7.136245530388950487e-01
-5.642890135567084631e-01 -4.460613289749844612e-01 -6.946993594154723395e-01
-4.217957645945913381e-01 -4.898871675407808213e-01 -7.629540589373222659e-01
-1.981547288951807650e-01 -5.295885175438820314e-01 -8.247852481113798762e-01
-2.075678954095713513e-01 -5.285348531546393280e-01 -8.231442630523795323e-01
-2.267293153635023262e-01 -5.262316510868533248e-01 -8.195572383605685962e-01
-2.300711458823124222e-01 -5.258080544869018214e-01 -8.188975257436664767e-01
-2.181428725375249567e-01 -5.272901213586289604e-01 -8.212057081381493040e-01
-1.783419795224528426e-01 -5.316404849643837638e-01 -8.279809980228095556e-01
-1.424655907259577692e-01 -5.347910901000548778e-01 -8.328877747984412272e-01
-7.846613875038695174e-02 -5.386364346739705988e-01 -8.388765441418173374e-01
-7.272010955966776852e-03 -5.402880195072700120e-01 -8.414487351191207720e-01
-5.210537893811662685e-02 -5.395683549511642862e-01 -8.403279239802814438e-01
-5.214939754097309976e-02 -5.395671134992842122e-01 -8.403259905335334068e-01
-2.475477353244927986e-02 -5.401367321926624498e-01 -8.412131190867087049e-01
6.919663171198293765e-03 -5.402893704064608560e-01 -8.414508390199557653e-01
2.845111304212864442e-02 -5.400835834689652337e-01 -8.411303448538669514e-01
3.695306978671767523e-02 -5.399332805135946822e-01 -8.408962618701344427e-01
6.109108630836633524e-02 -5.392931266491410858e-01 -8.398992812966666888e-01
-8.310293409947183685e-02 -5.384333832932919339e-01 -8.385603103530464564e-01
-9.963725878117477008e-02 -5.376136682208978446e-01 -8.372836797672837950e-01
-1.023962989390011513e-01 -5.374623065132534405e-01 -8.370479478745815882e-01
-9.212759209235622804e-02 -5.380045137746574113e-01 -8.378923856518561974e-01
-6.218285565801004444e-02 -5.392566986254204719e-01 -8.398425480111302299e-01
-5.687980474530448388e-02 -5.394275744700189890e-01 -8.401086713714649434e-01
-7.373663001802509276e-02 -5.388314675769791950e-01 -8.391802898915248221e-01
-1.374495691339641945e-01 -5.351741703675141348e-01 -8.334843869661451299e-01
-2.030268015039194129e-01 -5.290495273954691768e-01 -8.239458206907289695e-01
-1.540021477328289423e-01 -5.338567764887178768e-01 -8.314326675628948005e-01
-1.432883986065706383e-01 -5.347269135618002434e-01 -8.327878257620218161e-01
-1.588650460735906988e-01 -5.334406327119184388e-01 -8.307845620303402345e-01
-1.498574018573394784e-01 -5.342010072603626814e-01 -8.319687752257183266e-01
-1.310358827477985655e-01 -5.356436173408896106e-01 -8.342155073087960115e-01
-1.630478506384749893e-01 -5.330720681628483559e-01 -8.302105567545845499e-01
-1.661546922363322243e-01 -5.327919417006108382e-01 -8.297742856384154875e-01
-1.329162942296143457e-01 -5.355083475882765898e-01 -8.340048371511643577e-01
-1.207468349151824966e-01 -5.363490944269071470e-01 -8.353142227721267465e-01
-1.600136666241126215e-01 -5.333404020805396772e-01 -8.306284620707838906e-01
-1.833685257714452455e-01 -5.311410712800533895e-01 -8.272032072930352031e-01
-1.887242205502106807e-01 -5.305931415664876249e-01 -8.263498573245598999e-01
-1.458420863627896691e-01 -5.345253299831982385e-01 -8.324738779395434163e-01
-1.352385933864119760e-01 -5.353385818181364275e-01 -8.337404426293659743e-01
-1.490990063810482547e-01 -5.342629538446881377e-01 -8.320652513146626905e-01
-2.092302228016834076e-01 -5.283434756180631631e-01 -8.228462101985906108e-01
-1.800454952230631234e-01 -5.314728390227247967e-01 -8.277199049382628626e-01
-2.298400165703218534e-01 -5.258375620403863415e-01 -8.189434810353989347e-01
-2.324328124438136689e-01 -5.255047521743296812e-01 -8.184251603791610208e-01
-2.352151374136803308e-01 -5.251432230392300005e-01 -8.178621121114689752e-01
-2.344023376385561408e-01 -5.252493070281197829e-01 -8.180273281352281600e-01
-2.332195662616810550e-01 -5.254029845262934151e-01 -8.182666666579891945e-01
-1.709790689370008221e-01 -5.323461713550561303e-01 -8.290800394588266897e-01
-1.798903409911999374e-01 -5.314881761852287001e-01 -8.277437911536208448e-01
-1.805765389135207954e-01 -5.314202413444614193e-01 -8.276379889078365748e-01
-2.170666399013387593e-01 -5.274197631915862328e-01 -8.214076133302355975e-01
-2.626499893591957568e-01 -5.213329277433376152e-01 -8.119279287844298754e-01
-3.186349829145856960e-01 -5.121403968376605498e-01 -7.976114101427995706e-01
-4.463630198056419696e-01 -4.834905847147871194e-01 -7.529919714327246716e-01
-5.557001878831268060e-01 -4.491980247440474083e-01 -6.995844736361032101e-01
-4.735012206793788314e-01 -4.758945763568286358e-01 -7.411618893394970042e-01
-3.228687392013028234e-01 -5.113657420215876881e-01 -7.964049567483065806e-01
-1.634226322251511598e-01 -5.330385644039762338e-01 -8.301583777417120835e-01
-1.270953062868536709e-01 -5.359207295288374029e-01 -8.346470839709018152e-01
-1.280003724956444433e-01 -5.358578438108275721e-01 -8.345491452679028033e-01
-1.611755281789318539e-01 -5.332382620323762312e-01 -8.304693883707775504e-01
-1.676072929406877687e-01 -5.326591034148373538e-01 -8.295674022660221025e-01
-1.283127225756932055e-01 -5.358360358374663068e-01 -8.345151813617309733e-01
-1.197680436398356613e-01 -5.364131566781171756e-01 -8.354139938170200841e-01
-1.019301111232080725e-01 -5.374881749751420079e-01 -8.370882356169518923e-01
-4.592169130098235075e-02 -5.397323099882793684e-01 -8.405832688215802984e-01
-5.197770500496857321e-02 -5.395719497791831021e-01 -8.403335225932064834e-01
-5.640758202920526099e-02 -5.394420499545659053e-01 -8.401312156029163702e-01
-5.188059371183349061e-02 -5.395746781545850412e-01 -8.403377717861333362e-01
1.912853279735347509e-02 -5.402034483102393647e-01 -8.413170232835819329e-01
1.168422274436277802e-01 -5.366014993039114334e-01 -8.357073200773138533e-01
1.918089155537936186e-01 -5.302701293568086172e-01 -8.258467956140479460e-01
2.088978023973639409e-01 -5.283818736059318066e-01 -8.229060115215084403e-01
2.299780887989430200e-01 -5.258199385583229857e-01 -8.189160340882982725e-01
2.273884153214678627e-01 -5.261486238307575558e-01 -8.194279310705681052e-01
2.031126414319359419e-01 -5.290399087088134555e-01 -8.239308404738302505e-01
1.885391306947135359e-01 -5.306123504174852235e-01 -8.263797733374852461e-01
2.061994151138914488e-01 -5.286912040988887007e-01 -8.233877652207107767e-01
3.091931568561240851e-01 -5.138270928389544467e-01 -8.002382835243592174e-01
3.346536029517448441e-01 -5.091491315349642166e-01 -7.929527904538880012e-01
3.486375815425098446e-01 -5.064024505368224238e-01 -7.886750882502191473e-01
3.646380406357663806e-01 -5.031021372326214269e-01 -7.835351548164751767e-01
3.736154860688821189e-01 -5.011755968697144681e-01 -7.805347459734244264e-01
3.828750288156722581e-01 -4.991313497936915589e-01 -7.773510197861230875e-01
3.928842493047226547e-01 -4.968554806863285656e-01 -7.738065636580125917e-01
3.235943517480247555e-01 -5.112318306672252177e-01 -7.961964021706033900e-01
2.718936457716223387e-01 -5.199476628572001768e-01 -8.097705065500663268e-01
1.585618142135097053e-01 -5.334669696532119421e-01 -8.308255793861545335e-01
4.985715224610248048e-02 -5.396303636943169391e-01 -8.404244968758634027e-01
-1.247009046951894182e-04 -5.403023016672040546e-01 -8.414709782653267967e-01
-3.809700342205393775e-02 -5.399100710644331169e-01 -8.408601152947253743e-01
-6.330128986261275570e-02 -5.392187092027400652e-01 -8.397833829907925818e-01
-1.004591626312243968e-01 -5.375690151103497127e-01 -8.372141366679862751e-01
-1.487543065140231602e-01 -5.342910030612746386e-01 -8.321089353812450851e-01
-1.258003818521233053e-01 -5.360099147319949964e-01 -8.347859816952243328e-01
-1.252679284589721109e-01 -5.360463170949106848e-01 -8.348426750164250620e-01
-1.666443090866477073e-01 -5.327472998115709846e-01 -8.297047600155816882e-01
-2.468436250210707394e-01 -5.235828271341756990e-01 -8.154319394754174777e-01
-3.234090641418401191e-01 -5.112660572993067420e-01 -7.962497069917960912e-01
-4.194791661156661022e-01 -4.904675030358143228e-01 -7.638578779201788960e-01
-4.250633622531944655e-01 -4.890619788666722423e-01 -7.616689037219677161e-01
-4.255284930869371873e-01 -4.889438846762173552e-01 -7.614849829175164286e-01
-3.756385869095582586e-01 -5.007339330974394098e-01 -7.798468954027830691e-01
-3.234415725089722637e-01 -5.112600538838261155e-01 -7.962403572261521623e-01
-2.912636810559519063e-01 -5.168763167488326093e-01 -8.049871683958057522e-01
-2.749749418261414613e-01 -5.194744046927960435e-01 -8.090334506290672856e-01
-2.719535971616452996e-01 -5.199385098453052079e-01 -8.097562515786370652e-01
-2.270835322157557512e-01 -5.261870617424952989e-01 -8.194877945712281120e-01
-1.890380405121965257e-01 -5.305605282851976190e-01 -8.262990651483524962e-01
-1.381296878951226437e-01 -5.351230492281300322e-01 -8.334047705087751501e-01
-1.341048843763111287e-01 -5.354218328061580712e-01 -8.338700983611958550e-01
-1.594906844787808420e-01 -5.333861302886746536e-01 -8.306996795353679408e-01
-1.714636991684830858e-01 -5.323006655737866355e-01 -8.290091684035609809e-01
-1.814637954577373313e-01 -5.313320049448212457e-01 -8.275005688574411655e-01
-3.788222415459049364e-01 -5.000332797215577552e-01 -7.787556924228794530e-01
-4.072298769845564825e-01 -4.934719796512650469e-01 -7.685370730096268144e-01
-4.127415246114456426e-01 -4.921333799139440690e-01 -7.664523274385021123e-01
-4.347748432384350159e-01 -4.865634017699334013e-01 -7.577776004508609553e-01
-4.894071783025727984e-01 -4.711735413448163712e-01 -7.338093129434227757e-01
-6.095525305709454944e-01 -4.283223186378775083e-01 -6.670724876887287325e-01
-7.957684211583033740e-01 -3.272076384543746719e-01 -5.095957036949314567e-01
-9.455573040054661149e-01 -1.758444420748909998e-01 -2.738614924250666327e-01
-9.867944973841963341e-01 -8.751666568650472156e-02 -1.362991311762030699e-01
-9.900248899201689046e-01 -7.612458247808409628e-02 -1.185570127874973761e-01
-9.958601389220371747e-01 -4.911280706265787332e-02 -7.648866509886920184e-02
-9.993981020234588009e-01 -1.874337958252609085e-02 -2.919108414796510800e-02
-9.886590559127016453e-01 -8.114123093110636731e-02 -1.263699798401123342e-01
-9.094563243736983882e-01 -2.246574090440919824e-01 -3.498831842462248876e-01
-8.367727052617399686e-01 -2.958427432987860706e-01 -4.607477736966266724e-01
-7.946305006135609972e-01 -3.280139510687168358e-01 -5.108514611889946044e-01
-7.720218388598601988e-01 -3.434139865714118112e-01 -5.348355954408515744e-01
-7.383685580531562653e-01 -3.643784780434290993e-01 -5.674858564028331109e-01
-6.560565709525919553e-01 -4.077724809367622716e-01 -6.350680117126074054e-01
-5.351600232137795343e-01 -4.564207525019117195e-01 -7.108332056392805409e-01
-5.226365929511872510e-01 -4.606377377439790366e-01 -7.174007710300318585e-01
-5.148725967673828396e-01 -4.631831792190977404e-01 -7.213650612460387190e-01
-5.074209131736435729e-01 -4.655775962133610890e-01 -7.250941447689492891e-01
-5.129115178548339093e-01 -4.638179111809651589e-01 -7.223535977065363989e-01
-5.289539287755622432e-01 -4.585278443355780831e-01 -7.141148067375897579e-01
-5.324703540167320392e-01 -4.573381589918318335e-01 -7.122619815933306509e-01
-5.173450970277522210e-01 -4.623782159658004209e-01 -7.201114052572901159e-01
-5.175508754560039781e-01 -4.623109842183771301e-01 -7.200066980145110040e-01
-5.163817338865679396e-01 -4.626924798927276039e-01 -7.206008423246669237e-01
-5.164881438659079116e-01 -4.626578065710186261e-01 -7.205468418255979168e-01
-5.134852203165861662e-01 -4.636325644671773771e-01 -7.220649373027439033e-01
-5.158359334846678301e-01 -4.628701739724755404e-01 -7.208775844570918245e-01
-5.372680030801931794e-01 -4.556972213379643644e-01 -7.097063726155203867e-01
-5.653769785799996894e-01 -4.456589734440182249e-01 -6.940727278034878323e-01
-5.957618904425824313e-01 -4.339498001471042143e-01 -6.758367708615510283e-01
-6.343941638038957942e-01 -4.176589403662426814e-01 -6.504652599975675464e-01
-6.757168092759509026e-01 -3.982899543807821852e-01 -6.202998516050787225e-01
-7.300237903025558195e-01 -3.692543384003820206e-01 -5.750795589870901781e-01
-8.321040802296072458e-01 -2.996621995443415898e-01 -4.666962243574362401e-01
-9.680917847307966007e-01 -1.353975331674403815e-01 -2.108691640541899837e-01
-9.636299360494678945e-01 -1.443905183719594310e-01 -2.248749086794151752e-01
-9.420657345332955623e-01 -1.812326898850880053e-01 -2.822531911870224119e-01
-9.370183439745100040e-01 -1.887168703393835856e-01 -2.939091116392535952e-01
-9.457406761663746941e-01 -1.755563281196103609e-01 -2.734127815255317784e-01
-9.653337831290393911e-01 -1.410289282746879369e-01 -2.196395422948011211e-01
-9.637842447565442283e-01 -1.440895482982722797e-01 -2.244061755617648146e-01
-9.740747497005303179e-01 -1.222306431069461602e-01 -1.903629477642944101e-01
-9.858893301070752457e-01 -9.044574871379972014e-02 -1.408609077090678396e-01
-9.925721512448136830e-01 -6.573177729549639636e-02 -1.023711777153017838e-01
-9.920907476412532677e-01 -6.782020474235919694e-02 -1.056237107534272329e-01
-9.938696220383504976e-01 -5.973499407657057586e-02 -9.303174120706582395e-02
-9.993137009426465989e-01 -2.001400450742622447e-02 -3.116996522114363205e-02
-9.999410079848595201e-01 5.868701622746273425e-03 9.139961240959806194e-03
-9.819577548985618520e-01 -1.021713911814393499e-01 -1.591225138647113790e-01
-9.655260552244651073e-01 -1.406441635137557211e-01 -2.190403066839502755e-01
-9.331973269433775364e-01 -1.941653966755143845e-01 -3.023946886431292946e-01
-9.255544300895823806e-01 -2.045663282924599924e-01 -3.185931798869678366e-01
-8.660553855924585376e-01 -2.701230930844015776e-01 -4.206917917773220772e-01
-8.121402897326394088e-01 -3.152459771234498720e-01 -4.909665199384432577e-01
-7.696429622477798382e-01 -3.449692545364883012e-01 -5.372577817835699765e-01
-7.630800885885963281e-01 -3.491995072094509767e-01 -5.438460099736841524e-01
-7.147829155772171816e-01 -3.778584711322424128e-01 -5.884797017676455244e-01
-6.962068621839572202e-01 -3.878512618658575550e-01 -6.040425512470378733e-01
-6.971145563013246838e-01 -3.873750107640275275e-01 -6.033008341021722787e-01
-6.925126079632373255e-01 -3.897772020546081961e-01 -6.070420253742213612e-01
-6.644258676022336552e-01 -4.037971853435466385e-01 -6.288768556479467087e-01
-6.700302411627451216e-01 -4.010846657944446281e-01 -6.246523567488978523e-01
-6.674199628515689042e-01 -4.023531521729459826e-01 -6.266279072333953426e-01
-6.486765539968126770e-01 -4.112047463527579438e-01 -6.404134483845448367e-01
-6.543049932387772216e-01 -4.085932282021478845e-01 -6.363462498437082449e-01
-6.718044589705803871e-01 -4.002173377965495549e-01 -6.233015734251664552e-01
-6.762506235869627513e-01 -3.980253816956724755e-01 -6.198878040615561913e-01
-6.988360008901941534e-01 -3.864684778150571653e-01 -6.018889926847916794e-01
-7.335719688334643163e-01 -3.671958098523538938e-01 -5.718735907249685724e-01
-7.926260220576883953e-01 -3.294267020627670295e-01 -5.130516905001423211e-01
-8.116316547576557516e-01 -3.156281520380087025e-01 -4.915617221025466166e-01
-8.520150824035884751e-01 -2.828575713039541695e-01 -4.405245665259029386e-01
-8.847018508652484403e-01 -2.518658679888297058e-01 -3.922578483827152684e-01
-9.340455497521308326e-01 -1.929710777643701969e-01 -3.005346471452119417e-01
-9.464036650441198795e-01 -1.745102031777599483e-01 -2.717835384601398063e-01
-9.484865187230148154e-01 -1.711772219474810841e-01 -2.665927277459737010e-01
-9.561124124360473875e-01 -1.583086261327557864e-01 -2.465510772186587651e-01
-9.881470738416260335e-01 -8.294187799732301303e-02 -1.291743214904153003e-01
-9.991607245865504749e-01 -2.213160583792303862e-02 -3.446793389099886418e-02
-9.987258700984634752e-01 -2.726592851901394471e-02 -4.246416769540071329e-02
-9.997819480590441898e-01 -1.128257219757092776e-02 -1.757156509447359641e-02
-9.999202852613198189e-01 -6.822011970264280599e-03 -1.062465414017779892e-02
-9.966522780944540028e-01 -4.417359316467714403e-02 -6.879629522043116674e-02
-9.944052003422971797e-01 -5.707366867882561479e-02 -8.888697247479755703e-02
-9.933914926100313458e-01 -6.201329550723132245e-02 -9.657998545426919879e-02
-9.893525367838498230e-01 -7.863497829030369202e-02 -1.224667226173895007e-01
-9.884465589059066026e-01 -8.189350515911036910e-02 -1.275415775338645530e-01
-9.905305441479278494e-01 -7.417947509508598936e-02 -1.155276875239328593e-01
-9.955887760502266648e-01 -5.069345607241783347e-02 -7.895038007663747470e-02
-9.975567323159602040e-01 -3.774608448735294886e-02 -5.878604355608004622e-02
-9.976821617103921458e-01 -3.676559368327729505e-02 -5.725901960385952616e-02
-9.979609402191760292e-01 -3.448619638987229091e-02 -5.370906865155310184e-02
-9.921061505869042119e-01 -6.775439595967497342e-02 -1.055212196469246938e-01
-9.896993402468414747e-01 -7.735049013290964948e-02 -1.204662508388362613e-01
-7.371240851225194790e-01 -3.651132892140946939e-01 -5.686302569961902975e-01
