3.477687120437622070e+00
7.934750080108642578e+00
2.026659774780273438e+01
2.299838066101074219e+01
2.429860496520996094e+01
3.466242313385009766e+00
2.184588909149169922e+00
6.953171253204345703e+00
4.920881271362304688e+00
1.890681648254394531e+01
2.337486457824707031e+01
2.818491744995117188e+01
2.544928932189941406e+01
2.961598968505859375e+01
3.012835502624511719e+01
3.022404289245605469e+01
2.008945083618164062e+01
2.715114974975585938e+01
3.049513244628906250e+01
3.161882781982421875e+01
3.061944961547851562e+01
3.433441925048828125e+01
2.928342628479003906e+01
1.646730422973632812e+01
2.005546760559082031e+01
3.219369125366210938e+01
2.964249992370605469e+01
3.227299118041992188e+01
1.873528671264648438e+01
3.076644515991210938e+01
2.876240730285644531e+01
2.114466857910156250e+01
2.201681900024414062e+01
3.175345039367675781e+01
3.055667304992675781e+01
2.836267089843750000e+01
1.662318992614746094e+01
2.985407638549804688e+01
2.901273155212402344e+01
2.763136291503906250e+01
2.648029327392578125e+01
3.153184700012207031e+01
2.365449333190917969e+01
2.611146736145019531e+01
3.339173889160156250e+01
3.382408523559570312e+01
2.243806266784667969e+01
1.847154045104980469e+01
2.863908195495605469e+01
3.196011734008789062e+01
1.977321243286132812e+01
1.967483329772949219e+01
2.979694366455078125e+01
2.103870964050292969e+01
1.988386154174804688e+01
3.276001739501953125e+01
3.268346786499023438e+01
3.347365188598632812e+01
2.932953834533691406e+01
2.993533706665039062e+01
3.132171249389648438e+01
3.069319725036621094e+01
2.843620109558105469e+01
2.771046066284179688e+01
2.880463981628417969e+01
2.703827095031738281e+01
3.574076080322265625e+01
2.538825607299804688e+01
2.917703819274902344e+01
3.094343757629394531e+01
3.181052589416503906e+01
3.265227508544921875e+01
2.639753532409667969e+01
3.116475105285644531e+01
2.613084030151367188e+01
2.154355239868164062e+01
3.212648010253906250e+01
3.205726242065429688e+01
1.962625503540039062e+01
3.110596466064453125e+01
3.698626327514648438e+01
2.254130172729492188e+01
2.327435684204101562e+01
2.608436012268066406e+01
2.084969520568847656e+01
3.213191223144531250e+01
3.167547607421875000e+01
2.605698585510253906e+01
3.304964065551757812e+01
2.205945587158203125e+01
3.071080780029296875e+01
3.100934410095214844e+01
3.265751647949218750e+01
3.023778343200683594e+01
2.548191642761230469e+01
2.421456146240234375e+01
2.573382377624511719e+01
2.903176307678222656e+01
2.869242286682128906e+01
2.585166358947753906e+01
2.079418182373046875e+01
2.125644302368164062e+01
2.576527976989746094e+01
2.933145523071289062e+01
2.970532989501953125e+01
2.610730361938476562e+01
2.054277610778808594e+01
2.439727783203125000e+01
3.178608703613281250e+01
3.179642486572265625e+01
2.145702171325683594e+01
1.820569229125976562e+01
