-9.797103553210846361e-01 1.082866377180814743e-01 1.686464460590469672e-01
-9.685590873812359725e-01 1.344183686203221095e-01 2.093442056247997451e-01
-9.685590873812359725e-01 1.344183686203221095e-01 2.093442056247997451e-01
-9.498088591125689595e-01 1.690232213455842847e-01 2.632380705696683032e-01
-9.339263758119319414e-01 1.931393892332866624e-01 3.007967767270504633e-01
-8.557499048098743399e-01 2.795468472906873503e-01 4.353684193734407293e-01
-8.740316649093211598e-01 2.625161207968585986e-01 4.088446343754669199e-01
-9.980412420901560999e-01 3.380099048670784367e-02 5.264192368498565172e-02
-9.847988173633424047e-01 -9.384988735953420091e-02 -1.461625395317310283e-01
-9.703276983854639548e-01 -1.306416538639003644e-01 -2.034623208893303337e-01
-9.693440358368011767e-01 -1.327562899318950052e-01 -2.067556714364590653e-01
-9.790809606475665561e-01 -1.099358832139722686e-01 -1.712149937341995998e-01
-9.854150077227811222e-01 -9.194234429114558904e-02 -1.431917172219106804e-01
-9.762552580306266270e-01 -1.170420897761255963e-01 -1.822822547270905313e-01
-9.950277741782320717e-01 -5.381293957695973407e-02 -8.380868778354459703e-02
-9.970166731008883731e-01 -4.170403614998853536e-02 -6.495018804927941980e-02
-9.965410033705367487e-01 -4.490048243466961825e-02 -6.992835818448620011e-02
-9.992948991455132823e-01 -2.028620782994662239e-02 -3.159389677831363208e-02
-9.989154854009413276e-01 -2.515658807597638547e-02 -3.917906459548702036e-02
-9.977642879137051946e-01 -3.610911804289829163e-02 -5.623661937048548415e-02
-9.234246056970683014e-01 -2.073571550251779028e-01 -3.229396349986761172e-01
-7.937581881792953320e-01 -3.286299395382893396e-01 -5.118108063898052507e-01
-9.530784463702284270e-01 -1.635621672635534929e-01 -2.547329827575553485e-01
-9.995210379492123209e-01 1.672054243175373836e-02 2.604070194363333410e-02
-9.832357286564833432e-01 9.851816877444431741e-02 1.534329570681749466e-01
-9.748466758134950449e-01 1.204207164531276714e-01 1.875441540125787065e-01
-9.671968987561103681e-01 1.372518442346276346e-01 2.137570824341404330e-01
-9.701770516790204635e-01 1.309678617505785625e-01 2.039703595718863616e-01
-9.884475797413705411e-01 8.188990813882414399e-02 1.275359755066850509e-01
-9.957638583353318751e-01 4.967943356704970781e-02 7.737113359380325128e-02
-9.998232896936090075e-01 1.015695601773590646e-02 1.581852176100199611e-02
-9.999755591438334035e-01 3.777525222477658151e-03 5.883146961565432868e-03
-9.999643724288076463e-01 4.560800324222757419e-03 7.103025655553104646e-03
-9.999466442437889846e-01 5.581316689176183364e-03 8.692385725468310814e-03
-9.997800310202072938e-01 1.133205451147803987e-02 1.764862923238633141e-02
-9.981036222899425381e-01 3.325892789328110943e-02 5.179771121473638468e-02
-9.929967824649971186e-01 6.383206997001771021e-02 9.941255885201778775e-02
-9.885272633339167170e-01 8.160863399817587516e-02 1.270979169872937797e-01
-9.861144894784589221e-01 8.972632633866567398e-02 1.397404737447445200e-01
-9.819511575281060223e-01 1.021898995107191621e-01 1.591513388797022033e-01
-9.732741424254642837e-01 1.240784496366605372e-01 1.932407359273393410e-01
-9.655123578011123309e-01 1.406716114279752128e-01 2.190830542775813461e-01
-9.662131050361284501e-01 1.392599564542159329e-01 2.168845319169012131e-01
-9.612787995317808587e-01 1.488952675728749397e-01 2.318906398825539839e-01
-9.716475095037877541e-01 1.277459278443125457e-01 1.989524948179400843e-01
-9.745073677630368136e-01 1.212197937377245960e-01 1.887886431482061755e-01
-9.638099062744553969e-01 1.440394313471815291e-01 2.243281230349999655e-01
-9.647695733570706977e-01 1.421515450005275405e-01 2.213879142554505131e-01
-9.579772283601794003e-01 1.549826155253462012e-01 2.413711226063949000e-01
-9.728425917232070841e-01 1.250625268922968270e-01 1.947733454469245118e-01
-9.910725510697849794e-01 7.203508133050780249e-02 1.121879921102769823e-01
-9.783972445260710193e-01 1.116987068172873160e-01 1.739604288312064095e-01
-7.461488065045032148e-01 3.597220432075573515e-01 5.602338888200941724e-01
-8.181658076256046463e-01 3.106642934949407908e-01 4.838309704634785047e-01
-9.514436851145325891e-01 1.663174018617885885e-01 2.590240064040831292e-01
-9.993581828967800229e-01 1.935475892362518990e-02 3.014325105648726910e-02
-9.616218648382613976e-01 1.482471666863206250e-01 2.308812825554786008e-01
-7.190796514183552812e-01 3.754710179970530692e-01 5.847614638126501507e-01
-9.342182612230033323e-01 1.927268552406620206e-01 3.001542931002540993e-01
-7.622701040380861492e-01 3.497155616678045975e-01 5.446497171734666631e-01
-7.606418210184083817e-01 3.507490180319811079e-01 5.462592300981289339e-01
-7.477591610433339531e-01 3.587445530210953137e-01 5.587115380529239506e-01
-7.221416819834275413e-01 3.737515146902884999e-01 5.820834960801254399e-01
-6.805621547641943492e-01 3.958742872587595052e-01 6.165376729690456026e-01
-6.042747439788815900e-01 4.304999234914788087e-01 6.704639063089734563e-01
-6.568572690379251844e-01 4.073960101566075354e-01 6.344816932114875074e-01
-6.343507734114951502e-01 4.176781792451665365e-01 6.504952227762171857e-01
-6.495915474672609990e-01 4.107828645903716103e-01 6.397564064689134078e-01
-6.884373062494723028e-01 3.918790221793723716e-01 6.103154162723642973e-01
-9.619154122982700450e-01 1.476901697384992995e-01 2.300138112063324913e-01
-7.258535199848906716e-01 -3.716465660276789262e-01 -5.788052327729752422e-01
-5.739861138596841217e-01 -4.424346651374319039e-01 -6.890511651401411974e-01
-4.581909733790933692e-01 -4.802497437811761860e-01 -7.479446607283413151e-01
-3.023851339686183248e-01 -5.150085030720985557e-01 -8.020782209474441871e-01
-2.304061662909500374e-01 -5.257652278866269402e-01 -8.188308272655777653e-01
-6.140855081834111634e-02 -5.392826009007775090e-01 -8.398828884148574758e-01
9.750658005476772749e-02 -5.377277006739914489e-01 -8.374612747905931798e-01
6.626605827227427525e-02 -5.391147155292655979e-01 -8.396214224404082715e-01
4.084463403610514437e-02 -5.398514288608883271e-01 -8.407687854739337441e-01
6.845243416172129558e-02 -5.390349626027975960e-01 -8.394972146166632676e-01
3.069244829680073949e-01 -5.142240052291437991e-01 -8.008564379468512406e-01
8.857934961801293694e-01 2.507432820547148000e-01 3.905095243773357705e-01
6.476680971134607390e-02 -5.391679012348908895e-01 -8.397042542691903755e-01
1.679074630750024555e-01 -5.326315049675762747e-01 -8.295244202310692039e-01
1.989186368670676774e-01 -5.295049089020101851e-01 -8.246550353666808331e-01
1.852064873289654690e-01 -5.309548744838121781e-01 -8.269132229642630616e-01
1.679334727888250889e-01 -5.326291111724618110e-01 -8.295206921160667157e-01
-3.166655361575439285e-03 -5.402995968649629832e-01 -8.414667657854227878e-01
2.383468777990266699e-02 -5.401488132645028140e-01 -8.412319342413149270e-01
-2.615366094958530233e-03 -5.403004579933237128e-01 -8.414681069133836955e-01
5.184098072271171517e-03 -5.402950455414812225e-01 -8.414596775190750222e-01
-8.769498601881407914e-04 -5.403020981107715670e-01 -8.414706612449663892e-01
3.229799463848027907e-02 -5.400204213359248717e-01 -8.410319756599643481e-01
4.533715332655573887e-02 -5.397467360279404325e-01 -8.406057360471846929e-01
1.356274689802919667e-02 -5.402526097904408742e-01 -8.413935877526030893e-01
3.313691553775102022e-02 -5.400055835208631416e-01 -8.410088671321700460e-01
2.755581076727406376e-02 -5.400971350082639511e-01 -8.411514501258517962e-01
4.773109869382818893e-02 -5.396864809495288684e-01 -8.405118943226168593e-01
2.087791106529999219e-01 -5.283955682607724968e-01 -8.229273396827436748e-01
2.736916990147543749e-01 -5.196721991946232633e-01 -8.093414973141072055e-01
3.421320121495617372e-01 -5.076960862964232657e-01 -7.906898065751113425e-01
3.099371206485059260e-01 -5.136962301631816663e-01 -8.000344769822416158e-01
2.795680702416883934e-01 -5.187582236956865822e-01 -8.079180648119177466e-01
2.531208914550002187e-01 -5.227071756032102279e-01 -8.140681930169859637e-01
1.000078105419016927e-01 -5.375935824304415300e-01 -8.372523980020714074e-01
3.802813550257377190e-02 -5.399114883804955189e-01 -8.408623226337090806e-01
-1.426048579142228604e-03 -5.403017564845451481e-01 -8.414701291936423910e-01
-1.437662025538343977e-02 -5.402464661945846069e-01 -8.413840196689594819e-01
-1.022461714380404688e-02 -5.402740627731680290e-01 -8.414269987936193740e-01
-9.510187148245781430e-02 -5.378534102225244196e-01 -8.376570558125413513e-01
-1.781271867725433000e-01 -5.316615062175884532e-01 -8.280137366849323888e-01
-1.927452779469989441e-01 -5.301710031262442113e-01 -8.256924156568509199e-01
-2.702324936283424517e-01 -5.202004111504290318e-01 -8.101641386943342349e-01
-1.523476937748963755e-01 -5.339953355322101247e-01 -8.316484604875503672e-01
-2.616410285958097881e-01 -5.214810135749566866e-01 -8.121585588025053148e-01
-3.973042422163740595e-01 -4.958283754199226956e-01 -7.722069419820783986e-01
-5.239012693838767110e-01 -4.602181562350055599e-01 -7.167473115468342426e-01
-6.527727464054211559e-01 -4.093080584174788594e-01 -6.374595319428814078e-01
-6.974726195481294466e-01 -3.871868093124192223e-01 -6.030077277076461018e-01
-8.016313455905008656e-01 -3.230028165414651209e-01 -5.030470815669678686e-01
-8.530359073466130537e-01 -2.819579584398594907e-01 -4.391235025021629768e-01
-8.780439485813589240e-01 -2.585778820354793228e-01 -4.027111909069595597e-01
-9.340211001019085302e-01 -1.930056221577815534e-01 -3.005884468503543516e-01
-9.656172485919694015e-01 -1.404612768038771831e-01 -2.187554775092487580e-01
-9.726660784703017315e-01 -1.254626859864209076e-01 -1.953965563112042836e-01
-9.839466607700130263e-01 -9.642385898461322546e-02 -1.501712628236716307e-01
-9.999679826181127051e-01 -4.323557614135432187e-03 -6.733542026245039475e-03
-9.999370183351576902e-01 6.063900252760948129e-03 9.443965095186713024e-03
-9.998874835870185107e-01 8.104897771449331295e-03 1.262263039679348969e-02
-9.997014219240756283e-01 1.320226227742676492e-02 2.056130525378446414e-02
-9.989630692702926584e-01 2.459880891351304624e-02 3.831037501921506772e-02
-9.907996774335037227e-01 7.312268482952688498e-02 1.138818342010110007e-01
-9.921135088931765100e-01 6.772293480780043617e-02 1.054722218059687550e-01
-9.947554152140197781e-01 5.526334935735845166e-02 8.606756717945257540e-02
-9.932153344921109683e-01 6.283160468259336995e-02 9.785442648513401065e-02
-9.946094298849993409e-01 5.602515988360684540e-02 8.725401677775523890e-02
-9.934446458027792470e-01 6.176422444534004214e-02 9.619208025849169952e-02
-9.914146845674475239e-01 7.064733791750284209e-02 1.100267097990240833e-01
-9.907198418515439364e-01 7.343778717596687045e-02 1.143725770294135025e-01
-9.913091360919018546e-01 7.107839928929519935e-02 1.106980481092538493e-01
-9.960922798491147478e-01 4.771872768925370517e-02 7.431751511394749099e-02
-9.998813683525559215e-01 8.322220510568398288e-03 1.296109050944068558e-02
-9.990415468448563541e-01 -2.365011064288764439e-02 -3.683286500417632531e-02
-9.983498676442407183e-01 -3.102644192291752895e-02 -4.832082031930845512e-02
-9.995236078147785586e-01 -1.667563587362828545e-02 -2.597076412312109006e-02
-9.974906608754429138e-01 3.825241675708553751e-02 5.957460934420363841e-02
-9.601128374697288637e-01 1.510754612680227926e-01 2.352860903846211715e-01
-7.921949651520721059e-01 3.297292542395459658e-01 5.135228875973689711e-01
-6.604759295473779934e-01 4.056844838553948507e-01 6.318161489290288202e-01
-8.030196025904410284e-01 3.219945714063512376e-01 5.014768328051958379e-01
-6.426816680694039663e-01 4.139436027529608819e-01 6.446789644989414647e-01
-7.149428029558686504e-01 3.777701566045598147e-01 5.883421600400334794e-01
-7.163163182121118355e-01 3.770098215287565058e-01 5.871580083196513700e-01
-7.111073917725199145e-01 3.798775860841860919e-01 5.916242869907689661e-01
-7.604708973872251754e-01 3.508571972213009316e-01 5.464277092032224781e-01
-9.154770459697021412e-01 2.174015471778077413e-01 3.385828489266448638e-01
-9.942170711359175073e-01 5.802256996072063105e-02 9.036479866115579296e-02
-9.993703600616602456e-01 1.917032958971622361e-02 2.985601938720448476e-02
-9.996943591469800161e-01 1.335747387068266304e-02 2.080303298807719553e-02
-9.938993789634333886e-01 5.959028520810595586e-02 9.280637049749296263e-02
-9.999995993947000672e-01 4.836265344360886668e-04 7.532037005788445351e-04
-9.597807210093729502e-01 -1.516902621582144339e-01 -2.362435860401303489e-01
-9.294810813259880566e-01 -1.993011962582886265e-01 -3.103932225856214089e-01
-9.229853985906520952e-01 -2.079272215668925561e-01 -3.238274610343098159e-01
-9.400742505991965814e-01 -1.842267682589188160e-01 -2.869161919746486267e-01
-9.666659232014125358e-01 -1.383395418950711109e-01 -2.154510711726042027e-01
-9.451862919830404941e-01 -1.764257662002198801e-01 -2.747668511083821707e-01
-9.181841417895806323e-01 -2.140428447002449275e-01 -3.333519797432710208e-01
-8.877115779146536045e-01 -2.487551783570379760e-01 -3.874132363211588714e-01
-7.994210326666643107e-01 -3.245980546677398326e-01 -5.055315177474921651e-01
-5.363233385343341153e-01 -4.560219563894474248e-01 -7.102121174931662617e-01
-4.724676195728161887e-01 -4.761943724124629851e-01 -7.416287940323630368e-01
-3.232714152394930429e-01 -5.112914698580862671e-01 -7.962892847071426639e-01
-2.753542199392614021e-01 -5.194157524911983126e-01 -8.089421052372307575e-01
-2.324777808628903097e-01 -5.254989452460822053e-01 -8.184161166242518437e-01
-1.672323928608206167e-01 -5.326935013781219919e-01 -8.296209739197538680e-01
-6.847732750293333837e-02 -5.390340395891397574e-01 -8.394957771080624465e-01
1.052848242789107824e-01 -5.372993638996612642e-01 -8.367941797894977718e-01
2.668772063017196827e-01 -5.207058338463221858e-01 -8.109512879051341550e-01
3.280860315668601701e-01 -5.103954102674600479e-01 -7.948937545789501735e-01
3.450963310080762958e-01 -5.071100607717696773e-01 -7.897771258961709950e-01
3.667367048966398424e-01 -5.026566218074406400e-01 -7.828413056518457314e-01
3.341313005906094702e-01 -5.092492615743420270e-01 -7.931087337506851354e-01
3.279262155508009258e-01 -5.104253919760064484e-01 -7.949404483234386865e-01
3.183159315393830346e-01 -5.121983125821545357e-01 -7.977016085706536419e-01
3.374608177311322899e-01 -5.086079432744807782e-01 -7.921099396765186595e-01
3.339749998050430269e-01 -5.092791916079344450e-01 -7.931553470162010511e-01
3.263627584773435286e-01 -5.107178358604675950e-01 -7.953959026881265437e-01
3.350166871465469209e-01 -5.090794212678260156e-01 -7.928442231453591837e-01
3.504109861108128943e-01 -5.060449996951035256e-01 -7.881183915481417834e-01
3.567041162181131542e-01 -5.047598220561115845e-01 -7.861168459656218133e-01
3.352255871186278768e-01 -5.090392749768581915e-01 -7.927816990016897103e-01
2.753943663236271266e-01 -5.194095390676829460e-01 -8.089324284034514756e-01
2.898018764304746142e-01 -5.171161286552329317e-01 -8.053606533112979138e-01
2.578945068830061915e-01 -5.220255437754358629e-01 -8.130066143430394465e-01
2.424373098522287218e-01 -5.241835069696078042e-01 -8.163674428911638081e-01
2.210851735542526675e-01 -5.269322568935094209e-01 -8.206483672557928211e-01
1.989586702254286521e-01 -5.295005180717314852e-01 -8.246481970536873041e-01
1.893193960401881037e-01 -5.305312410467565298e-01 -8.262534529769705038e-01
1.764150446555705631e-01 -5.318281342870195827e-01 -8.282732445274089139e-01
1.550476923581805833e-01 -5.337684225482490774e-01 -8.312950644535048728e-01
7.133829654566536949e-02 -5.389257117798745833e-01 -8.393270665411178832e-01
4.917608220536610897e-02 -5.396486073835989883e-01 -8.404529097384773051e-01
7.293306871902814625e-02 -5.388633930427697560e-01 -8.392300108585601937e-01
7.517506999305414994e-02 -5.387734399718659972e-01 -8.390899172510783988e-01
6.210816331770940141e-02 -5.392592114542240633e-01 -8.398464615101198794e-01
2.355656299438855725e-02 -5.401523750409075175e-01 -8.412374813794011308e-01
-9.891850376241720713e-03 -5.402758712813139352e-01 -8.414298153781758494e-01
-7.271909907794010808e-02 -5.388718347575415235e-01 -8.392431580503552091e-01
-1.687237309693336573e-01 -5.325561981022265412e-01 -8.294071367372539694e-01
-1.693524628803686205e-01 -5.324979365497441997e-01 -8.293163997453674163e-01
-2.295723590332292285e-01 -5.258716939127785484e-01 -8.189966382771196596e-01
-3.935863336608654839e-01 -4.966932413160035087e-01 -7.735538908094252708e-01
-6.762151199163942694e-01 -3.980429902134968723e-01 -6.199152277032355940e-01
-8.680627269850169636e-01 -2.682355282219783255e-01 -4.177520836797969928e-01
-9.093293339855195168e-01 -2.248074225281885830e-01 -3.501168164051593479e-01
-9.022930481801385572e-01 -2.329368851579785571e-01 -3.627777043020876113e-01
-7.910601256766290890e-01 -3.305236714333892323e-01 -5.147601190716591946e-01
-8.488257987200912291e-01 -2.856430480472772482e-01 -4.448626895228009470e-01
-9.142926838813913992e-01 -2.188517070990364799e-01 -3.408413391899514089e-01
-9.352748896236585674e-01 -1.912249480781811894e-01 -2.978152112836919829e-01
-9.482027247016630023e-01 -1.716355917711249179e-01 -2.673065964500652703e-01
-9.374612820624869114e-01 -1.880735941306474479e-01 -2.929072683026811563e-01
-8.630281336990841545e-01 -2.729368746713947136e-01 -4.250739969563970821e-01
-8.226034298261192257e-01 -3.072242707425162922e-01 -4.784734524558639235e-01
-7.910164493005048536e-01 -3.305541851514543494e-01 -5.148076413718816191e-01
-7.792252731161684043e-01 -3.386311991650161057e-01 -5.273868453887486929e-01
-8.008496054965514865e-01 -3.235684206080950420e-01 -5.039279577094335494e-01
-8.521602115711760517e-01 -2.827299148374101123e-01 -4.403257533588050832e-01
-9.456953276229315142e-01 -1.756276288482681858e-01 -2.735238258311169512e-01
-9.581016956685551866e-01 -1.547578423930085489e-01 -2.410210591937974045e-01
-9.557771029557654563e-01 -1.588986087035851591e-01 -2.474699206318801692e-01
-9.511104325700066031e-01 -1.668729117167693232e-01 -2.598891617433520262e-01
-9.519209866404720888e-01 -1.655181833915200795e-01 -2.577792973848000990e-01
-9.319743191597736898e-01 -1.958727154737574250e-01 -3.050536801279615240e-01
-9.173993017318504695e-01 -2.150230227383168602e-01 -3.348785165913013007e-01
-8.966566471695279761e-01 -2.392062118429643947e-01 -3.725416021096696895e-01
-8.720813637412334618e-01 -2.644028251925956141e-01 -4.117830023755281177e-01
-9.111655005028136411e-01 -2.226264696675500920e-01 -3.467201835728928039e-01
-9.973179561383889169e-01 3.954516228739619887e-02 6.158794121912256059e-02
-8.845204034034995777e-01 2.520518398823162198e-01 3.925474824461998025e-01
-9.881337766283324608e-01 8.298811163375774402e-02 1.292463261129376539e-01
-9.996197088231989492e-01 1.489939555094954571e-02 2.320443372373770172e-02
-9.986686101219529599e-01 -2.787146790748372405e-02 -4.340723941658634899e-02
-9.280757801756728265e-01 -2.012039259082079867e-01 -3.133565484403356693e-01
-7.430404685525104913e-01 -3.615954208191668462e-01 -5.631515015836103810e-01
-6.174056968833401271e-01 -4.250260556909403742e-01 -6.619388623126751803e-01
-6.273782851973931374e-01 -4.207413144647633163e-01 -6.552657732288795778e-01
-7.188010960911601632e-01 -3.756266903688564862e-01 -5.850039091670121705e-01
-8.544640794502740277e-01 -2.806927092783132460e-01 -4.371529936843577824e-01
-8.887965162049222823e-01 -2.476216448190528829e-01 -3.856478624329454652e-01
-8.117036426421641027e-01 -3.155741048949383676e-01 -4.914775486644333835e-01
-6.736110604528614543e-01 -3.993298787487141177e-01 -6.219194378487528096e-01
-6.948742669186420695e-01 -3.885482720137021784e-01 -6.051280802354538357e-01
-9.175561892169349365e-01 -2.148275122744802146e-01 -3.345740270846712661e-01
-9.998202124950412717e-01 1.024500207012560282e-02 1.595564536311907741e-02
-9.788737664570723584e-01 1.104731925518448177e-01 1.720518034475315150e-01
-9.560318305819283102e-01 1.584506306738980297e-01 2.467722361879697845e-01
-9.299775763220154978e-01 1.986239077510765505e-01 3.093384082326693374e-01
-9.160458626471572607e-01 2.167009537959045107e-01 3.374917393818267497e-01
-9.136164469697024559e-01 2.196745775880916962e-01 3.421228840459966114e-01
-9.086666949500294965e-01 2.255882397600976474e-01 3.513328671936781777e-01
-8.993657238298389256e-01 2.362185954105568420e-01 3.678886651995321722e-01
-8.914938528923890271e-01 2.447746619295131376e-01 3.812139492888159120e-01
-8.814067090433106433e-01 2.552161927118109519e-01 3.974756699863884468e-01
-8.658601181165325178e-01 2.703057733843693411e-01 4.209762994876342090e-01
-8.201231626309941625e-01 3.091539720820667969e-01 4.814787842283567154e-01
-8.812872859884478549e-01 2.553365571307644188e-01 3.976631264622402240e-01
-9.947268715864109323e-01 5.541313408492003906e-02 8.630084307119231801e-02
-9.963880273424464695e-01 4.588085752344017720e-02 7.145520192079671262e-02
-9.984171305506126526e-01 3.038802264713457574e-02 4.732654120763549882e-02
-9.997550795097103205e-01 1.195742829911743479e-02 1.862259120005262114e-02
-9.999999891257211893e-01 7.968049991325294745e-05 1.240950260692643792e-04
-9.998618527553048141e-01 -8.980653345813710900e-03 -1.398653889321816411e-02
-9.992435136034248933e-01 -2.101213731245570038e-02 -3.272446496192800425e-02
-9.984555657714799803e-01 -3.001710319601173793e-02 -4.674886838923202753e-02
-9.986923930341429223e-01 -2.762157339827920124e-02 -4.301805177760237991e-02
-9.995570571302037077e-01 -1.607968657142644364e-02 -2.504262807636923813e-02
-9.997926290377117109e-01 -1.100280140256992834e-02 -1.713584789720619395e-02
-9.941505717735478198e-01 -5.835425151419524475e-02 -9.088136207466268601e-02
-9.914422104968750871e-01 -7.053448098725730031e-02 -1.098509455440788429e-01
-9.872805191590845464e-01 -8.590156999799393456e-02 -1.337837686748595267e-01
-9.908340323170570230e-01 -7.298666334794029487e-02 -1.136699932948690428e-01
-9.915633755290903517e-01 -7.003550196286609242e-02 -1.090738317570512095e-01
-9.833178650275005150e-01 -9.827856312301672115e-02 -1.530597933757706364e-01
-9.796167445882840719e-01 -1.085335862471386026e-01 -1.690310456057927124e-01
-9.467976297657931806e-01 1.738852387418478029e-01 2.708102140200155938e-01
-8.159485333719675992e-01 3.123620253764297083e-01 4.864750312101021601e-01
-8.038003193513747480e-01 3.214254042741069295e-01 5.005904075168189360e-01
-7.856535629684368027e-01 3.342670416508339848e-01 5.205900727645506043e-01
-7.880935812511938865e-01 3.325860269031692962e-01 5.179720474112788908e-01
-9.984703959643826954e-01 2.987274908269477169e-02 4.652405017806647558e-02
-1.915597073339646295e-01 -5.302964268675819381e-01 -8.258877515604654551e-01
-1.972652439025855131e-01 -5.296854485164398385e-01 -8.249362091567998823e-01
-1.939462050710283880e-01 -5.300431352914809491e-01 -8.254932733032557257e-01
-1.937515585267091112e-01 -5.300639161704202573e-01 -8.255256376046408162e-01
-1.876004716500252745e-01 -5.307094647839190049e-01 -8.265310200019442277e-01
-1.749864096657533785e-01 -5.319658999316368986e-01 -8.284878018065280347e-01
-1.065833684586400959e-01 -5.372246192654753782e-01 -8.366777719188401852e-01
-1.069416623287499229e-01 -5.372038326246026951e-01 -8.366453986437752954e-01
-1.042717965423174548e-01 -5.373570308172112009e-01 -8.368839906923469796e-01
-1.110146165851877975e-01 -5.369625750304432010e-01 -8.362696622029998084e-01
-1.105353853221974075e-01 -5.369914355973535169e-01 -8.363146098728437838e-01
-4.180968474602134166e-02 -5.398298616615819778e-01 -8.407351965511349334e-01
-4.147971668728025335e-02 -5.398372926296538532e-01 -8.407467695982117073e-01
4.267045739849334440e-02 -5.398101992063182308e-01 -8.407045740914215193e-01
7.307039260895632771e-02 -5.388579620852936847e-01 -8.392215526434346762e-01
1.193466590592920373e-01 -5.364405735591150082e-01 -8.354566930792719504e-01
6.407166635441750857e-02 -5.391921466603049051e-01 -8.397420142820176681e-01
2.175135887964737072e-02 -5.401744763973695962e-01 -8.412719022026804438e-01
-1.196300402718546707e-01 -5.364221464969859410e-01 -8.354279946303694304e-01
-1.542913078241776592e-01 -5.338324022275728886e-01 -8.313947069003047030e-01
-4.083680603726373981e-01 -4.931973228315589264e-01 -7.681093203569874239e-01
-4.423777386148753377e-01 -4.845586806185335216e-01 -7.546554322438916440e-01
-4.205970157741812376e-01 -4.901879531861272343e-01 -7.634225048248500789e-01
-4.332239886648694971e-01 -4.869670604655754742e-01 -7.584062616215780928e-01
-4.388323724681419402e-01 -4.854988729516436230e-01 -7.561196950461386290e-01
-3.727548608549806075e-01 -5.013626397315310568e-01 -7.808260479712590962e-01
-3.629519805763386509e-01 -5.034579272192675203e-01 -7.840892648900326112e-01
-3.432426691232381422e-01 -5.074771884591816606e-01 -7.903488933924810445e-01
-3.254168444132067295e-01 -5.108940091932945293e-01 -7.956702763975493919e-01
-3.203383975648993465e-01 -5.118300914286623149e-01 -7.971281381018233692e-01
-3.265205336156178362e-01 -5.106883950837649566e-01 -7.953500513950699791e-01
-3.166557399615886337e-01 -5.124986370769250010e-01 -7.981693362587121143e-01
-2.816953990955188281e-01 -5.184221606534967774e-01 -8.073946776340406029e-01
-4.134213613209045679e-01 -4.919667685431952653e-01 -7.661928456026826373e-01
-4.568246462542656650e-01 -4.806295726716313110e-01 -7.485362091763831938e-01
-4.355683039998017314e-01 -4.863561908391461630e-01 -7.574548885466199089e-01
-4.652092972809535598e-01 -4.782759886568395125e-01 -7.448707192511221375e-01
-6.046610269292853612e-01 -4.303415584848195863e-01 -6.702172674242873329e-01
-7.706820157731429921e-01 -3.442913938673893837e-01 -5.362020763412755908e-01
-8.057242015506117516e-01 -3.200161393854525915e-01 -4.983956074931437108e-01
-8.848529487028152785e-01 -2.517108685062525719e-01 -3.920164509912321127e-01
-9.211000278831146248e-01 -2.103537385582208430e-01 -3.276065373406108483e-01
-9.609133946246447566e-01 -1.495822303903891759e-01 -2.329605210811013516e-01
-9.803460915984045787e-01 -1.065937724658240909e-01 -1.660099646383814409e-01
-9.821435660677086954e-01 -1.016486792681755708e-01 -1.583084382932252454e-01
-9.663742554142109586e-01 -1.389331446384799718e-01 -2.163755526705654630e-01
-9.320398409717043364e-01 -1.957816810302014654e-01 -3.049119023823578800e-01
-8.961937784380376026e-01 -2.397120529786550547e-01 -3.733294030018425302e-01
-8.647325703861798996e-01 -2.713574303617048433e-01 -4.226141581878238296e-01
-8.702580850924384048e-01 -2.661507799520969608e-01 -4.145052806203228246e-01
-8.275975039066824079e-01 -3.032835631587359471e-01 -4.723361640242782489e-01
-7.799358952290933455e-01 -3.381532816158722143e-01 -5.266425329059638560e-01
-7.837058131008268758e-01 -3.355991549659895767e-01 -5.226647163316896494e-01
-7.811329668732261977e-01 -3.373456912048604650e-01 -5.253847853614970198e-01
-7.735927592411426801e-01 -3.423804280224704288e-01 -5.332259233728471326e-01
-7.804187991574244032e-01 -3.378278774408582374e-01 -5.261357459301622130e-01
-7.759318506499999213e-01 -3.408317407793354237e-01 -5.308139858973142111e-01
-7.472582983301417903e-01 -3.590490892748454677e-01 -5.591858251669518109e-01
-6.773115464575740763e-01 -3.974984158283807467e-01 -6.190671033492065600e-01
-5.854120822894084419e-01 -4.380424743409927490e-01 -6.822107332656087708e-01
-5.630979514471080583e-01 -4.465005091684075555e-01 -6.953833420412248723e-01
-5.476887019134566437e-01 -4.520613161267618696e-01 -7.040437857534805888e-01
-2.536430751837854269e-01 -5.226332755165735700e-01 -8.139531004512053913e-01
-9.891020458691254791e-02 -5.376528594282042883e-01 -8.373447164562816125e-01
-5.699788704184807764e-02 -5.394239358608056145e-01 -8.401030045733691720e-01
7.494838561996557992e-03 -5.402871305610045249e-01 -8.414473506673401104e-01
5.782009260554654001e-02 -5.393983903831097715e-01 -8.400632198490756153e-01
1.062685719077108987e-01 -5.372428241513252933e-01 -8.367061243486890731e-01
2.570725317346050365e-01 -5.221438862883902576e-01 -8.131909218868698108e-01
2.368674116823313025e-01 -5.249263749281705138e-01 -8.175243911882280612e-01
1.980294483587738130e-01 -5.296021973583706632e-01 -8.248065531601365130e-01
2.407254368533525146e-01 -5.244137730129638797e-01 -8.167260610058123538e-01
1.861341247430059465e-01 -5.308601689244545341e-01 -8.267657277945517080e-01
4.611198330488880393e-02 -5.397275737402591478e-01 -8.405758925523278968e-01
-5.041963644089858532e-02 -5.396151068698878950e-01 -8.404007357796440258e-01
-1.719006971372311343e-01 -5.322595185808391971e-01 -8.289450857588982480e-01
-6.279631365734299475e-01 -4.204865332662292010e-01 -6.548689750221856620e-01
-6.914521222480385365e-01 -3.903264281812998671e-01 -6.078973943865132457e-01
-8.101180271392601773e-01 -3.167613137189776995e-01 -4.933265168577705695e-01
-9.479158714271862518e-01 -1.720975232699601398e-01 -2.680260121346126345e-01
-9.793469122985447584e-01 -1.092421589721775665e-01 -1.701345822412481668e-01
-9.999073484594869221e-01 7.354752819752796884e-03 1.145434885441042744e-02
-9.816151368356156315e-01 1.031280194770621550e-01 1.606123741619377709e-01
-9.612660660076590702e-01 1.489192643465473143e-01 2.319280126432381184e-01
-9.276110484363631059e-01 2.018285814321432170e-01 3.143293917785607849e-01
-9.109745297497587879e-01 2.228545002493200478e-01 3.470753201623987816e-01
-9.374810286345535149e-01 1.880448579777294071e-01 2.928625143961497979e-01
-9.440527210301100647e-01 1.781887678741156389e-01 2.775125635338869245e-01
-9.557437662264169909e-01 1.589571342682259691e-01 2.475610687983415825e-01
-9.616812927206684902e-01 1.481345869625936840e-01 2.307059500241067651e-01
-9.668073416108486917e-01 1.380507433590037747e-01 2.150012941016639090e-01
-9.667450075786238051e-01 1.381781188125370541e-01 2.151996696169280465e-01
-9.672531437745088834e-01 1.371360864466530383e-01 2.135768003609598564e-01
-9.723416408282243850e-01 1.261946951787450144e-01 1.965365930818482043e-01
-9.681823102481289522e-01 1.352084407506248809e-01 2.105746700635678370e-01
-9.218213134786069629e-01 2.094293325064884581e-01 3.261668602149250806e-01
-9.181839821997411777e-01 2.140430445518831382e-01 3.333522909937561285e-01
-9.145783090557479955e-01 2.185030332642617645e-01 3.402983118662882278e-01
-9.116129337127072407e-01 2.220911028511005081e-01 3.458863991574303021e-01
-9.332704207759938697e-01 1.940628107503436228e-01 3.022349205308275111e-01
-9.770021721964490258e-01 1.152083092582444901e-01 1.794263107832208270e-01
-9.939025313746233659e-01 5.957493408729549328e-02 9.278246254336064425e-02
-9.981704173543471947e-01 3.266849290073278039e-02 5.087816319643505975e-02
-9.992940237924654578e-01 -2.029879171726470255e-02 -3.161349502162899561e-02
-9.880385478244100295e-01 -8.331844877268496097e-02 -1.297607957248433086e-01
-9.425640024810980622e-01 -1.804748017141457328e-01 -2.810728502951723162e-01
-8.219513294826111816e-01 -3.077333568167165967e-01 -4.792663070403376802e-01
-8.169936902879700868e-01 -3.115634917446974961e-01 -4.852313887636456879e-01
-8.076919632184479392e-01 -3.185647745117745622e-01 -4.961352406275847948e-01
-8.045958112057378653e-01 -3.208438566826374294e-01 -4.996847008056098383e-01
-8.103287909001166689e-01 -3.166038972527926987e-01 -4.930813552373463082e-01
-7.986929361459000898e-01 -3.251208658058353240e-01 -5.063457478524976407e-01
-6.985913898255582399e-01 -3.865975588377682515e-01 -6.020900244666681500e-01
-7.822006562819878717e-01 -3.366227038294039020e-01 -5.242587992381328998e-01
-8.933074928005810822e-01 -2.428367200150498006e-01 -3.781957835812982394e-01
-9.906271473049765852e-01 -7.380192300365728819e-02 -1.149396849802821891e-01
-9.632393813693866935e-01 1.451492697579597202e-01 2.260565939490646048e-01
-9.993862530507079400e-01 -1.892691558195565976e-02 -2.947692453122897557e-02
-9.458548303416595138e-01 -1.753767020074264993e-01 -2.731330304308668411e-01
-9.431831160250401247e-01 -1.795280820016011136e-01 -2.795984217017722373e-01
-9.404044316816971838e-01 -1.837341703936298531e-01 -2.861490162540991089e-01
-9.055601983377026265e-01 -2.292058462007043329e-01 -3.569669554090403318e-01
-8.417497528650716987e-01 -2.916918732864306474e-01 -4.542831766753460121e-01
-8.076399062472142676e-01 -3.186033010770115692e-01 -4.961952421978893524e-01
-8.177020762237267038e-01 -3.110205133476383055e-01 -4.843857500137450089e-01
-7.263773597784914937e-01 -3.713476684798400762e-01 -5.783397274230904772e-01
-7.142971733728508132e-01 -3.781265254907692497e-01 -5.888971716962427827e-01
-7.081980416019887370e-01 -3.814609025124524044e-01 -5.940901562267237868e-01
-7.048248386078105332e-01 -3.832803971022092360e-01 -5.969238511557790616e-01
-6.401010798671860069e-01 -4.151092395460374007e-01 -6.464943362446208264e-01
-6.029542243677661340e-01 -4.310400962638100686e-01 -6.713051755572504442e-01
-6.413213435341141855e-01 -4.145590464299400146e-01 -6.456374612355587628e-01
-5.190073661235570235e-01 -4.618340758854304617e-01 -7.192639572928276603e-01
-3.966203419905338645e-01 -4.959881892213808263e-01 -7.724558372309757726e-01
-3.414298028244611150e-01 -5.078340691762019965e-01 -7.909047021779488373e-01
-2.467430512170325219e-01 -5.235966660101767367e-01 -8.154534922478020587e-01
-1.982975502421195635e-01 -5.295729114028039364e-01 -8.247609429867129860e-01
-1.306247027680828010e-01 -5.356729347843799394e-01 -8.342611665217549710e-01
-1.306196606505390934e-01 -5.356732937093656721e-01 -8.342617255143003341e-01
-1.360708821534754587e-01 -5.352770104118415029e-01 -8.336445508455845310e-01
-1.340411369789787921e-01 -5.354264927372610616e-01 -8.338773557738922149e-01
-1.183432150072531719e-01 -5.365054668209229272e-01 -8.355577583464894875e-01
-1.085008295973746983e-01 -5.371125547509645326e-01 -8.365032417782812812e-01
-1.037368607667175646e-01 -5.373872547901502594e-01 -8.369310617412719644e-01
-1.056735887217215425e-01 -5.372770836675581085e-01 -8.367594803839131234e-01
-1.110606529692683142e-01 -5.369597959433622947e-01 -8.362653340313124239e-01
-1.264976192718997028e-01 -5.359620093036352451e-01 -8.347113734110439554e-01
-1.974732391832757505e-01 -5.296628230350258759e-01 -8.249009720572715310e-01
-2.156855077796285269e-01 -5.275851472400363562e-01 -8.216651837248265533e-01
-2.292399147181579944e-01 -5.259140289853575512e-01 -8.190625712461778729e-01
-2.455310732543597441e-01 -5.237629611453819001e-01 -8.157124815759431158e-01
-2.527358790275457401e-01 -5.227615588218567089e-01 -8.141528898617975685e-01
-2.441011022675019237e-01 -5.239580467235726013e-01 -8.160163093623860053e-01
-2.708710161047956921e-01 -5.201034562043338472e-01 -8.100131403123420615e-01
-3.494893645261435977e-01 -5.062310213661065372e-01 -7.884081031355149038e-01
-4.822059208154015342e-01 -4.733361052258193702e-01 -7.371773066367567351e-01
-5.582723950870465135e-01 -4.482659793692863048e-01 -6.981328989697213050e-01
-6.485767628565504150e-01 -4.112506955616320181e-01 -6.404850100373871147e-01
-6.102648779466659512e-01 -4.280261017623055442e-01 -6.666111572385398087e-01
-4.941390306696166190e-01 -4.697295829286001201e-01 -7.315604809519272722e-01
-5.858405419213140730e-01 -4.378752225302022238e-01 -6.819502540035211613e-01
-8.007194273824753683e-01 -3.236624574535731935e-01 -5.040744114189834590e-01
