6.785395145416259766e+00
1.515690422058105469e+01
1.997773551940917969e+01
2.332627487182617188e+01
3.233457183837890625e+01
2.407040786743164062e+01
2.241543579101562500e+01
1.461088466644287109e+01
3.178360366821289062e+01
2.653364944458007812e+01
1.858768653869628906e+01
1.605124664306640625e+01
3.040941429138183594e+01
2.997209548950195312e+01
1.785716247558593750e+01
3.008812904357910156e+01
2.702037048339843750e+01
2.555427360534667969e+01
2.822482681274414062e+01
2.465147399902343750e+01
3.063339996337890625e+01
2.241149520874023438e+01
2.701844406127929688e+01
3.012222480773925781e+01
2.685841751098632812e+01
2.566036224365234375e+01
2.028701972961425781e+01
2.631551551818847656e+01
2.833152008056640625e+01
2.680255126953125000e+01
2.494503021240234375e+01
2.150141143798828125e+01
2.490004539489746094e+01
1.750323867797851562e+01
2.316012763977050781e+01
2.594652748107910156e+01
2.104373359680175781e+01
2.137728691101074219e+01
2.057547950744628906e+01
1.791943359375000000e+01
1.780981636047363281e+01
1.699910736083984375e+01
1.645302772521972656e+01
2.044697761535644531e+01
3.336353302001953125e+01
3.192206382751464844e+01
3.573216629028320312e+01
3.283270645141601562e+01
1.083918285369873047e+01
3.684835815429687500e+01
3.235959243774414062e+01
2.457653999328613281e+01
3.649640274047851562e+01
2.392602539062500000e+01
1.955795669555664062e+01
2.802662658691406250e+01
3.388781738281250000e+01
2.790069389343261719e+01
3.485738754272460938e+01
2.447298622131347656e+01
2.743923759460449219e+01
2.441605758666992188e+01
2.388838386535644531e+01
3.176200103759765625e+01
2.550277137756347656e+01
2.130213165283203125e+01
2.296888923645019531e+01
2.338566017150878906e+01
3.186877441406250000e+01
2.552910041809082031e+01
1.649224281311035156e+01
1.663565826416015625e+01
2.952447128295898438e+01
2.784550857543945312e+01
2.489605712890625000e+01
1.614724731445312500e+01
1.837949943542480469e+01
2.401122093200683594e+01
2.290008735656738281e+01
1.567102718353271484e+01
1.803218078613281250e+01
2.122120666503906250e+01
1.857540321350097656e+01
3.262871932983398438e+01
1.714686775207519531e+01
2.797737121582031250e+01
3.469359207153320312e+01
3.057977485656738281e+01
2.565077018737792969e+01
3.762848663330078125e+01
3.578181076049804688e+01
3.381938934326171875e+01
2.644536972045898438e+01
3.611722564697265625e+01
3.495107650756835938e+01
3.041630363464355469e+01
3.551007843017578125e+01
3.713058471679687500e+01
3.132651710510253906e+01
2.656693458557128906e+01
3.815846252441406250e+01
3.187028121948242188e+01
3.534989929199218750e+01
3.303886795043945312e+01
3.037764739990234375e+01
3.063430595397949219e+01
3.792855072021484375e+01
3.017216873168945312e+01
3.105209922790527344e+01
3.142494392395019531e+01
3.861041641235351562e+01
2.923460197448730469e+01
2.203152084350585938e+01
3.055699348449707031e+01
3.457442474365234375e+01
2.210719299316406250e+01
2.585648727416992188e+01
2.602878379821777344e+01
3.164908981323242188e+01
2.386053085327148438e+01
2.336438369750976562e+01
3.022097396850585938e+01
3.376003646850585938e+01
2.986825180053710938e+01
2.698533439636230469e+01
3.603110885620117188e+01
3.272237396240234375e+01
3.788854217529296875e+01
2.948878860473632812e+01
3.471684265136718750e+01
2.444386863708496094e+01
3.558930969238281250e+01
3.121542930603027344e+01
3.945650863647460938e+01
3.901177597045898438e+01
3.883278274536132812e+01
3.520982360839843750e+01
3.427611541748046875e+01
3.813049697875976562e+01
3.868171691894531250e+01
4.194957351684570312e+01
3.803501129150390625e+01
3.361507415771484375e+01
3.720020294189453125e+01
3.871088790893554688e+01
3.899380493164062500e+01
3.780325698852539062e+01
3.479936218261718750e+01
3.359646987915039062e+01
3.884244918823242188e+01
3.515705871582031250e+01
3.824298858642578125e+01
3.221784973144531250e+01
3.286455917358398438e+01
4.045685577392578125e+01
3.899563217163085938e+01
3.270523071289062500e+01
3.943366241455078125e+01
3.153243637084960938e+01
2.956825447082519531e+01
2.690398788452148438e+01
3.762273406982421875e+01
3.723075485229492188e+01
2.885931587219238281e+01
3.576918411254882812e+01
2.390119361877441406e+01
3.268438720703125000e+01
3.164376449584960938e+01
1.996859741210937500e+01
2.816470336914062500e+01
1.970300865173339844e+01
7.759270191192626953e+00
2.591487693786621094e+01
2.629095649719238281e+01
2.875625991821289062e+01
3.380203628540039062e+01
3.369251251220703125e+01
3.486459350585937500e+01
3.797039413452148438e+01
3.245282745361328125e+01
3.344517517089843750e+01
3.111923217773437500e+01
3.718767547607421875e+01
3.937648391723632812e+01
2.884342765808105469e+01
3.209918594360351562e+01
3.590299224853515625e+01
4.025651168823242188e+01
2.682812118530273438e+01
3.010125160217285156e+01
1.912775039672851562e+01
2.104881858825683594e+01
3.293563461303710938e+01
3.683797454833984375e+01
3.428195953369140625e+01
3.205180358886718750e+01
3.679968261718750000e+01
