2.500000000000000000e-01 1.384648563077381711e+00 2.500000000000000000e-01 7.365741341633651462e-01 4.333533825142251716e-01 2.500000000000000000e-01 6.248655189785229380e-01 2.500000000000000000e-01 2.500000000000000000e-01 5.098683786936013540e-01 2.500000000000000000e-01 2.500000000000000000e-01 2.500000000000000000e-01 2.500000000000000000e-01 3.059039193835503267e-01
2.500000000000000000e-01 2.500000000000000000e-01 2.500000000000000000e-01 8.958139379834482163e-01 6.037485032496704429e-01 5.977022969511730510e-01 2.500000000000000000e-01 4.575239252830290981e-01 2.500000000000000000e-01 2.500000000000000000e-01 5.853146749820061778e-01 2.500000000000000000e-01 2.500000000000000000e-01 2.500000000000000000e-01 2.500000000000000000e-01
6.282195935494855332e-01 6.148696551441520386e-01 8.420056871539283172e-01 1.197274657753181204e+00 5.550578081016025456e-01 6.956360698430249512e-01 1.039032530490839878e+00 2.500000000000000000e-01 2.500000000000000000e-01 3.838281090310211030e-01 2.500000000000000000e-01 2.500000000000000000e-01 3.753972247880401625e-01 2.500000000000000000e-01 2.500000000000000000e-01
2.969645353752961014e-01 9.544251135624309823e-01 1.347214881823276533e+00 1.175590039023013622e+00 1.033759393436582741e+00 7.816332011736407681e-01 1.096063448226202386e+00 5.838664359845366914e-01 2.500000000000000000e-01 6.765312363151204655e-01 9.561125392074137919e-01 4.359475929470700284e-01 2.500000000000000000e-01 2.500000000000000000e-01 2.500000000000000000e-01
2.500000000000000000e-01 1.710608187984719253e+00 1.454684276407702814e+00 1.195518903556332058e+00 6.035013135989965027e-01 6.847487811111824252e-01 8.460435526566969511e-01 1.002684125914778734e+00 7.473249705904931872e-01 6.391440042138882838e-01 1.080686791097492661e+00 7.438027421902507763e-01 4.879854885935492326e-01 5.004268626145150778e-01 2.500000000000000000e-01
6.219817333462822617e-01 2.461248353205229833e+00 1.947305171385189215e+00 1.117077672870631089e+00 7.103443043668770107e-01 8.327623174835857567e-01 9.884905234921688155e-01 9.816494164356548424e-01 7.317265598653222014e-01 6.519989204317303555e-01 2.500000000000000000e-01 4.261428208496115810e-01 2.787484531258013210e-01 2.500000000000000000e-01 5.494057262093611227e-01
6.646008416623908621e-01 1.894353122182231841e+00 3.740096185507863158e+00 1.979154500999370070e+00 1.134266278056463184e+00 9.135390418032443005e-01 9.736865745750042933e-01 9.599886715841468021e-01 1.030906183943805843e+00 6.301054725779076104e-01 7.096094674536888025e-01 7.409679076136538312e-01 7.505769731421230162e-01 2.658741261224689456e+00 2.500000000000000000e-01
4.664972941459169520e-01 1.913963423921674734e+00 4.183500058658436771e+00 1.309612708085913457e+00 1.121224390950402494e+00 7.921884071345582923e-01 9.454993233401087771e-01 1.100685504236844192e+00 1.103090678472501640e+00 2.041603375816144206e-01 9.907245693748837345e-01 9.416001065770153167e-01 2.500000000000000000e-01 2.500000000000000000e-01 5.169843875639696940e-01
4.486349420424645684e-01 6.003501161402605701e-01 2.417366526413416761e+00 2.630935058637094759e+00 1.447089617987751486e+00 1.290519679122349661e+00 1.202897504884937740e+00 9.566995786143993596e-01 1.401973367670496629e+00 6.792535258688712219e-01 7.147177830066880899e-01 1.205373491674511133e+00 2.500000000000000000e-01 2.500000000000000000e-01 2.500000000000000000e-01
6.208419411739019012e-01 2.692319597115522711e+00 2.897717924805996326e+00 6.667386480316759290e+00 2.474949091198844098e+00 1.398596858998223169e+00 6.898461218514910787e-01 6.714781418335740160e-01 7.162792883680902944e-01 1.380887483617935896e+00 2.825327063445926434e+00 2.500000000000000000e-01 2.500000000000000000e-01 6.935586938743572016e-01 5.058419213977705109e-01
8.660328153301986021e-01 3.326674142737369611e+00 6.701448418948459107e+00 2.065884546534009658e+00 1.445347102187402255e+00 1.288863402016600324e+00 7.713476319552018401e-01 1.165197875549971673e+00 5.365541601247201253e-01 4.357439151776030251e-01 2.500000000000000000e-01 7.438603953832825244e-01 4.879092428096381551e-01 2.500000000000000000e-01 2.500000000000000000e-01
7.064643872254349199e-01 5.443080541750907386e+00 2.265685978881490481e+00 1.119819472312297171e+00 1.493515805904931382e+00 1.105256589292855196e+00 9.391954962182348376e-01 2.897305429674278399e-01 4.618083990765430857e-01 5.598512994990728631e-01 2.500000000000000000e-01 5.441082572049276145e-01 2.500000000000000000e-01 2.500000000000000000e-01 2.500000000000000000e-01
7.208056657202017714e-01 9.779911170910757789e-01 1.477302587216972274e+00 1.988802741831655396e+00 1.465637076004140393e+00 2.157923726291814948e+00 8.112756893939027103e-01 3.327642120576487783e-01 5.888684773319305954e-01 2.500000000000000000e-01 2.500000000000000000e-01 2.764725799372896198e+00 2.500000000000000000e-01 2.500000000000000000e-01 5.833220121213563703e-01
7.470626735446858069e-01 9.791178019533742782e-01 7.770686384058019813e-01 2.454931659989590287e+00 6.111250099703240402e-01 2.500000000000000000e-01 9.618052413670037382e-01 2.500000000000000000e-01 2.500000000000000000e-01 2.500000000000000000e-01 2.500000000000000000e-01 2.500000000000000000e-01 2.500000000000000000e-01 2.500000000000000000e-01 2.500000000000000000e-01
8.057285747773793583e-01 2.500000000000000000e-01 8.062708387356416484e-01 3.075804286811899546e-01 2.500000000000000000e-01 4.787512424832549018e-01 2.500000000000000000e-01 2.500000000000000000e-01 2.500000000000000000e-01 2.500000000000000000e-01 2.500000000000000000e-01 2.500000000000000000e-01 2.500000000000000000e-01 2.500000000000000000e-01 2.500000000000000000e-01
3.183700784470039902e-01 1.389616039138089176e+00 5.955823064688144930e-01 4.580658675125300339e-01 2.500000000000000000e-01 2.500000000000000000e-01 2.500000000000000000e-01 2.500000000000000000e-01 2.500000000000000000e-01 2.500000000000000000e-01 2.500000000000000000e-01 2.500000000000000000e-01 2.500000000000000000e-01 2.500000000000000000e-01 2.500000000000000000e-01
3.252980039022896341e-01 1.087976293234465430e+00 2.500000000000000000e-01 2.500000000000000000e-01 2.500000000000000000e-01 2.500000000000000000e-01 2.500000000000000000e-01 2.500000000000000000e-01 2.500000000000000000e-01 2.500000000000000000e-01 2.500000000000000000e-01 2.500000000000000000e-01 2.500000000000000000e-01 2.500000000000000000e-01 2.500000000000000000e-01
8.367961394572099865e-01 2.500000000000000000e-01 2.500000000000000000e-01 2.500000000000000000e-01 2.500000000000000000e-01 2.500000000000000000e-01 2.500000000000000000e-01 2.500000000000000000e-01 2.500000000000000000e-01 2.500000000000000000e-01 2.500000000000000000e-01 2.500000000000000000e-01 2.500000000000000000e-01 2.500000000000000000e-01 2.500000000000000000e-01
3.514902314457182264e-01 2.500000000000000000e-01 2.500000000000000000e-01 2.500000000000000000e-01 2.500000000000000000e-01 2.500000000000000000e-01 2.500000000000000000e-01 2.500000000000000000e-01 2.500000000000000000e-01 2.500000000000000000e-01 2.500000000000000000e-01 2.500000000000000000e-01 2.500000000000000000e-01 2.500000000000000000e-01 2.500000000000000000e-01
3.942356684519781052e-01 8.740945693432463637e-01 2.500000000000000000e-01 4.815871098493204050e-01 2.500000000000000000e-01 2.500000000000000000e-01 2.500000000000000000e-01 2.500000000000000000e-01 2.500000000000000000e-01 2.500000000000000000e-01 2.500000000000000000e-01 2.500000000000000000e-01 2.500000000000000000e-01 2.500000000000000000e-01 2.500000000000000000e-01
3.830951775477109411e-01 4.450840069847540326e-01 4.838565668262306274e-01 5.448280195275762017e-01 4.845386865776457608e-01 2.500000000000000000e-01 2.500000000000000000e-01 2.500000000000000000e-01 2.500000000000000000e-01 2.500000000000000000e-01 2.500000000000000000e-01 2.500000000000000000e-01 2.500000000000000000e-01 2.500000000000000000e-01 2.500000000000000000e-01
4.494913180882231796e-01 4.522387015102385943e-01 5.094266134472270613e-01 4.763758963314765893e-01 6.747663357589511746e-01 5.225551310717058140e-01 2.500000000000000000e-01 2.500000000000000000e-01 2.500000000000000000e-01 2.500000000000000000e-01 2.500000000000000000e-01 2.500000000000000000e-01 2.500000000000000000e-01 2.500000000000000000e-01 2.500000000000000000e-01
3.440977272916574958e-01 3.433221389808113200e-01 3.903049735212580362e-01 3.905353945178150488e-01 2.500000000000000000e-01 7.915656003280850950e-01 7.300313120158765656e-01 6.258219789132478672e-01 2.500000000000000000e-01 2.500000000000000000e-01 2.500000000000000000e-01 2.500000000000000000e-01 2.500000000000000000e-01 2.500000000000000000e-01 3.726453562074129588e-01
3.301283700869156457e-01 4.339000060271114845e-01 2.500000000000000000e-01 4.594112048124570080e-01 2.500000000000000000e-01 2.500000000000000000e-01 6.635179846857864883e-01 2.500000000000000000e-01 2.500000000000000000e-01 2.500000000000000000e-01 2.500000000000000000e-01 2.500000000000000000e-01 2.500000000000000000e-01 2.500000000000000000e-01 2.500000000000000000e-01
2.500000000000000000e-01 2.500000000000000000e-01 3.714230861196425315e-01 2.500000000000000000e-01 2.500000000000000000e-01 2.500000000000000000e-01 2.500000000000000000e-01 2.500000000000000000e-01 2.500000000000000000e-01 2.500000000000000000e-01 2.500000000000000000e-01 2.500000000000000000e-01 2.500000000000000000e-01 2.500000000000000000e-01 2.500000000000000000e-01
3.182257857304688908e-01 8.539889153830985125e-01 2.500000000000000000e-01 2.500000000000000000e-01 2.500000000000000000e-01 2.500000000000000000e-01 2.500000000000000000e-01 2.500000000000000000e-01 2.500000000000000000e-01 2.500000000000000000e-01 2.500000000000000000e-01 2.500000000000000000e-01 2.500000000000000000e-01 2.500000000000000000e-01 2.500000000000000000e-01
2.500000000000000000e-01 2.500000000000000000e-01 2.500000000000000000e-01 2.500000000000000000e-01 2.500000000000000000e-01 2.500000000000000000e-01 2.500000000000000000e-01 2.500000000000000000e-01 2.500000000000000000e-01 2.500000000000000000e-01 2.500000000000000000e-01 2.500000000000000000e-01 2.500000000000000000e-01 2.500000000000000000e-01 2.500000000000000000e-01
1.035920809576999169e+00 2.500000000000000000e-01 2.500000000000000000e-01 2.500000000000000000e-01 2.500000000000000000e-01 2.500000000000000000e-01 2.500000000000000000e-01 2.500000000000000000e-01 2.500000000000000000e-01 2.500000000000000000e-01 2.500000000000000000e-01 2.500000000000000000e-01 2.500000000000000000e-01 2.500000000000000000e-01 2.500000000000000000e-01
2.500000000000000000e-01 2.500000000000000000e-01 2.500000000000000000e-01 2.500000000000000000e-01 2.500000000000000000e-01 2.500000000000000000e-01 2.500000000000000000e-01 2.500000000000000000e-01 2.500000000000000000e-01 2.500000000000000000e-01 2.500000000000000000e-01 2.500000000000000000e-01 2.500000000000000000e-01 2.500000000000000000e-01 2.500000000000000000e-01
2.500000000000000000e-01 2.500000000000000000e-01 2.500000000000000000e-01 1.329839102632351944e+00 2.500000000000000000e-01 2.500000000000000000e-01 3.375439080520080126e-01 2.500000000000000000e-01 2.500000000000000000e-01 2.500000000000000000e-01 2.500000000000000000e-01 2.500000000000000000e-01 2.500000000000000000e-01 2.500000000000000000e-01 2.500000000000000000e-01
