2.500000000000000000e-01 2.500000000000000000e-01 1.116685661386121797e+00 2.500000000000000000e-01 2.992530701526384118e-01 2.500000000000000000e-01 2.500000000000000000e-01 2.500000000000000000e-01 2.500000000000000000e-01 2.500000000000000000e-01 2.500000000000000000e-01 2.500000000000000000e-01 2.500000000000000000e-01 2.500000000000000000e-01 2.500000000000000000e-01
2.500000000000000000e-01 2.500000000000000000e-01 2.500000000000000000e-01 2.500000000000000000e-01 6.093365087868898300e-01 3.536292216135059618e+00 2.500000000000000000e-01 2.500000000000000000e-01 2.500000000000000000e-01 2.500000000000000000e-01 2.500000000000000000e-01 2.500000000000000000e-01 2.500000000000000000e-01 2.500000000000000000e-01 2.500000000000000000e-01
2.500000000000000000e-01 2.500000000000000000e-01 2.500000000000000000e-01 5.928690402631531242e-01 2.500000000000000000e-01 2.781357740062256223e+00 2.500000000000000000e-01 1.962768271035562506e+00 2.500000000000000000e-01 2.500000000000000000e-01 2.247088975769865604e-01 2.500000000000000000e-01 4.339521643837148668e-01 2.500000000000000000e-01 2.500000000000000000e-01
2.500000000000000000e-01 2.940907018972732656e-01 2.500000000000000000e-01 2.500000000000000000e-01 2.500000000000000000e-01 2.500000000000000000e-01 2.500000000000000000e-01 2.067789139608948279e+00 2.560240408372018717e+00 2.751144042384529698e+00 2.500000000000000000e-01 2.500000000000000000e-01 2.500000000000000000e-01 2.500000000000000000e-01 2.500000000000000000e-01
2.500000000000000000e-01 4.838925637255018231e-01 4.550975057854333428e-01 4.734833202191379153e-01 3.108528420389305769e+00 2.755429401906372533e+00 2.210469694861573853e+00 2.102404621541969387e+00 3.497878734905472964e+00 2.384520490435492857e+00 2.937398576971176345e-01 2.500000000000000000e-01 6.407985772143116598e-01 2.500000000000000000e-01 2.500000000000000000e-01
2.500000000000000000e-01 2.500000000000000000e-01 1.332348555200131734e+00 9.341262305930960963e+00 1.063411973221897711e+01 3.602664060224083920e-01 5.463934241424347471e-01 2.141299190583131562e+00 1.677241843815475253e+00 2.879229254727946330e-01 2.939346783433642862e-01 3.862725920107988320e-01 2.500000000000000000e-01 2.500000000000000000e-01 2.500000000000000000e-01
2.500000000000000000e-01 5.033157501817754564e+00 1.029917278544684933e+01 1.027915931012024231e+01 1.090303723649250323e+01 8.383079555823765849e-01 3.945532673225402132e+00 2.500000000000000000e-01 8.817490622626010799e-01 4.191313572411669020e-01 1.047292069236902456e+01 2.500000000000000000e-01 6.126790209601300496e-01 3.057588280963236538e-01 2.500000000000000000e-01
2.500000000000000000e-01 1.262796893427684530e+01 1.058854426700257179e+01 9.830130901432939439e+00 7.556904639138593893e+00 4.279294047607770657e-01 2.500000000000000000e-01 6.018224198110083023e+00 1.918831337856476749e+00 1.194531919216250060e+01 6.342504284118357205e+00 5.776618963214702696e+00 4.745061881466418052e-01 3.438854628307149719e-01 2.500000000000000000e-01
2.500000000000000000e-01 9.889495621010610193e+00 1.149589589088209962e+01 9.417215547116315477e+00 7.459313692451419620e+00 5.809979818366166171e+00 5.804913823479256330e+00 7.818115193908882432e+00 8.332002717234761491e+00 4.761955903497697484e+00 6.566591575085183763e+00 4.375814525846924430e-01 2.500000000000000000e-01 2.500000000000000000e-01 2.500000000000000000e-01
2.500000000000000000e-01 8.557463440679272892e+00 9.643232018661217708e+00 9.166600488942988179e+00 9.730556084712350895e+00 6.959671084759145643e+00 2.026789938947943792e+00 1.939967799704496620e+00 2.500000000000000000e-01 3.355038254132632236e+00 2.843726654660521658e-01 2.500000000000000000e-01 2.500000000000000000e-01 2.500000000000000000e-01 2.500000000000000000e-01
6.176382271724184747e+00 6.279953226342573913e+00 9.346307824113626594e+00 9.631250778615889629e+00 7.793171913825001518e+00 2.041487219035047929e+00 1.047973887542529958e+00 2.500000000000000000e-01 5.867587036383078214e+00 2.699171497980290102e+00 2.500000000000000000e-01 2.500000000000000000e-01 2.500000000000000000e-01 2.500000000000000000e-01 2.500000000000000000e-01
1.028039783695458098e+01 1.150036841135858978e+01 6.964953745651866868e+00 9.999272364005353353e+00 3.385184867904224681e+00 1.169585756305233870e+00 4.159305484090952132e-01 2.500000000000000000e-01 3.666048847384109077e+00 2.500000000000000000e-01 2.500000000000000000e-01 2.500000000000000000e-01 2.500000000000000000e-01 2.500000000000000000e-01 2.500000000000000000e-01
1.020019564404846157e+01 1.522681011422476027e+00 2.821834211405646275e+00 8.001692590296487495e+00 2.500000000000000000e-01 2.500000000000000000e-01 2.500000000000000000e-01 2.500000000000000000e-01 2.500000000000000000e-01 2.500000000000000000e-01 2.500000000000000000e-01 2.500000000000000000e-01 5.274622085947856753e+00 2.500000000000000000e-01 2.500000000000000000e-01
2.500000000000000000e-01 2.500000000000000000e-01 2.500000000000000000e-01 6.136777166689832086e+00 2.500000000000000000e-01 2.500000000000000000e-01 5.070146379934564962e+00 5.847749516005624315e+00 2.500000000000000000e-01 2.500000000000000000e-01 2.500000000000000000e-01 2.500000000000000000e-01 2.500000000000000000e-01 1.952076004661651432e-01 2.500000000000000000e-01
2.500000000000000000e-01 9.288829353656369747e+00 2.500000000000000000e-01 3.389907412083058347e+00 5.824251721175378371e+00 2.500000000000000000e-01 5.726772295634316556e+00 2.500000000000000000e-01 2.500000000000000000e-01 2.500000000000000000e-01 2.500000000000000000e-01 2.500000000000000000e-01 2.500000000000000000e-01 2.500000000000000000e-01 2.500000000000000000e-01
2.500000000000000000e-01 7.956786342890203478e+00 3.829941295954051750e+00 6.037482849064930157e+00 1.943597337006753634e+00 8.333333333333332871e-02 2.500000000000000000e-01 2.500000000000000000e-01 2.500000000000000000e-01 2.500000000000000000e-01 2.500000000000000000e-01 2.500000000000000000e-01 2.500000000000000000e-01 2.500000000000000000e-01 2.500000000000000000e-01
2.500000000000000000e-01 2.339470925452582062e+00 1.750299046156074567e+00 3.523365132089244511e-01 2.658987015949176413e+00 1.250000000000000000e-01 2.500000000000000000e-01 2.500000000000000000e-01 2.500000000000000000e-01 2.500000000000000000e-01 2.500000000000000000e-01 2.500000000000000000e-01 2.500000000000000000e-01 2.500000000000000000e-01 2.500000000000000000e-01
2.500000000000000000e-01 2.500000000000000000e-01 2.500000000000000000e-01 2.500000000000000000e-01 2.500000000000000000e-01 2.500000000000000000e-01 2.500000000000000000e-01 2.500000000000000000e-01 2.500000000000000000e-01 2.500000000000000000e-01 2.500000000000000000e-01 2.500000000000000000e-01 2.500000000000000000e-01 2.500000000000000000e-01 2.500000000000000000e-01
2.500000000000000000e-01 2.500000000000000000e-01 2.500000000000000000e-01 2.500000000000000000e-01 2.500000000000000000e-01 2.500000000000000000e-01 2.500000000000000000e-01 2.500000000000000000e-01 2.500000000000000000e-01 2.500000000000000000e-01 2.500000000000000000e-01 2.500000000000000000e-01 2.500000000000000000e-01 2.500000000000000000e-01 2.500000000000000000e-01
2.500000000000000000e-01 2.500000000000000000e-01 2.712737245705150180e-01 2.500000000000000000e-01 2.500000000000000000e-01 2.500000000000000000e-01 2.500000000000000000e-01 2.500000000000000000e-01 2.500000000000000000e-01 2.500000000000000000e-01 2.500000000000000000e-01 2.500000000000000000e-01 2.500000000000000000e-01 2.500000000000000000e-01 2.500000000000000000e-01
2.500000000000000000e-01 2.500000000000000000e-01 2.500000000000000000e-01 2.500000000000000000e-01 2.500000000000000000e-01 2.500000000000000000e-01 2.500000000000000000e-01 2.500000000000000000e-01 2.500000000000000000e-01 2.500000000000000000e-01 2.500000000000000000e-01 2.500000000000000000e-01 2.500000000000000000e-01 2.500000000000000000e-01 2.500000000000000000e-01
2.500000000000000000e-01 2.500000000000000000e-01 2.500000000000000000e-01 2.500000000000000000e-01 2.500000000000000000e-01 2.500000000000000000e-01 2.500000000000000000e-01 2.500000000000000000e-01 2.500000000000000000e-01 2.500000000000000000e-01 2.500000000000000000e-01 2.500000000000000000e-01 2.500000000000000000e-01 2.500000000000000000e-01 2.500000000000000000e-01
2.500000000000000000e-01 2.500000000000000000e-01 2.500000000000000000e-01 2.500000000000000000e-01 2.500000000000000000e-01 2.500000000000000000e-01 2.500000000000000000e-01 2.500000000000000000e-01 2.500000000000000000e-01 2.500000000000000000e-01 2.500000000000000000e-01 2.500000000000000000e-01 2.500000000000000000e-01 2.500000000000000000e-01 2.500000000000000000e-01
2.500000000000000000e-01 2.500000000000000000e-01 2.500000000000000000e-01 2.500000000000000000e-01 2.500000000000000000e-01 2.500000000000000000e-01 2.500000000000000000e-01 2.500000000000000000e-01 2.500000000000000000e-01 2.500000000000000000e-01 2.500000000000000000e-01 2.500000000000000000e-01 2.500000000000000000e-01 2.500000000000000000e-01 2.500000000000000000e-01
2.500000000000000000e-01 2.500000000000000000e-01 2.500000000000000000e-01 2.500000000000000000e-01 2.500000000000000000e-01 2.500000000000000000e-01 2.500000000000000000e-01 2.500000000000000000e-01 2.500000000000000000e-01 2.500000000000000000e-01 2.500000000000000000e-01 2.500000000000000000e-01 2.500000000000000000e-01 2.500000000000000000e-01 2.500000000000000000e-01
2.500000000000000000e-01 2.500000000000000000e-01 2.500000000000000000e-01 2.500000000000000000e-01 2.500000000000000000e-01 2.500000000000000000e-01 2.500000000000000000e-01 2.500000000000000000e-01 2.500000000000000000e-01 2.500000000000000000e-01 2.500000000000000000e-01 2.500000000000000000e-01 2.500000000000000000e-01 2.500000000000000000e-01 2.500000000000000000e-01
2.500000000000000000e-01 2.500000000000000000e-01 2.500000000000000000e-01 2.500000000000000000e-01 2.500000000000000000e-01 2.500000000000000000e-01 2.500000000000000000e-01 2.500000000000000000e-01 2.500000000000000000e-01 2.500000000000000000e-01 2.500000000000000000e-01 2.500000000000000000e-01 2.500000000000000000e-01 2.500000000000000000e-01 2.500000000000000000e-01
2.500000000000000000e-01 2.500000000000000000e-01 2.500000000000000000e-01 2.513726101986036854e-01 2.500000000000000000e-01 2.500000000000000000e-01 2.500000000000000000e-01 2.500000000000000000e-01 2.500000000000000000e-01 2.500000000000000000e-01 2.500000000000000000e-01 2.500000000000000000e-01 2.500000000000000000e-01 2.500000000000000000e-01 2.500000000000000000e-01
2.500000000000000000e-01 2.500000000000000000e-01 2.500000000000000000e-01 2.500000000000000000e-01 2.500000000000000000e-01 2.500000000000000000e-01 2.500000000000000000e-01 2.500000000000000000e-01 2.500000000000000000e-01 2.500000000000000000e-01 2.500000000000000000e-01 2.500000000000000000e-01 2.500000000000000000e-01 2.500000000000000000e-01 2.500000000000000000e-01
2.500000000000000000e-01 2.500000000000000000e-01 2.500000000000000000e-01 2.500000000000000000e-01 2.500000000000000000e-01 2.500000000000000000e-01 2.500000000000000000e-01 2.500000000000000000e-01 2.500000000000000000e-01 2.500000000000000000e-01 2.500000000000000000e-01 2.500000000000000000e-01 2.500000000000000000e-01 2.500000000000000000e-01 2.500000000000000000e-01
