-9.886713222380760779e-01 8.109758813324439986e-02 1.263020102095965547e-01
-9.782508535517201453e-01 1.120723840940978100e-01 1.745423967086391082e-01
-9.623849922246574540e-01 1.467944059871803264e-01 2.286187418205624378e-01
-9.603898624406571605e-01 1.505605596234236010e-01 2.344841785858848837e-01
-9.528769132342334025e-01 1.639045923760109325e-01 2.552662782728123969e-01
-9.537835545999037157e-01 1.623578590640213648e-01 2.528573838647387717e-01
-9.709059621894208236e-01 1.293813779205895409e-01 2.014995574000213452e-01
-9.621382574333607884e-01 -1.472658074525785010e-01 -2.293529061041872097e-01
-9.375728208305182942e-01 -1.879112119529810221e-01 -2.926543730448372127e-01
-9.527309471783164119e-01 -1.641521122827842016e-01 -2.556517676876269296e-01
-9.670400569390698031e-01 -1.375740901865843968e-01 -2.142589507689567074e-01
-9.724596282502817601e-01 -1.259290078108542543e-01 -1.961228095227519064e-01
-9.631515745810290685e-01 -1.453192690313928059e-01 -2.263213521306950693e-01
-9.582130794965465492e-01 -1.545563945044820253e-01 -2.407073226960907697e-01
-9.820461589765343557e-01 -1.019230452074876003e-01 -1.587357379264919821e-01
-9.874950309332631848e-01 -8.517872943302733091e-02 -1.326580111952866403e-01
-9.751183860433473294e-01 -1.197767874717293179e-01 -1.865412940428197441e-01
-9.490675836479456340e-01 -1.702344337736776680e-01 -2.651244221613789365e-01
-9.443730161686166857e-01 -1.776926114320713512e-01 -2.767398456584099220e-01
-9.800405618259964147e-01 -1.074108171864268935e-01 -1.672824363976367634e-01
-9.062549357632083691e-01 -2.284028491471059852e-01 -3.557163615948911728e-01
-9.013418513347922767e-01 -2.340094552858981158e-01 -3.644481333045436200e-01
-9.366947484732307538e-01 -1.891852519953645950e-01 -2.946385728483650879e-01
-9.409121212673347001e-01 -1.829738206576412562e-01 -2.849648417018311730e-01
-9.528347835072678018e-01 -1.639760755248613755e-01 -2.553776066810146683e-01
-9.534755642881930227e-01 -1.628851040862970834e-01 -2.536785193352167900e-01
-9.403485966638226445e-01 -1.838175756806173788e-01 -2.862789122923305452e-01
-9.252820344583728707e-01 -2.049257434010926804e-01 -3.191529357535100586e-01
-9.188503739812490245e-01 -2.132065967463145917e-01 -3.320496007200930411e-01
-9.121187146714389016e-01 -2.214840453277197585e-01 -3.449409630812071970e-01
-9.368471835848073415e-01 -1.889647777150212093e-01 -2.942952045010704953e-01
-8.993052644197925272e-01 -2.362857821306654227e-01 -3.679933023164235206e-01
-8.866482001223333631e-01 -2.498598610212426352e-01 -3.891336776356834615e-01
-9.225920778084584217e-01 -2.084361776061988691e-01 -3.246201131014351815e-01
-8.912202629608299009e-01 -2.450653326014101407e-01 -3.816666420385589897e-01
-8.902189277979538629e-01 -2.461254985719186217e-01 -3.833177527104451032e-01
-9.650319218306486757e-01 -1.416307347192578558e-01 -2.205768003003214239e-01
-9.559602392672282845e-01 -1.585766750278840009e-01 -2.469685386385166437e-01
-9.607438270298451766e-01 -1.498998604293797499e-01 -2.334552005574077049e-01
-9.577684152383206806e-01 -1.553589113352933371e-01 -2.419571686075618622e-01
-9.361864199754635907e-01 -1.899183641088683927e-01 -2.957803273169739011e-01
-8.912998980478042954e-01 -2.449807705302923244e-01 -3.815349444157872805e-01
-8.223970470430617130e-01 -3.073855259158038700e-01 -4.787245925083825071e-01
-7.789523484702146616e-01 -3.388144554587582680e-01 -5.276722501562143286e-01
-5.646887502683507476e-01 -4.459136290060748409e-01 -6.944693303429610998e-01
-2.961740520631007678e-01 -5.160610949561336147e-01 -8.037175356785493108e-01
-2.221881388389552459e-01 -5.267968071735328328e-01 -8.204374168155988967e-01
-1.507274843348845317e-01 -5.341295419050768878e-01 -8.318574745293509931e-01
-6.430466953649120743e-02 -5.391840491748347564e-01 -8.397294031955961913e-01
-1.492888004065405505e-03 -5.403017037779874743e-01 -8.414700471080424071e-01
1.643660788028302733e-01 -5.329538746592908938e-01 -8.300264812791400271e-01
3.952694539816763997e-01 -4.963029050902864059e-01 -7.729459781562807441e-01
5.563868584654182436e-01 -4.489498183101010009e-01 -6.991979150185660963e-01
4.969176252811333683e-01 -4.688731062939618388e-01 -7.302265976251551827e-01
3.175874168115619955e-01 -5.123303141203716660e-01 -7.979071887859392476e-01
8.730186786172444702e-02 -5.382393792558665124e-01 -8.382581669665459811e-01
-3.677202711202805924e-02 -5.399368887784389281e-01 -8.409018814096753669e-01
-2.596652053539432736e-01 -5.217692349284773767e-01 -8.126074369648889073e-01
-4.140498380484803342e-01 -4.918124500105823804e-01 -7.659525087279339672e-01
-5.507539582941305412e-01 -4.509728531666671314e-01 -7.023486051314282719e-01
-6.467708454365674875e-01 -4.120801327047596274e-01 -6.417767818512097877e-01
-6.028444979956736338e-01 -4.310848974224509855e-01 -6.713749492277912845e-01
-6.018864200180463753e-01 -4.314755359039438298e-01 -6.719833326164156295e-01
-5.317633576889260194e-01 -4.575782336963444830e-01 -7.126358757926328780e-01
-4.671276565061459052e-01 -4.777298336268560597e-01 -7.440201331885668568e-01
-4.035043378156724092e-01 -4.943645782133060385e-01 -7.699272129051651925e-01
-3.801935664505942114e-01 -4.997293536716840845e-01 -7.782823556450824132e-01
-3.860274043189287907e-01 -4.984220224853017078e-01 -7.762463079567281099e-01
-5.286524497152089719e-01 -4.586293314929191789e-01 -7.142728636203860004e-01
-5.645831414891617772e-01 -4.459526656462320937e-01 -6.945301263078865750e-01
-6.868784234387829146e-01 -3.926767701117440112e-01 -6.115578350645672900e-01
-5.195277328365109915e-01 -4.616632440964219541e-01 -7.189979025450091710e-01
-5.066285894015942759e-01 -4.658294195532909354e-01 -7.254863363838045531e-01
-6.476503277801562986e-01 -4.116766941973732941e-01 -6.411484636033830675e-01
-7.417822303988447219e-01 -3.623487867783325989e-01 -5.643247995479072632e-01
-8.371521142406235239e-01 -2.955292296466713320e-01 -4.602595051130384252e-01
-8.145656552837041708e-01 -3.134138982847530785e-01 -4.881132262028801683e-01
-8.674870623638483158e-01 -2.687786466135798080e-01 -4.185979404582793606e-01
-8.485161994820352716e-01 -2.859114497309258596e-01 -4.452807003782257023e-01
-7.575652972405835239e-01 -3.526874032562107297e-01 -5.492780862197009784e-01
-8.184830238390949919e-01 -3.104202687941158278e-01 -4.834509245094070207e-01
-8.592453882359368800e-01 -2.763990169440649347e-01 -4.304659640757079186e-01
-8.055995713409427328e-01 -3.201077225751987609e-01 -4.985382398603029896e-01
-7.297735612347511225e-01 -3.693987039207054512e-01 -5.753043949636156285e-01
-7.534192476779809633e-01 -3.552706188066123705e-01 -5.533012060723452308e-01
-8.153682092522704927e-01 -3.128040913877279672e-01 -4.871635082309054288e-01
-8.498503028925081804e-01 -2.847523675889971906e-01 -4.434755368968763545e-01
-8.478306496325113129e-01 -2.865045328828689231e-01 -4.462043726604244531e-01
-6.063843580040618741e-01 -4.296330955584693467e-01 -6.691139017901578390e-01
-6.554677211184506413e-01 -4.080488309513005118e-01 -6.354984013599577208e-01
-6.463002763138443463e-01 -4.122956064096931494e-01 -6.421123622637332495e-01
-6.131780630805573340e-01 -4.268089545112400129e-01 -6.647155627076879458e-01
-7.295905836982873316e-01 -3.695042027681380570e-01 -5.754686996835494117e-01
-4.896970794364109980e-01 -4.710856022209198302e-01 -7.336723558725669614e-01
-3.973091710248811692e-01 -4.958272224695572383e-01 -7.722051463682729766e-01
-3.545350237941323202e-01 -5.052057459869078171e-01 -7.868113313400525444e-01
-2.783162335773406992e-01 -5.189546900699865128e-01 -8.082240430608874648e-01
-1.589378494280253851e-01 -5.334343017548283106e-01 -8.307747021488635086e-01
-1.400696853376661999e-01 -5.349758155901104262e-01 -8.331754677035944079e-01
-1.573501856160229861e-01 -5.335716895307441865e-01 -8.309886709323481835e-01
-1.712358796117367243e-01 -5.323220738883310821e-01 -8.290425098780044300e-01
-1.598026796288711526e-01 -5.333588687250249150e-01 -8.306572221655537103e-01
-1.423873816322604180e-01 -5.347971705402759790e-01 -8.328972445230108379e-01
-1.871345663329965769e-01 -5.307574811330398878e-01 -8.266058010349747187e-01
-2.036810025043893635e-01 -5.289761147019819143e-01 -8.238314871948041462e-01
-2.284435521685547199e-01 -5.260151783551249016e-01 -8.192201020559973790e-01
-3.079661814946638709e-01 -5.140421574310678476e-01 -8.005732267814161807e-01
-3.827340525149182104e-01 -4.991629120653710561e-01 -7.774001751118445602e-01
-2.558489261425154759e-01 -5.223193037508513381e-01 -8.134641183979460788e-01
-3.324483667351615379e-01 -5.095706981603528307e-01 -7.936093415727250022e-01
-2.398627500702245341e-01 -5.245291576577710835e-01 -8.169057619429417327e-01
-2.292511428292884623e-01 -5.259126001997977973e-01 -8.190603460445101680e-01
-2.603420665018424396e-01 -5.216707623828905627e-01 -8.124540750617256224e-01
-2.393223228041235773e-01 -5.246012160743311892e-01 -8.170179862775187596e-01
-2.148919662461714897e-01 -5.276796692942459233e-01 -8.218123931022027762e-01
-1.663686721860516415e-01 -5.327724482289643015e-01 -8.297439263550928645e-01
-1.326357674411882681e-01 -5.355286521296888091e-01 -8.340364596008053022e-01
-1.285793452400749715e-01 -5.358173777532538873e-01 -8.344861231172513438e-01
-1.861246287202331928e-01 -5.308611408875467674e-01 -8.267672415373795713e-01
-2.012089958779828824e-01 -5.292522239378414373e-01 -8.242615018515804248e-01
-1.969535954746524098e-01 -5.297193028322423336e-01 -8.249889341297435008e-01
-3.780182989849077413e-01 -5.002108609410952367e-01 -7.790322587859408454e-01
-3.420702740231154615e-01 -5.077082305996786227e-01 -7.907087202068118215e-01
-3.406547393397065804e-01 -5.079859952586374128e-01 -7.911413130323105003e-01
-3.635677444536509761e-01 -5.033282098796293402e-01 -7.838872421032585525e-01
-3.739119476804223519e-01 -5.011110496859650931e-01 -7.804342196908483631e-01
-4.226034609282663945e-01 -4.896839161044702626e-01 -7.626375135803649119e-01
-4.753576535530680824e-01 -4.753539957043318998e-01 -7.403199848554996576e-01
-4.785688486924424834e-01 -4.744124564544549560e-01 -7.388536243546754978e-01
-4.940171193931791049e-01 -4.697670153469922782e-01 -7.316187784894837565e-01
-5.172827500817017699e-01 -4.623985786988135671e-01 -7.201431183349799037e-01
-5.259546631942135786e-01 -4.595339219691708665e-01 -7.156816798157497050e-01
-5.801649688453947018e-01 -4.400756838218287670e-01 -6.853772694169043556e-01
-6.068905838663830599e-01 -4.294243799263521844e-01 -6.687888464524422982e-01
-5.710647213689277191e-01 -4.435368857838464796e-01 -6.907677720891415296e-01
-4.684945829503604497e-01 -4.773389165087156272e-01 -7.434113158490751605e-01
-4.119435003425814812e-01 -4.923285345757427711e-01 -7.667562628162898353e-01
-3.495644709381170445e-01 -5.062158826507497933e-01 -7.883845259832772401e-01
-1.512187462661601645e-01 -5.340890044713476614e-01 -8.317943412169233053e-01
-1.482149059392282864e-01 -5.343347624083117919e-01 -8.321770865263465877e-01
-1.677323780371805240e-01 -5.326476089308307404e-01 -8.295495006678391681e-01
-2.761959790043607699e-01 -5.192852688909703751e-01 -8.087388890702951194e-01
-1.925301518060535122e-01 -5.301938214022912099e-01 -8.257279530162299208e-01
-1.329556046301346439e-01 -5.355054988112233350e-01 -8.340004004437755469e-01
-9.368097351127370465e-02 -5.379262008987276689e-01 -8.377704205739431309e-01
-2.833925964510720583e-02 -5.400853002143027881e-01 -8.411330185263170556e-01
-6.928623073818572856e-03 -5.402893368854922995e-01 -8.414507868141404279e-01
2.161829384671112506e-02 -5.401760358021105990e-01 -8.412743308316700253e-01
2.276343540649802821e-01 -5.261175776558371098e-01 -8.193795795179259489e-01
5.442847898919557226e-01 -4.532598805311239265e-01 -7.059104392153304763e-01
5.795040974993080907e-01 -4.403298056056169640e-01 -6.857730406459793260e-01
6.102234769449434992e-01 -4.280433327090522044e-01 -6.666379928481062089e-01
7.479762654884051232e-01 -3.586124046474602478e-01 -5.585057291550241665e-01
5.547615888382184668e-01 -4.495365771477143335e-01 -7.001117377647746443e-01
-3.889314135304374198e-01 -4.977625290858495033e-01 -7.752192078420623300e-01
-9.926526564230988559e-01 -6.537591746270966786e-02 -1.018169588628253242e-01
-9.152228548549782294e-01 2.177137571759078238e-01 3.390690871894004865e-01
-9.455751588290910448e-01 -1.758164118146515464e-01 -2.738178378812456404e-01
-9.512294071186332411e-01 -1.666748238776749602e-01 -2.595806582125863016e-01
-9.594342896044717461e-01 -1.523286930110827608e-01 -2.372378831820455003e-01
-9.534827842276836218e-01 -1.628727658384317711e-01 -2.536593036526826883e-01
-9.880087510165850295e-01 -8.342153507517027777e-02 -1.299213431286400378e-01
-9.783638027829951733e-01 -1.117841851533833836e-01 -1.740935534521330652e-01
-9.557415538265255917e-01 -1.589610174964231626e-01 -2.475671165679324826e-01
-9.640008601494177709e-01 -1.436659072725513242e-01 -2.237463937558263061e-01
-9.711091485790056543e-01 -1.289354464042818116e-01 -2.008050602118566230e-01
-9.663034256112033038e-01 -1.390768882784433336e-01 -2.165994201258144847e-01
-9.603031706882366736e-01 -1.507218972043627148e-01 -2.347354469807165778e-01
-9.769771288917684648e-01 -1.152702896950787842e-01 -1.795228395943240518e-01
-9.431862313772974016e-01 -1.795233039490133631e-01 -2.795909803257632942e-01
-9.624143331462313711e-01 -1.467382396062031358e-01 -2.285312678649626394e-01
-9.808060954361955686e-01 -1.053511955431821745e-01 -1.640747657405810245e-01
-9.681087094795486347e-01 -1.353622016639400294e-01 -2.108141384977148258e-01
-9.493778309837842544e-01 -1.697286696351543722e-01 -2.643367411851893500e-01
-9.475705877268606470e-01 -1.726517239814077398e-01 -2.688891286036304007e-01
-9.345985586416687418e-01 -1.921878422161836797e-01 -2.993148300522419647e-01
-7.629634907757503193e-01 -3.492738743566625725e-01 -5.439618299432120718e-01
-7.536333652184311616e-01 -3.551380180294152478e-01 -5.530946925976431006e-01
-7.721953078792747061e-01 -3.433001116808958031e-01 -5.346582458067177246e-01
-5.320518932087993091e-01 -4.574803094453859242e-01 -7.124833678077588939e-01
-3.088412748897395588e-01 -5.138888674788077982e-01 -8.003344918256544149e-01
-2.595559143075933939e-01 -5.217851092621558218e-01 -8.126321597747835357e-01
-2.594785966572543678e-01 -5.217963351881890199e-01 -8.126496431187041347e-01
-2.105919067024502322e-01 -5.281855204458324460e-01 -8.226002095932092306e-01
-1.608188515981983646e-01 -5.332696984049075661e-01 -8.305183476201929427e-01
-1.481218362761054508e-01 -5.343422963247608237e-01 -8.321888199060211155e-01
-2.081012246978834745e-01 -5.284736268050773678e-01 -8.230489086626193718e-01
-3.208215276610359434e-01 -5.117417456555035660e-01 -7.969905477122655180e-01
-3.732444271109408018e-01 -5.012563019426511390e-01 -7.806604366774348991e-01
-4.385603646289895630e-01 -4.855706191323888032e-01 -7.562314331022456093e-01
-5.608624444897906125e-01 -4.473211437329016604e-01 -6.966614046510868352e-01
-6.152467403127741541e-01 -4.259390045666756608e-01 -6.633606959439602990e-01
-6.143756181114723436e-01 -4.263059149943568271e-01 -6.639321250782872497e-01
-6.486919067085870072e-01 -4.111976760551668275e-01 -6.404024370484608930e-01
-7.216571297364519078e-01 -3.740246320631973043e-01 -5.825088511864310314e-01
-8.362913622938583647e-01 -2.962398055354005244e-01 -4.613661614910987696e-01
-8.886369942072157579e-01 -2.477887240599360996e-01 -3.859080729333264626e-01
-8.637005129138437542e-01 -2.723152694789083283e-01 -4.241059042279330948e-01
-9.065007661250165105e-01 -2.281178865017615964e-01 -3.552725585697936728e-01
-9.176956246666908568e-01 -2.146535726755743057e-01 -3.343031322097118618e-01
-9.399328311032636440e-01 -1.844372971021779606e-01 -2.872440712214031633e-01
-9.342371278467029860e-01 -1.927001554155977903e-01 -3.001127105864521138e-01
-9.353488747568835526e-01 -1.911192784905067499e-01 -2.976506406515866399e-01
-9.414731405619413129e-01 -1.821294283739798570e-01 -2.836497786366178886e-01
-9.427711893980169622e-01 -1.801586040985195536e-01 -2.805804016860786732e-01
-9.370279858166474796e-01 -1.887028941317949182e-01 -2.938873449855936015e-01
-9.333275398506630793e-01 -1.939826017620084331e-01 -3.021100024328075562e-01
-9.263929350845450106e-01 -2.034553009434215687e-01 -3.168628573112725055e-01
-9.203944148951133108e-01 -2.112534486977332704e-01 -3.290077528618378655e-01
-9.175140500081373496e-01 -2.148800461835640996e-01 -3.346558438004847980e-01
-9.262968413041257065e-01 -2.035829849099120570e-01 -3.170617133069993931e-01
-9.318229085322442540e-01 -1.960828956620355445e-01 -3.053810163767553543e-01
-9.175971523223186432e-01 -2.147764299542125055e-01 -3.344944710844930391e-01
-9.108815665854572696e-01 -2.229654021929754482e-01 -3.472480397061269985e-01
-9.253987304748330089e-01 -2.047718578787182664e-01 -3.189132732522516056e-01
-9.333155047024961348e-01 -1.939995051851226282e-01 -3.021363279545387082e-01
-9.275676608543995671e-01 -2.018867849937031889e-01 -3.144200384549366012e-01
-9.289043969882977425e-01 -2.000845448122359482e-01 -3.116132156746361792e-01
-9.283710416757920969e-01 -2.008058862690598467e-01 -3.127366384316074832e-01
-9.261065403421819830e-01 -2.038355709740490018e-01 -3.174550927944264078e-01
-9.241722149605063885e-01 -2.063825507301532136e-01 -3.214217787411227656e-01
-9.284115682510613032e-01 -2.007511812299467291e-01 -3.126514403811151976e-01
-9.353065721836502089e-01 -1.911797054979510191e-01 -2.977447501397581520e-01
-9.353693522464499033e-01 -1.910900196248405403e-01 -2.976050726681834235e-01
-9.403950893511587861e-01 -1.837481287715153067e-01 -2.861707551396416305e-01
-9.669661256437139807e-01 -1.377257092887583245e-01 -2.144950835298876091e-01
-9.577474907625260769e-01 -1.553965639553546163e-01 -2.420158090888988034e-01
-9.549280731165498137e-01 -1.603818708343219823e-01 -2.497799645319777884e-01
-9.429807983227742607e-01 -1.798380735006395170e-01 -2.800812048569520374e-01
-9.530791430818869037e-01 -1.635609821110350359e-01 -2.547311369918682233e-01
-9.360507677812403005e-01 -1.901134569662288332e-01 -2.960841664400520323e-01
-9.046264678100712775e-01 -2.302797038210846192e-01 -3.586393895622001504e-01
-5.966541875389339555e-01 -4.335917691308280864e-01 -6.752791705911366238e-01
-4.750219273257479391e-01 -4.754519591643864840e-01 -7.404725539049226146e-01
-1.783436395745511271e-01 -5.316403223971616354e-01 -8.279807448393619040e-01
1.441697382940470840e-01 -5.346577531416484286e-01 -8.326801147894370425e-01
2.025354013626594618e-01 -5.291045090113490890e-01 -8.240314494840144111e-01
2.809829136696552765e-01 -5.185350229749742246e-01 -8.075704502853320310e-01
2.992022524950387896e-01 -5.155509032190520591e-01 -8.029229591261632937e-01
-5.691517874188752740e-02 -5.394264852435448621e-01 -8.401069750017402527e-01
-8.764498335887346281e-01 -2.601518792379024503e-01 -4.051625463085984924e-01
-9.977142186911273081e-01 3.651075719913491474e-02 5.686213529493228808e-02
-9.935741801668805939e-01 6.115293329020686508e-02 9.524005069147409297e-02
-9.802974242058321019e-01 1.067243542496734976e-01 1.662133337172477243e-01
-9.750798545109183868e-01 1.198683251952173956e-01 1.866838556004773997e-01
-9.830230392825730634e-01 9.913583590253734201e-02 1.543949166247324256e-01
-9.980586447571739850e-01 3.365064887102127422e-02 5.240778049137828631e-02
-9.998732536004103499e-01 8.602127449552843946e-03 1.339701973839957025e-02
-9.992014619349685045e-01 -2.158802502810883497e-02 -3.362135693882005449e-02
-9.965616236828503949e-01 -4.476667966061139564e-02 -6.971997271058767709e-02
-9.930885102533666409e-01 -6.341411674231134388e-02 -9.876163526664344383e-02
-9.970990958769391233e-01 -4.112475429098339658e-02 -6.404801000731236149e-02
-9.990012663967132722e-01 -2.414171878855092199e-02 -3.759849932773558917e-02
-9.998801492843787386e-01 -8.364868568454364439e-03 -1.302751092423382051e-02
-9.998191039375051714e-01 1.027653567685848750e-02 1.600475604583109779e-02
-9.998511600669194310e-01 -9.321705779125586538e-03 -1.451769658737043014e-02
-9.992278094969728741e-01 -2.122903197349915172e-02 -3.306225838247348059e-02
-9.987351855138649759e-01 -2.716613567849495564e-02 -4.230874955471117943e-02
-9.999613099398506622e-01 4.752775717557530637e-03 7.402009616076342911e-03
-9.990053864991516042e-01 -2.409189591451985427e-02 -3.752090479885510088e-02
-9.961904684453862791e-01 -4.711656243790813409e-02 -7.337969829998312876e-02
-9.935251490886206627e-01 -6.138504334703163284e-02 -9.560154068694305673e-02
-9.987951697828624242e-01 -2.651452749806599424e-02 -4.129392994106279025e-02
-9.989631321062283353e-01 -2.459806396943461926e-02 -3.830921483755290319e-02
-9.990390977501782954e-01 -2.368029292136949668e-02 -3.687987111783165572e-02
-9.981691076703059773e-01 -3.268017276668848392e-02 -5.089635350989740736e-02
-9.949344301982665506e-01 -5.431443747384795406e-02 -8.458972448205649697e-02
-9.754984681255393086e-01 -1.188698702381293937e-01 -1.851288541375885610e-01
-9.772839622815225891e-01 -1.145084756875844184e-01 -1.783363845743020371e-01
-9.874358444447530747e-01 -8.537879724674342363e-02 -1.329695983538229098e-01
-9.812384951474399930e-01 -1.041691294737299156e-01 -1.622338069129636295e-01
-9.878078216577266257e-01 -8.411330000641527305e-02 -1.309987031762063769e-01
-9.931238891914176969e-01 -6.325216594211174881e-02 -9.850941183939854184e-02
-9.787165862866701316e-01 -1.108789900869016770e-01 -1.726837956632749638e-01
-9.878773391477931876e-01 -8.387462474970616699e-02 -1.306269884877236109e-01
-9.682247465706189660e-01 -1.351197012909005901e-01 -2.104364665435115300e-01
-9.514862168840136913e-01 -1.662463566253112313e-01 -2.589133600039933425e-01
-9.599063976286837940e-01 -1.514579330660530410e-01 -2.358817549173361505e-01
-9.568048351306349675e-01 -1.570826232847334636e-01 -2.446416909126998829e-01
-9.193985046705667186e-01 -2.125156641048983885e-01 -3.309735368871352112e-01
-8.840244409198507736e-01 -2.525592764153287706e-01 -3.933377680224857120e-01
-8.210205282232643231e-01 -3.084578682099721192e-01 -4.803946666807942800e-01
-6.169993017806238988e-01 -4.251983005377232283e-01 -6.622071177675867837e-01
-4.799209117752220033e-01 -4.740135651092529656e-01 -7.382323878923598981e-01
-8.519361673709048288e-01 -2.829269521329333403e-01 -4.406326207648981197e-01
-9.928652354886803311e-01 6.442665866937315189e-02 1.003385758853864718e-01
-8.721301107771459726e-01 2.643558829901920260e-01 4.117098942268924699e-01
-8.103807735982281324e-01 3.165650537805860809e-01 4.930208601136792379e-01
-7.775546539521928091e-01 3.397503903246098522e-01 5.291298823460653944e-01
-8.492634027101906291e-01 2.852630768186139032e-01 4.442709193961340008e-01
-9.291063674516298887e-01 1.998105996732195966e-01 3.111865713990004667e-01
-9.933779426018840564e-01 6.207662764573077668e-02 9.667861941598714093e-02
-9.982933829675618709e-01 3.155255147924272002e-02 4.914018740634407134e-02
-9.987916513182811817e-01 2.655319107876529666e-02 4.135414490030670659e-02
-9.974444621093540020e-01 3.860249182725839640e-02 6.011981896269994602e-02
-9.957270567441216524e-01 4.989430256858377183e-02 7.770577223658128863e-02
-9.943300216296842020e-01 5.745476273851177207e-02 8.948049130717285193e-02
-9.931845723575692952e-01 6.297339901773456317e-02 9.807525807799521989e-02
-9.961640614570177465e-01 4.727926946858372614e-02 7.363309948641297287e-02
-9.972631145553130239e-01 3.994687142424949156e-02 6.221356613192231821e-02
-9.958545532242337739e-01 4.914585979276633876e-02 7.654014167606104646e-02
-9.953880727036775733e-01 5.183125601546763328e-02 8.072239849705516168e-02
-9.956908952520150402e-01 5.010452907642697074e-02 7.803318062382351428e-02
-9.986559256001704687e-01 2.800383392286664649e-02 4.361338727142550359e-02
-9.975074016210039307e-01 3.812476485586764607e-02 5.937580328717998596e-02
-9.978173085843976553e-01 3.567885239474041098e-02 5.556652032639076283e-02
-9.989941986926820228e-01 2.422694680648840304e-02 3.773123410122845162e-02
-9.945837961059392773e-01 5.615784926373034586e-02 8.746066824333924294e-02
-9.888341825280416719e-01 8.051584792382157629e-02 1.253960035136990891e-01
-9.852859725980419592e-01 9.234516003081000290e-02 1.438190655664766116e-01
-9.890304246576573366e-01 7.980910522995747491e-02 1.242953169829317112e-01
-9.872959579374129824e-01 8.584975440914965894e-02 1.337030706765359178e-01
-9.840533039911981694e-01 9.610563367589190775e-02 1.496756562696883175e-01
-9.926836821817737189e-01 6.523824728711363763e-02 1.016025502678974818e-01
-9.995854006162343541e-01 1.555683071013159481e-02 2.422832831910754978e-02
-9.999841632587055384e-01 -3.040766069217560805e-03 -4.735712565067952060e-03
-9.999846253110024064e-01 2.996079405227630547e-03 4.666117209380976974e-03
-9.998227969726309894e-01 1.017110521731355403e-02 1.584055783372190565e-02
-9.999484374833420564e-01 5.486726011303097277e-03 8.545069473068423599e-03
-9.999224715726588997e-01 -6.727812637853409529e-03 -1.047794737222377398e-02
-9.996007254494166938e-01 -1.526666861040572309e-02 -2.377642762359239575e-02
-9.984012988980413006e-01 -3.053949208218123199e-02 -4.756244087582627011e-02
-9.895067266686945473e-01 -7.806655588774964738e-02 -1.215814571767849239e-01
-9.463717316602954233e-01 -1.745607511748494545e-01 -2.718622623012728057e-01
-8.476770950077870959e-01 -2.866371422896011878e-01 -4.464108995748311548e-01
-7.005452802749742025e-01 -3.855640223780232856e-01 -6.004803868005490486e-01
-3.884008161302416884e-01 -4.978834608770442149e-01 -7.754075479478254040e-01
9.212036789103671131e-02 -5.380048748934664893e-01 -8.378929480610788350e-01
3.097779287961565653e-01 -5.137242611442350837e-01 -8.000781326486638978e-01
3.179998514439659751e-01 -5.122556253059799003e-01 -7.977908678494602945e-01
3.493708405527926053e-01 -5.062549039416824881e-01 -7.884452980432017366e-01
4.907046257768598596e-01 -4.707794382707821690e-01 -7.331955337716117294e-01
6.125240594194878430e-01 -4.270830083146957001e-01 -6.651423762181608579e-01
5.464631248414704157e-01 -4.524940856688127733e-01 -7.047177843812659770e-01
-1.821976164079887051e-01 -5.312586895866387993e-01 -8.273863869522720682e-01
-9.923506335449771010e-01 -6.670101468038482084e-02 -1.038806755055513287e-01
-9.554106545121027194e-01 1.595406504589465535e-01 2.484698414212310191e-01
-9.617804084094476735e-01 1.479466168719933972e-01 2.304132039530017440e-01
-9.672729747855657312e-01 1.370952473600398624e-01 2.135131972520006582e-01
-9.811243310230367554e-01 1.044825739823941890e-01 1.627219678120080115e-01
-9.912467487170855129e-01 7.133194382707999659e-02 1.110929203309439506e-01
-9.939557601056179248e-01 5.931512182485728507e-02 9.237782891887930115e-02
-9.983810948333702306e-01 -3.073170685034364719e-02 -4.786179764055516900e-02
-9.964676416936485426e-01 -4.537329656938254158e-02 -7.066472257021413905e-02
-9.993484584333417464e-01 -1.950078665357777782e-02 -3.037067577112925049e-02
-9.997016374493472579e-01 1.319749717516162726e-02 2.055388404670797919e-02
-9.993169122207045119e-01 1.996714164101353467e-02 3.109698063099303883e-02
-9.990607475403157078e-01 2.341213325699590536e-02 3.646223718509535722e-02
-9.984058567763333114e-01 3.049596191740302012e-02 4.749464666094518200e-02
-9.976550045135206268e-01 3.698009907601942231e-02 5.759309195949625232e-02
-9.960437029736464165e-01 4.801382317625355056e-02 7.477709910491184275e-02
-9.950989024199751176e-01 5.342760549439278667e-02 8.320856550678200347e-02
-9.890053149800549503e-01 7.989989136584745022e-02 1.244367080122583263e-01
-9.932808235722839774e-01 6.252865508591992638e-02 9.738261044309372283e-02
-9.928762531167230065e-01 6.437707301914631641e-02 1.002613508106911383e-01
-9.933335706725465730e-01 6.228356332787251398e-02 9.700090264586143374e-02
-9.897410621993228963e-01 7.719448970331772852e-02 1.202232945647403461e-01
-9.913388481779114025e-01 7.095732419648891065e-02 1.105094848244540101e-01
-9.993971879318358509e-01 1.875760251168552550e-02 2.921323504770523272e-02
-9.969280680343814982e-01 4.231787273950532446e-02 6.590618189546869343e-02
-9.965449764260192467e-01 4.487473299101305685e-02 6.988825580202991106e-02
-9.989458213420193688e-01 2.480244198549671694e-02 3.862751473851765149e-02
-9.874559719338802388e-01 8.531081438181548071e-02 1.328637213148399221e-01
-9.856583780284277063e-01 9.117761391211802458e-02 1.420007202223348697e-01
-9.988314343735931189e-01 2.611268080098125277e-02 4.066809079089595685e-02
-9.963570605628695454e-01 -4.607675720696302601e-02 -7.176029760117265399e-02
-9.987868952050782401e-01 -2.660536536437461963e-02 -4.143540153574300916e-02
-9.974521608812474405e-01 -3.854437562948813401e-02 -6.002930834736498050e-02
-9.991058907508126863e-01 -2.284283560220414649e-02 -3.557560861989474826e-02
-9.984511236595583483e-01 -3.006020648737891404e-02 -4.681599778816532276e-02
-9.993541851423654032e-01 -1.941492446087379059e-02 -3.023695332895625157e-02
-9.956228824577725289e-01 5.049753317081014797e-02 7.864524823623686434e-02
-9.769523041050559575e-01 1.153316948741564679e-01 1.796184724945534827e-01
-8.744540925425162703e-01 2.621051204481692487e-01 4.082045392575822662e-01
-8.055845766666608343e-01 3.201187385323689960e-01 4.985553961970943249e-01
-7.726743387757345483e-01 3.429853192884572133e-01 5.341679857030712242e-01
-7.423807130418331734e-01 3.619908019977623459e-01 5.637672712853382118e-01
-7.226634237273071859e-01 3.734570069734241549e-01 5.816248274869103563e-01
-7.813209252330362009e-01 3.372185989304339881e-01 5.251868508715611394e-01
-8.373568395864120495e-01 2.953598634418961866e-01 4.599957328774261223e-01
-9.810488702177764253e-01 1.046892210723702199e-01 1.630438015862141210e-01
-9.909913754368994132e-01 7.236036591522387873e-02 1.126945928352249549e-01
-9.828066325647895063e-01 9.976023757344712473e-02 1.553673646102947392e-01
-9.471263135990831694e-01 1.733619084986628145e-01 2.699951754567337381e-01
-7.568216292983240834e-01 3.531531854969352513e-01 5.500034990794124834e-01
-6.704187149882511187e-01 4.008951164593972383e-01 6.243571511502917781e-01
-6.498985197643415423e-01 4.106410965216271691e-01 6.395356157835413446e-01
-6.555368264306364878e-01 4.080164220441302447e-01 6.354479274775831632e-01
-6.928683071580258312e-01 3.895926231189520972e-01 6.067545607140220065e-01
-7.903226705429253762e-01 3.310382784891129360e-01 5.155615720754052056e-01
-9.236274578585469408e-01 2.070932425874283944e-01 3.225286157294925404e-01
-9.921479948853982878e-01 6.757528829917031077e-02 1.052422759929098478e-01
-9.964464791379874509e-01 4.550876938240472347e-02 7.087570897569561712e-02
-9.944074237283508921e-01 5.706235875617985537e-02 8.886935831390380125e-02
-9.887148363904709747e-01 8.094257339446404853e-02 1.260605890579846733e-01
-9.857842816190426349e-01 9.077939018740137367e-02 1.413805235173203334e-01
-9.898629275987276266e-01 7.673697508337865014e-02 1.195107577615046601e-01
-9.905265702610233092e-01 7.419496422601187802e-02 1.155518104160850046e-01
-9.846177333547047050e-01 9.440291885638305014e-02 1.470238350569008923e-01
-9.807270868411679388e-01 1.055656980015994839e-01 1.644088335262775813e-01
-9.787056004939418408e-01 1.109072945462523108e-01 1.727278772469098556e-01
-9.752999496059564510e-01 1.193444608895607439e-01 1.858679852841767233e-01
-9.743392243531588948e-01 1.216137268707974256e-01 1.894021576526513373e-01
-9.905793186797290373e-01 7.398909601737301001e-02 1.152311896776899575e-01
-9.992553312156282619e-01 2.084743012858102790e-02 3.246794872145543354e-02
-9.688527781584915788e-01 -1.337990717401397467e-01 -2.083797078797490487e-01
-9.109402619918036681e-01 -2.228953882759905358e-01 -3.471389994909813703e-01
-7.168592288962677417e-01 -3.767084568341868001e-01 -5.866886606163902451e-01
-4.420806446219847641e-01 -4.846378273664365133e-01 -7.547786960004572165e-01
-2.985714275925725469e-01 -5.156576544156878938e-01 -8.030892142644202591e-01
-3.533879557089195100e-01 -5.054403037254130426e-01 -7.871766333738782206e-01
-6.764426598370391064e-01 -3.979301092290420394e-01 -6.197394259860787846e-01
-9.958654337764700770e-01 -4.908145464345894243e-02 -7.643983659902216232e-02
-9.998993658150410191e-01 -7.665026472847924141e-03 -1.193757143849767492e-02
-9.482856253700879812e-01 1.715018356202261396e-01 2.670982835874354255e-01
-8.982061765812917598e-01 2.375030688135822132e-01 3.698891139995176824e-01
-8.965393458989865394e-01 2.393345291392446339e-01 3.727414444581033659e-01
-8.984547791833108477e-01 2.372284075498160005e-01 3.694613544256646898e-01
-8.834521854616934622e-01 2.531431545656894211e-01 3.942471043641145312e-01
-8.051235109093636266e-01 3.204571793555854309e-01 4.990824865495101514e-01
-7.921270718643326214e-01 3.297768671921468275e-01 5.135970403775431681e-01
-8.171011702207104932e-01 3.114811994652520455e-01 4.851032261319578875e-01
-8.330445785636518830e-01 2.988984049946259991e-01 4.655066848256598777e-01
-8.261947580492545740e-01 3.043980053059719415e-01 4.740718048330645473e-01
-8.605924377094775757e-01 2.751728698799116302e-01 4.285563531664325354e-01
-8.884554124674035602e-01 2.479787346510683721e-01 3.862039968957221014e-01
-8.486023491870303692e-01 2.858367988780604052e-01 4.451644385633209411e-01
-8.472152786621981457e-01 2.870354520646745677e-01 4.470312302953360351e-01
-8.743530076469803181e-01 2.622035475684135197e-01 4.083578304149662608e-01
-8.775216256807489845e-01 2.590949818300418706e-01 4.035165261214287424e-01
-8.356609500304322813e-01 2.967586875188531481e-01 4.621742723003121611e-01
-8.214219979516865777e-01 3.081456842357941373e-01 4.799084689478960719e-01
-8.198009524412227522e-01 3.094033492641932170e-01 4.818671661781531168e-01
-8.241473925036199022e-01 3.060139258802728190e-01 4.765884520179095585e-01
-8.442552907770924930e-01 2.895702833773539098e-01 4.509789961623999477e-01
-8.626022715264084484e-01 2.733295973181242289e-01 4.256856262400604551e-01
-8.787027299717978801e-01 2.579237696221448051e-01 4.016924711816396987e-01
-8.729119376329375068e-01 2.636015010999008257e-01 4.105350140436131445e-01
-8.993607065256441491e-01 2.362241718884674491e-01 3.678973500493065707e-01
-9.846501616430759496e-01 9.430412854609572515e-02 1.468699782645383201e-01
-9.998407419025869824e-01 9.642403217292481662e-03 1.501715325484859198e-02
-9.172035170513735958e-01 2.152667103330513365e-01 3.352580375337433916e-01
-8.192820589122165043e-01 3.098043235444592480e-01 4.824916466196273457e-01
-8.025788377758130698e-01 3.223152151496659346e-01 5.019762058478963729e-01
-8.035567486757926314e-01 3.216031424642195602e-01 5.008672183470664896e-01
-8.198020824074476742e-01 3.094024752400583722e-01 4.818658049662140064e-01
-8.283729349908941497e-01 3.026649292530695923e-01 4.713726988008599128e-01
-8.204121889335684870e-01 3.089300230939606151e-01 4.811300043443516028e-01
-8.086327792098492173e-01 3.178672573073594854e-01 4.950489219453489964e-01
-8.116851132063197527e-01 3.155880177879112347e-01 4.914992167114215493e-01
-7.697866363057890293e-01 3.448756578730574063e-01 5.371120136169408310e-01
-6.088119384230256115e-01 4.286296971228662489e-01 6.675512013156429392e-01
-4.799911949400418876e-01 4.739927899112391652e-01 7.382000324384920820e-01
-6.476555918303912307e-01 4.116742766164755984e-01 6.411446984442179531e-01
-7.512834740290733615e-01 3.565885280459279438e-01 5.553537281020494154e-01
-7.708366360823223351e-01 3.441903298524811028e-01 5.360446784637727946e-01
-8.362492945983587278e-01 2.962744712556554805e-01 4.614201501516045356e-01
-8.912729990622750842e-01 2.450093378522585075e-01 3.815794353836901021e-01
-9.383017385457396164e-01 1.868460740099736617e-01 2.909955189845744861e-01
-9.608806082411356364e-01 1.496437020249589966e-01 2.330562574796275765e-01
-9.658675940669008142e-01 1.399578956071471647e-01 2.179715077450153637e-01
-9.694042670056391975e-01 1.326278377696817889e-01 2.065556190467796038e-01
-9.948615983848854150e-01 5.470250680337201965e-02 8.519410665355890699e-02
-9.737685349140579039e-01 -1.229408482999475721e-01 -1.914690268179648214e-01
-8.025923127718422867e-01 -3.223054198115879454e-01 -5.019609505127081706e-01
-7.503477139253345030e-01 -3.571632453143443464e-01 -5.562487972153736804e-01
-5.651362634487325787e-01 -4.457480937386376629e-01 -6.942115244387516704e-01
-4.295338503618291726e-01 -4.879204068241724812e-01 -7.598910106047286339e-01
-1.828252503233230297e-01 -5.311957404460535548e-01 -8.272883494744642796e-01
-2.242464101477179839e-01 -5.265421441360836896e-01 -8.200408026338916745e-01
-2.238212875410440228e-01 -5.265949456736751522e-01 -8.201230361564101345e-01
-2.250887559145197669e-01 -5.264372105313355199e-01 -8.198773782272809063e-01
-2.278025579620812369e-01 -5.260963239881147890e-01 -8.193464788916380304e-01
-2.451017880332271859e-01 -5.238216542524102293e-01 -8.158038906742131058e-01
-2.073550683517459137e-01 -5.285592399261150875e-01 -8.231822431986552946e-01
-1.692597030201437869e-01 -5.325065461869100680e-01 -8.293298084607961806e-01
-4.861343873541128235e-02 -5.396634890717277866e-01 -8.404760865945249959e-01
1.019711628321720576e-01 -5.374859018317555970e-01 -8.370846954058823730e-01
-1.225416947735181450e-01 -5.362302451911696854e-01 -8.351291260543197703e-01
-1.632535452234581685e-01 -5.330536897926108075e-01 -8.301819341388099183e-01
-2.905366526105668257e-01 -5.169957519124100953e-01 -8.051731776421569009e-01
-2.519635819311668579e-01 -5.228703796545389748e-01 -8.143223682672203756e-01
-2.402696976812582763e-01 -5.244747830568394775e-01 -8.168210785194257584e-01
-2.553154501934569720e-01 -5.223955031095592894e-01 -8.135827918678115722e-01
-3.064778250339197929e-01 -5.143017692881540759e-01 -8.009775482930544532e-01
-4.044275945315887189e-01 -4.941442904766847333e-01 -7.695841350825045613e-01
-2.778005686463660973e-01 -5.190353418715845102e-01 -8.083496507997036673e-01
-3.106972714781133238e-01 -5.135621607969113045e-01 -7.998256763155725535e-01
-3.040259952144905298e-01 -5.147264133754086979e-01 -8.016388922747739176e-01
-2.978742463844525346e-01 -5.157753470231586368e-01 -8.032725096404300658e-01
-2.970808977835109332e-01 -5.159089066275728275e-01 -8.034805164000465849e-01
-3.366448271482544441e-01 -5.087657793363463687e-01 -7.923557547784971788e-01
-4.821463271370821646e-01 -4.733538267786217557e-01 -7.372049063199839214e-01
-5.062543713444574989e-01 -4.659481727706568099e-01 -7.256712835618578383e-01
-6.059960228326882747e-01 -4.297930184826698752e-01 -6.693629669876571819e-01
-6.833209866694253121e-01 -3.944844890008749050e-01 -6.143731904265041788e-01
-6.466496654971314317e-01 -4.121356467905208931e-01 -6.418632399172015113e-01
-6.222063994896305239e-01 -4.229774110926344810e-01 -6.587482873902009706e-01
-6.048254772550855085e-01 -4.302740901225277081e-01 -6.701121916756841435e-01
-6.117280839210820220e-01 -4.274159227990819154e-01 -6.656608598077934369e-01
-6.068628217830008831e-01 -4.294358333064395294e-01 -6.688066840350638254e-01
-6.068059169178704471e-01 -4.294593070880887153e-01 -6.688432422839311053e-01
-6.119015417796692669e-01 -4.273434335263717743e-01 -6.655479644545201356e-01
-6.227262253201627518e-01 -4.227540307927495356e-01 -6.584003931856243774e-01
-6.336948163257389854e-01 -4.179687561629786829e-01 -6.509477695126241192e-01
-6.289585575635212589e-01 -4.200519919908025090e-01 -6.541922170831548922e-01
-6.238034361693500784e-01 -4.222901594347232557e-01 -6.576779563493881930e-01
-6.487700981502966258e-01 -4.111616625093659216e-01 -6.403463492740383289e-01
-7.169005308603035864e-01 -3.766855112777148795e-01 -5.866529250294943987e-01
-6.618073475917636284e-01 -4.050505650468645413e-01 -6.308288788798197544e-01
-6.900236188133129778e-01 -3.910637044774229465e-01 -6.090456341853003330e-01
-6.557097093141044386e-01 -4.079353174378020364e-01 -6.353216145371824997e-01
-6.300328192557508311e-01 -4.195817552041674614e-01 -6.534598666792326149e-01
-6.327796739080776556e-01 -4.183733086110663080e-01 -6.515778226203039480e-01
-6.425673335301854694e-01 -4.139954159049364923e-01 -6.447596587020669734e-01
-6.429760390497161193e-01 -4.138101299300005476e-01 -6.444710928934314076e-01
-6.370415482147641084e-01 -4.164809379789997101e-01 -6.486306299800131958e-01
-6.271082408622936644e-01 -4.208588228657655361e-01 -6.554487817203124012e-01
-6.136021237338380452e-01 -4.266310055735892948e-01 -6.644384236575965330e-01
-6.237997790072783433e-01 -4.222917365105192666e-01 -6.576804124994152234e-01
-6.702243241983131261e-01 -4.009899911420535812e-01 -6.245049097139350192e-01
-6.246284602737924851e-01 -4.219339976160847994e-01 -6.571232671818134641e-01
-6.164867057640682768e-01 -4.254152960617810231e-01 -6.625450682729698837e-01
-6.255902606299078572e-01 -4.215178146532821968e-01 -6.564751006206749340e-01
-6.429930780546904145e-01 -4.138024009647803259e-01 -6.444590557432939848e-01
-6.488334952337586614e-01 -4.111324574713614011e-01 -6.403008651222512615e-01
-6.496904516490040749e-01 -4.107372006333678272e-01 -6.396852890695372551e-01
-7.224835539807248352e-01 -3.735585883549780162e-01 -5.817830311152234479e-01
-6.913972142165007995e-01 -3.903548211388835898e-01 -6.079416137979799517e-01
-5.230156432697614655e-01 -4.605121267980961108e-01 -7.172051435726125579e-01
-3.812609320808550972e-01 -4.994919053263139341e-01 -7.779125517577962778e-01
-1.413071669459204094e-01 -5.348808043068852269e-01 -8.330274963971701085e-01
3.440282779403807528e-02 -5.399824725760784538e-01 -8.409728739682382770e-01
1.171222041757337268e-01 -5.365836808197934626e-01 -8.356795694325067636e-01
7.043486024755500619e-02 -5.389604008222370624e-01 -8.393810915236541437e-01
-2.922345701549771530e-04 -5.403022827969488073e-01 -8.414709488766453083e-01
-1.317279930045285041e-01 -5.355940576318339863e-01 -8.341383226350810309e-01
-3.917327046173615379e-01 -4.971208410705053038e-01 -7.742198379701468181e-01
-6.386279684184269501e-01 -4.157710739033969038e-01 -6.475250821852145400e-01
-7.385917125309167108e-01 -3.642464263273186287e-01 -5.672801980401086519e-01
-8.103022233444922007e-01 -3.166237467504499636e-01 -4.931122689983282181e-01
-9.005087923046527498e-01 -2.349438676793896563e-01 -3.659033943841806247e-01
-9.884195453523575425e-01 -8.198863154506595696e-02 -1.276897281021703023e-01
-9.999933633495831087e-01 1.968455354503651725e-03 3.065687574742290318e-03
-9.994658465739358899e-01 -1.765740284183118722e-02 -2.749977558321130972e-02
-9.899611788378983590e-01 7.636607712929489866e-02 1.189331184227559179e-01
-9.994296462060703323e-01 1.824576395081600397e-02 2.841609371923078942e-02
-9.825681993971532302e-01 1.004435407370342787e-01 1.564315462355465036e-01
-9.835623511773422534e-01 9.756175368927677560e-02 1.519434288265585631e-01
-9.895826762749456718e-01 7.778500725701598117e-02 1.211429711644143037e-01
-9.868693471767006065e-01 8.726993151541176386e-02 1.359148654722065752e-01
-9.801373859978662617e-01 1.071525927908370673e-01 1.668802757292508210e-01
-9.761901982369513009e-01 1.172003965741197223e-01 1.825288029571519588e-01
-9.749277593935369302e-01 1.202289354033026503e-01 1.872454727241387451e-01
-9.774921764344109976e-01 1.139884790912504275e-01 1.775265378583771869e-01
-9.900058077063255135e-01 7.619699487037512320e-02 1.186697884066121450e-01
-9.992353631742546538e-01 2.112498400100300960e-02 3.290021326637330989e-02
-9.996980994796701436e-01 1.327550249551428738e-02 2.067537013518938246e-02
-9.983840696469498122e-01 3.070348124945123866e-02 4.781783887169229613e-02
-9.991485310623876570e-01 2.229172909902492686e-02 3.471731109473587956e-02
-9.964648498045723946e-01 4.539119225835127475e-02 7.069259345445205733e-02
-9.923463580029053821e-01 6.671958144197930041e-02 1.039095915234804074e-01
-9.997423687499389366e-01 1.226374510735216659e-02 1.909965136338902594e-02
-9.903836847726524839e-01 -7.474971965215485015e-02 -1.164157908020543170e-01
-9.850531333884464669e-01 -9.306748294261719956e-02 -1.449440168490203629e-01
-9.895073495054738100e-01 -7.806425122081603329e-02 -1.215778678706997684e-01
-9.935314616726005355e-01 -6.135520985875265315e-02 -9.555507778184398060e-02
-9.961737444641874939e-01 -4.721967308281031089e-02 -7.354028361484793441e-02
-9.972922547463538567e-01 -3.973393084288728838e-02 -6.188193082561633390e-02
-9.964339167404180353e-01 -4.558899622226787740e-02 -7.100065487582314649e-02
-9.934138352912231795e-01 -6.190872342247207699e-02 -9.641712408168186255e-02
-9.959922238024059293e-01 -4.832456733159532641e-02 -7.526105445283248763e-02
-9.984814579105315557e-01 -2.976461706137337876e-02 -4.635564453277799674e-02
-9.957981075475413890e-01 -4.947862138610156085e-02 -7.705838715198981559e-02
-9.901441311123821976e-01 -7.567048975711020142e-02 -1.178498052761430825e-01
-9.981278070598689212e-01 -3.304636949739291063e-02 -5.146667112703985636e-02
-9.996816500842632403e-01 -1.363231526928642898e-02 -2.123107310531765698e-02
-9.999751868298255575e-01 -3.806188140957550165e-03 -5.927786812217169382e-03
-9.984502670425035031e-01 -3.006851139937169112e-02 -4.682893192225544982e-02
-9.965579663701376045e-01 -4.479044089365122328e-02 -6.975697863847123148e-02
-9.812237381875673625e-01 -1.042097007108285650e-01 -1.622969928710198406e-01
-9.872962752636572636e-01 -8.584868906309962855e-02 -1.337014114983681723e-01
-9.973370516620537751e-01 -3.940432303755019017e-02 -6.136859708347777720e-02
-9.998514357691273835e-01 9.313068933643220762e-03 1.450424549749954398e-02
-9.991560008022741801e-01 -2.219377507603689098e-02 -3.456475674267329296e-02
-9.984074911750139281e-01 -3.048033734815281184e-02 -4.747031283610049501e-02
-9.999616569462276283e-01 -4.731414593330015086e-03 -7.368741636197097440e-03
-9.984130983411779736e-01 3.042667263225602367e-02 4.738673499302142877e-02
-9.877799545003138615e-01 8.420878201551405817e-02 1.311474075947423878e-01
-9.744302865027492100e-01 1.214005499289849271e-01 1.890701542367542176e-01
-9.732406296452513761e-01 1.241551647998644786e-01 1.933602127151113348e-01
-9.691771020752200094e-01 1.331116122230574794e-01 2.073090531174576201e-01
-9.732779881506391506e-01 1.240696430627410835e-01 1.932270205010894470e-01
-9.829009823096193088e-01 9.948850750559654066e-02 1.549441701036032570e-01
-9.900598065733611230e-01 7.599189994797872494e-02 1.183503719901845136e-01
-9.923164566504878437e-01 6.684928323257230409e-02 1.041115900940515204e-01
-9.896659412347760254e-01 7.747513957986899846e-02 1.206603808504047304e-01
-9.841081596903814566e-01 9.594151868646899617e-02 1.494200623174294362e-01
-9.843950784037612811e-01 9.507836111840101134e-02 1.480757740533260314e-01
-9.901324436181518918e-01 7.571512072497754708e-02 1.179193138902585036e-01
-9.957558257310985539e-01 4.972641245034817997e-02 7.744429886954794229e-02
-9.999814612230623068e-01 3.289957937495818427e-03 5.123805905645696830e-03
-7.703140856313838158e-01 -3.445316822985028948e-01 -5.365763034000369247e-01
-3.953988471495171186e-01 -4.962728155420341736e-01 -7.728991164614014142e-01
1.298639856736479858e-01 -5.357269273668755494e-01 -8.343452549868075607e-01
2.511623742844976137e-01 -5.229828983500914852e-01 -8.144976057528419133e-01
3.162827133926345846e-01 -5.125658764553572277e-01 -7.982740553860836474e-01
3.861413521192735843e-01 -4.983962547755050876e-01 -7.762061771264442411e-01
1.311050567192730693e-02 -5.402558688446936763e-01 -8.413986634288715960e-01
-1.148078556311795256e-01 -5.367296741158874562e-01 -8.359069405195912461e-01
-1.885632385918770415e-01 -5.306098495774874690e-01 -8.263758785099545312e-01
-1.939591546691699087e-01 -5.300417519956420742e-01 -8.254911189476307198e-01
-1.362282428405161561e-01 -5.352653258539671333e-01 -8.336263532248916475e-01
-1.644040869806746297e-01 -5.329504523057867482e-01 -8.300211512793562729e-01
-5.516096979212483653e-01 -4.506674265600762452e-01 -7.018729313750085019e-01
-5.329585793272275662e-01 -4.571721124515490398e-01 -7.120033794288419537e-01
-4.722209459908776052e-01 -4.762657954174824293e-01 -7.417400287720984364e-01
-4.472249466384732308e-01 -4.832580071566138780e-01 -7.526297533470442946e-01
-4.325337386610890178e-01 -4.871461486788970507e-01 -7.586851749883996021e-01
-4.136060241090266931e-01 -4.919214550901070404e-01 -7.661222740808122378e-01
-4.024363018559216076e-01 -4.946186600626900076e-01 -7.703229219400905547e-01
-4.179898486140277702e-01 -4.908385468591897616e-01 -7.644357444368892196e-01
-4.261044981652312713e-01 -4.887974214931100070e-01 -7.612568800247675460e-01
-4.240446008938654199e-01 -4.893200863148012281e-01 -7.620708822554748130e-01
-4.278987048610753408e-01 -4.883396485445842261e-01 -7.605439408985954497e-01
-4.338681796539463620e-01 -4.867996052619385505e-01 -7.581454655939002807e-01
-4.604518275298854491e-01 -4.796180866145809407e-01 -7.469609129777521339e-01
-5.065152189734118959e-01 -4.658654086410834450e-01 -7.255423860671359471e-01
-4.542454469922344029e-01 -4.813426683238330450e-01 -7.496467898535400520e-01
-4.727294719105746834e-01 -4.761185019347642933e-01 -7.415106327643218309e-01
-5.127008620374065018e-01 -4.638858974195351759e-01 -7.224594799996555405e-01
-4.993291437036327940e-01 -4.681246048855216557e-01 -7.290608757497353265e-01
-4.993542450835926627e-01 -4.681167884054026618e-01 -7.290487023032183878e-01
-5.212161500680334569e-01 -4.611073353011689857e-01 -7.181321258930785101e-01
-5.752372994445953402e-01 -4.419600367526238527e-01 -6.883119752273008096e-01
-6.124738705625207835e-01 -4.271040201181489637e-01 -6.651751001631679427e-01
-5.824657559917676419e-01 -4.391875611409543079e-01 -6.839941002932692360e-01
-5.548255260362787711e-01 -4.495135412710625777e-01 -7.000758615125328710e-01
-5.573366732449410721e-01 -4.486057627273117299e-01 -6.986620801962194482e-01
-5.413278626738138311e-01 -4.542924457661020599e-01 -7.075185642884954662e-01
-5.924791826767874525e-01 -4.352598441652731909e-01 -6.778770435350853774e-01
-6.850947554777629955e-01 -3.935853558559087584e-01 -6.129728735210407953e-01
-7.314216359910692411e-01 -3.684459212108823767e-01 -5.738205238114196804e-01
-7.625778666246365578e-01 -3.495196353708253101e-01 -5.443445800450880112e-01
-7.786487236483302654e-01 -3.390181337333164624e-01 -5.279894602743556709e-01
-7.638962807511031627e-01 -3.486781695813954141e-01 -5.430340747245970823e-01
-7.661738251180281178e-01 -3.472163006629118698e-01 -5.407573487785179989e-01
-7.809144964442120695e-01 -3.374933163546772752e-01 -5.256146979101748995e-01
-7.871387413196095917e-01 -3.332454808731046270e-01 -5.189990861181105197e-01
-8.167186895618731013e-01 -3.117738986089905184e-01 -4.855590780394160588e-01
-8.552221779659165968e-01 -2.800179063933707080e-01 -4.361020504587287960e-01
-8.527046210691452410e-01 -2.822503404095593749e-01 -4.395788604403234046e-01
-8.335209703230603839e-01 -2.985104434930987982e-01 -4.649024705863127327e-01
-8.548710507333537878e-01 -2.803307300753709042e-01 -4.365892444775309467e-01
-8.728158198815382240e-01 -2.636943976034376580e-01 -4.106796917758149257e-01
-8.444187463767038881e-01 -2.894311152900130857e-01 -4.507622547081499564e-01
-8.237326036516435801e-01 -3.063397805495704507e-01 -4.770959405969885658e-01
-8.229846712083978000e-01 -3.069260621696842106e-01 -4.780090201209769574e-01
-8.266449236686170821e-01 -3.040410123557714117e-01 -4.735158212547749268e-01
-8.065647138321251353e-01 -3.193974413775136356e-01 -4.974320424363509741e-01
-7.691103163715590219e-01 -3.453158737922025767e-01 -5.377976092899335869e-01
-7.545334106380818806e-01 -3.545796740908551126e-01 -5.522251234347154147e-01
-7.614232580133281081e-01 -3.502537034339624489e-01 -5.454878233170403767e-01
-7.464181469254412837e-01 -3.595588844259526295e-01 -5.599797840732777532e-01
-7.222754610975802292e-01 -3.736760427551026331e-01 -5.819659555052723032e-01
-7.192514372683392887e-01 -3.753749521440298276e-01 -5.846118501110763033e-01
-7.942618526428280035e-01 -3.282744975451745151e-01 -5.112572382840615548e-01
-8.324703025374596832e-01 -2.993651184497080342e-01 -4.662335479658050175e-01
-7.930794082063673534e-01 -3.291079993659971059e-01 -5.125553404583245154e-01
-7.457189002219140050e-01 -3.599821931223936566e-01 -5.606390483070285979e-01
-7.601448164371260585e-01 -3.510634171093111600e-01 -5.467488776497870795e-01
-7.766429725998638123e-01 -3.403585875678579731e-01 -5.300770934308139948e-01
-7.710597023644689685e-01 -3.440444396460747289e-01 -5.358174679293640219e-01
-7.688284029764653749e-01 -3.454990911634626127e-01 -5.380829534392248537e-01
-7.960220810306739558e-01 -3.270274705304588303e-01 -5.093151087784899556e-01
-8.556532005195813806e-01 -2.796332485346960106e-01 -4.355029813382796378e-01
-8.547550406055338668e-01 -2.804339800632904001e-01 -4.367500468062872621e-01
-7.560617339904169842e-01 -3.536280261087400012e-01 -5.507430195162170694e-01
-7.438922259121670821e-01 -3.610838152413423652e-01 -5.623547231047300032e-01
-7.952588613152558050e-01 -3.275690926137027614e-01 -5.101586351947776654e-01
-7.890404023488363228e-01 -3.319300256305116603e-01 -5.169503859618584940e-01
-7.600122940190402465e-01 -3.511471669708737253e-01 -5.468793103311233583e-01
-8.096792589766681481e-01 -3.170886415646850254e-01 -4.938362997731699511e-01
-8.643125224394284656e-01 -2.717478168960048568e-01 -4.232221491919437861e-01
-8.397653988066114961e-01 -2.933568247346077240e-01 -4.568761849219122317e-01
-8.074834597801795466e-01 -3.187190417380028062e-01 -4.963754975973737049e-01
-8.150379616709648722e-01 -3.130552409152865811e-01 -4.875546504451686025e-01
-8.355705366253239896e-01 -2.968329988887329907e-01 -4.622900054017927141e-01
-8.087309686184896984e-01 -3.177943249877889231e-01 -4.949353365874728516e-01
-7.053611583353843750e-01 -3.829922657750263748e-01 -5.964751132011093526e-01
-6.477710456316430054e-01 -4.116212445013645027e-01 -6.410621058184892140e-01
-6.482676807356365645e-01 -4.113929361929561934e-01 -6.407065366953711427e-01
-6.210573940075259092e-01 -4.234700843677101645e-01 -6.595155805545348526e-01
-6.942052859369941542e-01 -3.888972070586650953e-01 -6.056715143698818693e-01
-7.599934517941113743e-01 -3.511590718373591158e-01 -5.468978510621488320e-01
-7.375302540671827556e-01 -3.648737616856299604e-01 -5.682572149730920064e-01
-6.923184604348020521e-01 -3.898778719916079494e-01 -6.071988095117453188e-01
-6.700566725864617323e-01 -4.010717753441100375e-01 -6.246322810619724386e-01
-6.298046847628763212e-01 -4.196817277613988373e-01 -6.536155647121182355e-01
-5.660378851200255079e-01 -4.454139981426033512e-01 -6.936912013767146945e-01
-5.182157033090663001e-01 -4.620935225641875088e-01 -7.196680215544598580e-01
-5.567113125188042355e-01 -4.488323855353063552e-01 -6.990150243079731318e-01
-9.910172383787184680e-01 -7.225689054613698703e-02 -1.125334394960974815e-01
-4.136060972595659302e-01 4.919214371352351178e-01 7.661222461177559229e-01
-5.695495370506823418e-01 4.441052673532835393e-01 6.916529739359342788e-01
-9.984121187418371068e-01 -3.043605496361866461e-02 -4.740134710836087922e-02
-9.342074928132482192e-01 1.927420926684758895e-01 3.001780239880352807e-01
-7.470971653698974535e-01 3.591469636335751225e-01 5.593382554492830616e-01
-9.825131016237330650e-01 1.006007566329723824e-01 1.566763954863190644e-01
-9.740815414403878325e-01 -1.222148416744405913e-01 -1.903383384912495924e-01
-8.500299526288206398e-01 -2.845957860205454715e-01 -4.432316755526310437e-01
-8.146546868938949748e-01 -3.133463372552462434e-01 -4.880080061336405928e-01
-7.695110241647618032e-01 -3.450551680382558661e-01 -5.373915841348749778e-01
-7.509788580600794683e-01 -3.567757948079186003e-01 -5.556453788037447605e-01
-6.826653433421286943e-01 -3.948157310151713117e-01 -6.148890692982997841e-01
-5.238321360480692190e-01 -4.602411286875426888e-01 -7.167830890218698237e-01
-4.132293376205076751e-01 -4.920138623680301304e-01 -7.662661898892639822e-01
-4.212649985622416438e-01 -4.900204737861028059e-01 -7.631616711135315034e-01
-4.206340468307629421e-01 -4.901786770625425893e-01 -7.634080581183244618e-01
-3.500431548695291384e-01 -5.061193103249385095e-01 -7.882341234970707822e-01
-3.101271508252891329e-01 -5.136627482164294323e-01 -7.999823319397331156e-01
-2.464392317592877524e-01 -5.236384348586747839e-01 -8.155185433751028778e-01
-2.716842477805722633e-01 -5.199796153664199005e-01 -8.098202696347470697e-01
-2.758125790403052613e-01 -5.193447543268563393e-01 -8.088315321476483577e-01
-2.791668710911724971e-01 -5.188212930069935336e-01 -8.080162894445359623e-01
-2.825783524692195292e-01 -5.182818642699619227e-01 -8.071761789625820915e-01
-2.764801825048606165e-01 -5.192411162930320456e-01 -8.086701254732023836e-01
-2.614328037509612845e-01 -5.215114987008466763e-01 -8.122060365730533471e-01
-3.150236307977045125e-01 -5.127921805791012533e-01 -7.986265031765237277e-01
-3.026305979513066458e-01 -5.149664108901719217e-01 -8.020126662581640309e-01
-2.937027308569536421e-01 -5.164732490659817987e-01 -8.043594276729753023e-01
-2.561876275466406505e-01 -5.222708368017593417e-01 -8.133886355970397775e-01
-2.233919071094488673e-01 -5.266481689824341617e-01 -8.202059265486032480e-01
-2.286652507477403284e-01 -5.259870567908911942e-01 -8.191763053146304818e-01
-2.293270496296188343e-01 -5.259029390649789804e-01 -8.190452997185145856e-01
-2.311467593635331552e-01 -5.256703222211691617e-01 -8.186830204490801455e-01
-1.886172403995063918e-01 -5.306042464805379444e-01 -8.263671522034835570e-01
5.297951598136061563e-02 -5.395435049167024433e-01 -8.402892223446526421e-01
1.638017545781644824e-01 -5.330045921854438262e-01 -8.301054691461461355e-01
2.934334162030722837e-01 -5.165179355134492667e-01 -8.044290226914484476e-01
3.537347175324861426e-01 -5.053694879128668438e-01 -7.870663442803910170e-01
4.293905171637375506e-01 -4.879572349814178533e-01 -7.599483670613073061e-01
5.208830706311656789e-01 -4.612171971174022778e-01 -7.183032255343249073e-01
5.502445918730044516e-01 -4.511543307265019065e-01 -7.026312396849665465e-01
5.593773023428550983e-01 -4.478636939294315389e-01 -6.975063765181753750e-01
5.895846377416011919e-01 -4.364057395337873624e-01 -6.796616698336556128e-01
5.827407631767815843e-01 -4.390810504439728867e-01 -6.838282197110320260e-01
6.554606409693054525e-01 -4.080521510508631211e-01 -6.355035721086631506e-01
6.875818615091704444e-01 -3.923172150747461506e-01 -6.109978612725082137e-01
5.997561126964361389e-01 -4.323406429715480614e-01 -6.733306570461560225e-01
5.190288930256401478e-01 -4.618270134408543059e-01 -7.192529581870897859e-01
2.291375666056102989e-01 -5.259270494543092367e-01 -8.190828494251018999e-01
1.830104044898412385e-01 -5.311771274540462162e-01 -8.272593614569330178e-01
1.472308182514660002e-01 -5.344141786721836596e-01 -8.323007700291639166e-01
2.503479184424693416e-01 -5.230968855869861933e-01 -8.146751303560937352e-01
2.741083527415089649e-01 -5.196080873471069506e-01 -8.092416490275434748e-01
3.542385928333666723e-01 -5.052664448254197138e-01 -7.869058641800285026e-01
3.064434615780587401e-01 -5.143077468577623712e-01 -8.009868578061369870e-01
3.258473991044304463e-01 -5.108138907595018985e-01 -7.955454993298735067e-01
2.626407736376291657e-01 -5.213342831107348196e-01 -8.119300396440839451e-01
2.202190047340562007e-01 -5.270381300396393964e-01 -8.208132549114092180e-01
1.881826134584347610e-01 -5.306492951385902712e-01 -8.264373113315194308e-01
2.043591700706693937e-01 -5.288997524249114957e-01 -8.237125599946225618e-01
2.294784797519981157e-01 -5.258836555176854555e-01 -8.190152673730008992e-01
2.764051195598086208e-01 -5.192527825177347678e-01 -8.086882945416719037e-01
2.032191533884353807e-01 -5.290279677477672804e-01 -8.239122435288570578e-01
1.912562608994870794e-01 -5.303283999080339317e-01 -8.259375466206461125e-01
2.306142989736209847e-01 -5.257385885580025953e-01 -8.187893389693985391e-01
2.617858004980089803e-01 -5.214598029122531342e-01 -8.121255251525658636e-01
2.469416051897458109e-01 -5.235693393650118210e-01 -8.154109335195333097e-01
2.147586164790300789e-01 -5.276955172930493099e-01 -8.218370748979594298e-01
1.803701282576470333e-01 -5.314407044876143793e-01 -8.276698583650536900e-01
2.130944965237691335e-01 -5.278924231102422038e-01 -8.221437375386850821e-01
2.197908282247559575e-01 -5.270903053849929076e-01 -8.208945131972992248e-01
1.893787774290130732e-01 -5.305250540658341674e-01 -8.262438173250896689e-01
1.885456304199779887e-01 -5.306116761991641617e-01 -8.263787233046639980e-01
2.011717769791702970e-01 -5.292563542226519369e-01 -8.242679343890492172e-01
1.914716503749334109e-01 -5.303057105260985393e-01 -8.259022100019522972e-01
1.526401025106652876e-01 -5.339709580470329842e-01 -8.316104948038277600e-01
8.876020469606216157e-02 -5.381697454830003391e-01 -8.381497187907873681e-01
7.100639307449162219e-02 -5.389385074386725538e-01 -8.393469945989719960e-01
7.134279274997254450e-02 -5.389255380288933139e-01 -8.393267959399977052e-01
2.051429804714166583e-01 -5.288111646356258300e-01 -8.235745926872787281e-01
2.268776166326246235e-01 -5.262129916328927015e-01 -8.195281779828323954e-01
2.119460812932270066e-01 -5.280273728486178930e-01 -8.223539093036716929e-01
2.169106496366911829e-01 -5.274384977746165992e-01 -8.214367907145652126e-01
3.213994098322492388e-01 -5.116358784423080674e-01 -7.968256692966471100e-01
2.834628375252046251e-01 -5.181408460409904215e-01 -8.069565560834648377e-01
2.380821197607903561e-01 -5.247659281456070746e-01 -8.172745101296675641e-01
2.246842439117309742e-01 -5.264876535483713482e-01 -8.199559385716672644e-01
1.673471265198737956e-01 -5.326829827104849757e-01 -8.296045920655227279e-01
6.023820245617120261e-02 -5.393211334193432904e-01 -8.399428992569221153e-01
8.132710962411784927e-02 -5.385125351226984769e-01 -8.386835820235849503e-01
1.227070821222965707e-01 -5.362192042537858860e-01 -8.351119308131508268e-01
1.269970348225376855e-01 -5.359275303184034556e-01 -8.346576755731057728e-01
1.130543355798798860e-01 -5.368383234554612304e-01 -8.360761518403222459e-01
1.245039876472931878e-01 -5.360982716465527709e-01 -8.349235894364833710e-01
1.886841959135363289e-01 -5.305972970282748502e-01 -8.263563290728467292e-01
1.143108120647660514e-01 -5.367606433483821382e-01 -8.359551722415050623e-01
8.344632663762623082e-02 -5.384178790175504492e-01 -8.385361638742415691e-01
9.666503151105400315e-02 -5.377720542084948319e-01 -8.375303513278445910e-01
1.009246150397161007e-01 -5.375435632539483644e-01 -8.371744977502202367e-01
1.252059685305260961e-01 -5.360505429344109007e-01 -8.348492563715057546e-01
1.437445778451465483e-01 -5.346911703620047529e-01 -8.327321590265565066e-01
8.600583350688202622e-02 -5.383002877666531738e-01 -8.383530263517421366e-01
7.302604264654086186e-02 -5.388597171838548361e-01 -8.392242860474913302e-01
4.540226467397470711e-02 -5.397451382848924561e-01 -8.406032477098197564e-01
5.790651135287312734e-02 -5.393956840810679720e-01 -8.400590050333703873e-01
5.851881097737555992e-02 -5.393763930523569616e-01 -8.400289610362392523e-01
5.442930084075424391e-02 -5.395013762586361450e-01 -8.402236108471506926e-01
7.608717445621870912e-02 -5.387360609739054729e-01 -8.390317029109146674e-01
7.229313637410510196e-02 -5.388885659787803206e-01 -8.392692153835553670e-01
7.836484794868051051e-02 -5.386407394252865632e-01 -8.388832483947695762e-01
9.064884728686656290e-02 -5.380778370030147029e-01 -8.380065798140964306e-01
7.960249637984009863e-02 -5.385877571724074775e-01 -8.388007334248661628e-01
1.459156310273844286e-02 -5.402447839209204572e-01 -8.413813996829598851e-01
-3.747301869605588684e-03 -5.402985123190402472e-01 -8.414650767052249680e-01
-4.379146081530383675e-04 -5.403022540614657032e-01 -8.414709041237821152e-01
7.730523090924411658e-03 -5.402861611273211961e-01 -8.414458408638331166e-01
1.970435838011399057e-02 -5.401974063285542860e-01 -8.413076134546334517e-01
3.002161793974286730e-02 -5.400587644093670647e-01 -8.410916914587303062e-01
2.087686350003690669e-02 -5.401845494308941120e-01 -8.412875900229022097e-01
9.727835829578666826e-03 -5.402767406463092614e-01 -8.414311693339351361e-01
3.290156287425451739e-03 -5.402993814393086680e-01 -8.414664302798445794e-01
2.567429738742560072e-02 -5.401242011000694232e-01 -8.411936030663058617e-01
5.892468280814999737e-02 -5.393634934958946303e-01 -8.400088711673603381e-01
6.542618911388077552e-02 -5.391446603861205222e-01 -8.396680587917879635e-01
8.513957255890129694e-02 -5.383404869102601520e-01 -8.384156328085203835e-01
6.483249127375165233e-02 -5.391655967881281430e-01 -8.397006653060009596e-01
-5.796302609104938717e-04 -5.403022151051145583e-01 -8.414708434528598291e-01
-6.127249236829638429e-02 -5.392871187153088774e-01 -8.398899244941073761e-01
-3.094774225342030588e-02 -5.400435031740923320e-01 -8.410679234930256154e-01
-3.603246985746230008e-02 -5.399514442003945369e-01 -8.409245501362648811e-01
-3.691049857473092249e-02 -5.399341305734489671e-01 -8.408975857599180204e-01
-5.329247971413451218e-02 -5.395345071723807173e-01 -8.402752091881414698e-01
-5.461402257603123478e-02 -5.394959265866624554e-01 -8.402151234859220885e-01
-5.690347573262270753e-02 -5.394268456746232898e-01 -8.401075363398859963e-01
-7.381391911212320522e-02 -5.388283783416850659e-01 -8.391754786926144405e-01
-5.465105418179286995e-02 -5.394948318495620398e-01 -8.402134185339054095e-01
-2.656261786921137319e-02 -5.401116609639906585e-01 -8.411740729615085899e-01
-5.468603507655193756e-03 -5.402942267688464195e-01 -8.414584023562486914e-01
2.152405322562473550e-02 -5.401771344279246989e-01 -8.412760418399991558e-01
5.140386570686784201e-02 -5.395879977910387204e-01 -8.403585158908358776e-01
5.666961253341321753e-02 -5.394340326394383434e-01 -8.401187293744057927e-01
6.186179215855201058e-02 -5.392674784755348005e-01 -8.398593366329688559e-01
1.011149627941339696e-01 -5.375331204191158285e-01 -8.371582339985846888e-01
9.902591910665217712e-02 -5.376466413365965646e-01 -8.373350323523791605e-01
8.940976238760195427e-02 -5.381383556314127681e-01 -8.381008319934489803e-01
1.062677094109599762e-01 -5.372428739552477239e-01 -8.367062019137025963e-01
1.326440663998070535e-01 -5.355280520775144160e-01 -8.340355250749134086e-01
1.479865422318010770e-01 -5.343532396428239961e-01 -8.322058631141060481e-01
1.983133454618060398e-01 -5.295711847345514478e-01 -8.247582538602385993e-01
1.367455950036367829e-01 -5.352268137314736274e-01 -8.335663741478274158e-01
1.280679770135357554e-01 -5.358531283125856914e-01 -8.345418013145153857e-01
1.287619919250665157e-01 -5.358045735255649866e-01 -8.344661817141403315e-01
1.155606956142766345e-01 -5.366825076876534650e-01 -8.358334831599152359e-01
1.138819916448625957e-01 -5.367872524136703127e-01 -8.359966134053308240e-01
1.234858344967208754e-01 -5.361670130449935900e-01 -8.350306478214186701e-01
8.967805734491393621e-02 -5.381253229578543129e-01 -8.380805348069763072e-01
7.729281676108065713e-02 -5.386859566757794537e-01 -8.389536700899749011e-01
9.066146863222018792e-02 -5.380772162383933299e-01 -8.380056130304799344e-01
1.014883766309410129e-01 -5.375125764798330819e-01 -8.371262387088509449e-01
1.068640524546208281e-01 -5.372083411966046551e-01 -8.366524203286384020e-01
1.199832694370628339e-01 -5.363991154456784205e-01 -8.353921258931561455e-01
1.294270981952743704e-01 -5.357577908431874203e-01 -8.343933220032253573e-01
9.626995599139138993e-02 -5.377927426689661505e-01 -8.375625716959937961e-01
9.102640337323872344e-02 -5.380592297057796847e-01 -8.379776006656475262e-01
1.180196033727159838e-01 -5.365262764509547422e-01 -8.355901674250484357e-01
1.227653706317853727e-01 -5.362153094231998374e-01 -8.351058649739100392e-01
1.122442295397952650e-01 -5.368879461518772933e-01 -8.361534346110387483e-01
1.260143347083417242e-01 -5.359952431831718211e-01 -8.347631321117545689e-01
1.257138948064053796e-01 -5.360158382829393053e-01 -8.347952070792223900e-01
1.037749081120489802e-01 -5.373851102990734319e-01 -8.369277218943035335e-01
1.250468595087035339e-01 -5.360613848822611827e-01 -8.348661417048380828e-01
1.456890134827672212e-01 -5.345375157692859869e-01 -8.324928561769274760e-01
1.570844266177422455e-01 -5.335945486708347785e-01 -8.310242719337043171e-01
1.543111090199847379e-01 -5.338307314057596509e-01 -8.313921047495063110e-01
1.519047817389163058e-01 -5.340321690168793323e-01 -8.317058252411001495e-01
1.510340228709904642e-01 -5.341042631172997490e-01 -8.318181051499969891e-01
1.503176059176047907e-01 -5.341632605364804443e-01 -8.319099881863636359e-01
1.507201963680470658e-01 -5.341301422697619650e-01 -8.318584095419491176e-01
1.549525122990470793e-01 -5.337764910971812826e-01 -8.313076304739386302e-01
1.842922378569296082e-01 -5.310477338513077683e-01 -8.270578428605072085e-01
1.980337029970183349e-01 -5.296017329274389507e-01 -8.248058298518158304e-01
2.037087794722348688e-01 -5.289729921920116595e-01 -8.238266241736561524e-01
2.077929359816517996e-01 -5.285090384604632652e-01 -8.231040590482601171e-01
2.085502764877164850e-01 -5.284219481806631258e-01 -8.229684239737570239e-01
2.337211233682673639e-01 -5.253379176268406781e-01 -8.181653309661622853e-01
2.506968748788548917e-01 -5.230480957313979884e-01 -8.145991446581160034e-01
2.870396963172210936e-01 -5.175656759375918403e-01 -8.060607817214413551e-01
2.886804541144191161e-01 -5.172992074242611649e-01 -8.056457816004028993e-01
2.953608180714101250e-01 -5.161971395096963677e-01 -8.039294125171652095e-01
2.744120286002514897e-01 -5.195612933290997271e-01 -8.091687716624313964e-01
2.511256809971578186e-01 -5.229880422616770552e-01 -8.145056169204802909e-01
2.545818569254725827e-01 -5.225000085341225953e-01 -8.137455494232949116e-01
2.754252771002538847e-01 -5.194047543638365960e-01 -8.089249766687210963e-01
3.124119584070299549e-01 -5.132584025300450659e-01 -7.993526008443273545e-01
3.137484178161408788e-01 -5.130203626878528933e-01 -7.989818757553216466e-01
2.999012896801003247e-01 -5.154323197339869544e-01 -8.027382762905065361e-01
3.210196749528712035e-01 -5.117054692767654123e-01 -7.969340505997960511e-01
3.231846630548441124e-01 -5.113074797257928239e-01 -7.963142185987793775e-01
3.486889823716307069e-01 -5.063921191502535057e-01 -7.886589980689703294e-01
3.934321266273555495e-01 -4.967289052219986401e-01 -7.736094340521133539e-01
4.784068951826051519e-01 -4.744601387365401379e-01 -7.389278851091242162e-01
4.535702024524688181e-01 -4.815285190220015554e-01 -7.499362351665002091e-01
4.215094768632288713e-01 -4.899590964107898849e-01 -7.630660815151000254e-01
4.159359877200303757e-01 -4.913476177740240258e-01 -7.652285754120493610e-01
4.343933187068915736e-01 -4.866628703904893327e-01 -7.579325136488754833e-01
4.591528515524208043e-01 -4.799814874215644900e-01 -7.475268762016943347e-01
4.402967252674636067e-01 -4.851116803864660154e-01 -7.555166783542019981e-01
4.435567791434720242e-01 -4.842439284730485904e-01 -7.541652348211618229e-01
4.459899848084378227e-01 -4.835910686803699399e-01 -7.531484659369274137e-01
4.735767163607633168e-01 -4.758726457460784043e-01 -7.411277344369081588e-01
5.158373873267415588e-01 -4.628697009910301974e-01 -7.208768478321351258e-01
5.514937373389647846e-01 -4.507088545765881027e-01 -7.019374516879411940e-01
5.600067422173468090e-01 -4.476340036943033396e-01 -6.971486551717089863e-01
5.753098084521495181e-01 -4.419324836475050367e-01 -6.882690638085505741e-01
5.907929564512780507e-01 -4.359284375808401557e-01 -6.789183160851428589e-01
6.085241521036260925e-01 -4.287489809612680669e-01 -6.677369748869963484e-01
6.358918251526495258e-01 -4.169935399267168941e-01 -6.494289602130611794e-01
6.248398566291778478e-01 -4.218426138814815318e-01 -6.569809454476345234e-01
6.304478008622003138e-01 -4.193997489650624910e-01 -6.531764087565150589e-01
6.136595242621144530e-01 -4.266069033810557798e-01 -6.644008867167637833e-01
5.943344120494060689e-01 -4.345208449030620868e-01 -6.767261203756035348e-01
6.128156146717821384e-01 -4.269608928092983313e-01 -6.649521925867547534e-01
6.311645817221858135e-01 -4.190849082684495186e-01 -6.526860734235743200e-01
5.669941999060807980e-01 -4.450587792354679939e-01 -6.931379807067985510e-01
4.711019122870347409e-01 -4.765892031137587415e-01 -7.422437064164918441e-01
3.910212926277669698e-01 -4.972843181036769034e-01 -7.744744383644119878e-01
3.193974891956021245e-01 -5.120017213752313667e-01 -7.973954359063921693e-01
2.429090978856900951e-01 -5.241197415163455497e-01 -8.162681340816870801e-01
2.238887414575945478e-01 -5.265865747302685973e-01 -8.201099991844860160e-01
2.240157942039517069e-01 -5.265708004378989449e-01 -8.200854321796987589e-01
2.423880858526816506e-01 -5.241901523493011084e-01 -8.163777924568316191e-01
2.335009608858023000e-01 -5.253664974647119790e-01 -8.182098414264323827e-01
2.432904640823396747e-01 -5.240681009159753323e-01 -8.161877086117647062e-01
2.602683378144706738e-01 -5.216815020797782587e-01 -8.124708011486190262e-01
2.064540911514768651e-01 -5.286621887963939281e-01 -8.233425765644720729e-01
2.398135807130997998e-01 -5.245357208347229960e-01 -8.169159834854249347e-01
2.547540535128802186e-01 -5.224755068258538637e-01 -8.137073902735697528e-01
2.389237413561476897e-01 -5.246542508683482708e-01 -8.171005830753965693e-01
2.562326925773688591e-01 -5.222643829859167086e-01 -8.133785843743929211e-01
3.211296336259346629e-01 -5.116853275062063222e-01 -7.969026816507391864e-01
3.082847634807547865e-01 -5.139864071227383535e-01 -8.004864008205722081e-01
2.935895651093566872e-01 -5.164920317312144959e-01 -8.043886799408983546e-01
3.019015952025588256e-01 -5.150913103842554852e-01 -8.022071856950553359e-01
3.336430071879901149e-01 -5.093427125746459172e-01 -7.932542750604351101e-01
4.322499599737185116e-01 -4.872196743284336051e-01 -7.587996844029480936e-01
4.656807035871166622e-01 -4.781420457750360509e-01 -7.446621155723389673e-01
4.645722431685084808e-01 -4.784567228239710590e-01 -7.451521960391217503e-01
3.741423784049604517e-01 -5.010608379830929771e-01 -7.803560195969273527e-01
3.833762225129020984e-01 -4.990190304743210015e-01 -7.771760928105073685e-01
4.383603853079530155e-01 -4.856233315711513399e-01 -7.563135278615599200e-01
4.297786393569429375e-01 -4.878574756716250183e-01 -7.597930011416297313e-01
4.442234952848075347e-01 -4.840654828294766454e-01 -7.538873221974317085e-01
4.657664508580733331e-01 -4.781176633829130607e-01 -7.446241422465010862e-01
3.631850238216073889e-01 -5.034088639239941987e-01 -7.840128533349769446e-01
3.587428876466219885e-01 -5.043378473232805748e-01 -7.854596592571018165e-01
3.906407111914144137e-01 -4.973716287817273041e-01 -7.746104166888524434e-01
4.228089867984046735e-01 -4.896321213344628775e-01 -7.625568480054587539e-01
4.224329030503004012e-01 -4.897268752801407499e-01 -7.627044185323990089e-01
4.555636835232707571e-01 -4.809788395161148644e-01 -7.490801600579477526e-01
4.840788703810515736e-01 -4.727776845414620732e-01 -7.363076179493315276e-01
4.302556456691207232e-01 -4.877347189686220830e-01 -7.596018189041197077e-01
3.934332379785940303e-01 -4.967286482557449201e-01 -7.736090338508847530e-01
3.577688906987618322e-01 -5.045397844063415072e-01 -7.857741576301551234e-01
3.263807344247123821e-01 -5.107144823598851469e-01 -7.953906799204147893e-01
3.067210697965510047e-01 -5.142594353799230245e-01 -8.009116171373605875e-01
2.915418550646435847e-01 -5.168305324607345153e-01 -8.049158635918539639e-01
2.791363233392720744e-01 -5.188260911502885486e-01 -8.080237621099677359e-01
2.529838689156480025e-01 -5.227265402497277558e-01 -8.140983516670575737e-01
2.419076961033517770e-01 -5.242549310708702892e-01 -8.164786793381965113e-01
2.402908153688352866e-01 -5.244719587319924825e-01 -8.168166798940919016e-01
2.303769716119220268e-01 -5.257689625419523782e-01 -8.188366436466303355e-01
2.388590746627298200e-01 -5.246628465054832269e-01 -8.171139699870687556e-01
2.438236909868708724e-01 -5.239957525539493677e-01 -8.160750327138792670e-01
2.458478882485978234e-01 -5.237195751928546139e-01 -8.156449119583355500e-01
2.688508121744785928e-01 -5.204093646030730769e-01 -8.104895644155752921e-01
2.708630147052937809e-01 -5.201046726857301294e-01 -8.100150348698654801e-01
3.609826303586183838e-01 -5.038710932348948734e-01 -7.847327328343356445e-01
3.793346276086879132e-01 -4.999198699771592036e-01 -7.785790672109019761e-01
3.168075674377644479e-01 -5.124712444063401762e-01 -7.981266747019445384e-01
2.521176943126779424e-01 -5.228486927927935568e-01 -8.142885929812144763e-01
2.619402414771118126e-01 -5.214371617376305501e-01 -8.120902636123132901e-01
3.317463250188521506e-01 -5.097042471518220541e-01 -7.938173318036589876e-01
3.609882303850759366e-01 -5.038699220257478739e-01 -7.847309087841628505e-01
3.013509568719988652e-01 -5.151854311287907828e-01 -8.023537700696448116e-01
2.201820398247514299e-01 -5.270426385984335882e-01 -8.208202765757023345e-01
2.115691582475575649e-01 -5.280714984662779887e-01 -8.224226308814707176e-01
3.001309294712301567e-01 -5.153932976775125185e-01 -8.026775030383213050e-01
3.190276013376361353e-01 -5.120690382116851458e-01 -7.975002756674846038e-01
3.013088552956991739e-01 -5.151926197836266264e-01 -8.023649657362159626e-01
2.838427438406805892e-01 -5.180801284079843416e-01 -8.068619939727984525e-01
2.718279597195707997e-01 -5.199576889005825819e-01 -8.097861211874778364e-01
2.775856276486863838e-01 -5.190689115370527018e-01 -8.084019324560178799e-01
2.805884761756733403e-01 -5.185973709865615566e-01 -8.076675515601949851e-01
2.667851428096450483e-01 -5.207196059241216979e-01 -8.109727366454835273e-01
2.340245975199546635e-01 -5.252984761897445676e-01 -8.181039045673573762e-01
1.987659711409405783e-01 -5.295216447268762394e-01 -8.246810998696058048e-01
1.964741180924844954e-01 -5.297712796415138259e-01 -8.250698832140059835e-01
1.477519087631574690e-01 -5.343721938337911981e-01 -8.322353825175330400e-01
6.686816327580602515e-02 -5.390930118610646193e-01 -8.395876209798988077e-01
-5.016133302296119784e-02 -5.396221343995777353e-01 -8.404116805086681019e-01
-1.462025502484471662e-01 -5.344965826191112601e-01 -8.324291065726510119e-01
-2.068015831971761753e-01 -5.286225385969248736e-01 -8.232808250375348580e-01
-1.239040114484630389e-01 -5.361388488771018368e-01 -8.349867847287855138e-01
-9.107900907952862224e-02 -5.380566309209714460e-01 -8.379735532981125168e-01
-5.972959107910478377e-02 -5.393376469638366810e-01 -8.399686175786776898e-01
-2.107104473287191651e-02 -5.401823484314328683e-01 -8.412841621693394334e-01
-3.290164344322127343e-02 -5.400097831574837137e-01 -8.410154076786837685e-01
-9.468885062267914932e-02 -5.378746827011575693e-01 -8.376901857350872449e-01
-1.184673117041398771e-01 -5.364974715357904156e-01 -8.355453064276634478e-01
-1.329900498761311389e-01 -5.355030019010822429e-01 -8.339965117366341385e-01
-1.317273554501479926e-01 -5.355941034072322360e-01 -8.341383939260398339e-01
-1.385426803284250941e-01 -5.350918811144775855e-01 -8.333562290478098156e-01
-1.645668008504403701e-01 -5.329357919393622467e-01 -8.299983191114402858e-01
-9.303103900762070555e-02 -5.379591276975507208e-01 -8.378217010247782648e-01
-5.673710613758728427e-02 -5.394319615085652053e-01 -8.401155037791850910e-01
-3.966908313515088436e-02 -5.398770188684622884e-01 -8.408086395494034360e-01
1.974641509204468764e-02 -5.401969580146898098e-01 -8.413069152471577272e-01
4.202250250302624890e-02 -5.398250376611152257e-01 -8.407276836155441746e-01
5.092488804726586632e-02 -5.396012561255556506e-01 -8.403791645234287566e-01
4.530014387703933110e-02 -5.397476431648302597e-01 -8.406071488291844140e-01
7.779761365484215430e-02 -5.386647428880394495e-01 -8.389206315730793895e-01
7.693275075173862387e-02 -5.387010033469347148e-01 -8.389771038918623081e-01
8.657904981544653489e-02 -5.382734620614852972e-01 -8.383112477912945115e-01
8.272925522136428955e-02 -5.384501818619106261e-01 -8.385864725735763248e-01
6.707229029496979134e-02 -5.390856090752353946e-01 -8.395760918240643411e-01
3.022389718590183343e-03 -5.402998380750512197e-01 -8.414671414478775979e-01
-1.057036372554249690e-02 -5.402721203371222414e-01 -8.414239736287169036e-01
-1.819548326273848476e-03 -5.403014114628188480e-01 -8.414695918541407194e-01
1.944516129899971288e-02 -5.402001481968772278e-01 -8.413118836615394169e-01
4.566994850949321338e-02 -5.397385455502357043e-01 -8.405929801339386831e-01
7.332953407202774665e-02 -5.388476854427891594e-01 -8.392055477210147441e-01
8.701846505644744711e-02 -5.382527764843445528e-01 -8.382790319136665946e-01
1.206011783389995262e-01 -5.363586612126296504e-01 -8.353291221581110593e-01
1.285505311856553756e-01 -5.358193960403656586e-01 -8.344892664131897675e-01
1.212376263566767587e-01 -5.363167727681603658e-01 -8.352638847711209014e-01
1.362813983200503176e-01 -5.352613757725233068e-01 -8.336202013375380027e-01
1.674771811085654372e-01 -5.326710504604007523e-01 -8.295860086870692207e-01
2.306988738955547680e-01 -5.257277563815165866e-01 -8.187724688540644058e-01
2.630191888210946516e-01 -5.212785871097407320e-01 -8.118432982619033789e-01
2.950283367947655888e-01 -5.162526417188908479e-01 -8.040158520865000602e-01
3.284053187921134875e-01 -5.103354625098647235e-01 -7.948003914781954782e-01
3.492921755959861874e-01 -5.062707498328739009e-01 -7.884699765565473806e-01
3.483026331788467433e-01 -5.064697315284332202e-01 -7.887798721862764317e-01
3.333469545299339587e-01 -5.093992971015289806e-01 -7.933424002396988195e-01
3.213159729239298268e-01 -5.116511770905590728e-01 -7.968494955296099302e-01
3.205582888349651216e-01 -5.117899002357487737e-01 -7.970655440275168369e-01
3.233240406937751277e-01 -5.112817556426487720e-01 -7.962741557129812131e-01
3.268420733439988957e-01 -5.106283465915504305e-01 -7.952565314094411919e-01
3.482027059703453054e-01 -5.064897896267839261e-01 -7.888111108235895674e-01
3.905213894332498215e-01 -4.973989821935637656e-01 -7.746530171037423473e-01
4.257034497065794731e-01 -4.888994233241522602e-01 -7.614157384643617243e-01
4.572305809581187486e-01 -4.805168755836161099e-01 -7.483606938609622672e-01
5.071766308389900058e-01 -4.656552926685163518e-01 -7.252151498283865294e-01
5.268841566537267873e-01 -4.592229786315948914e-01 -7.151974142598789275e-01
5.122344867133681312e-01 -4.640362788194828392e-01 -7.226936851535784578e-01
4.956058150362441239e-01 -4.692782531940203894e-01 -7.308575765369264010e-01
4.940728889081849040e-01 -4.697498930345787027e-01 -7.315921120678668954e-01
4.995229191632855059e-01 -4.680642503208431449e-01 -7.289668790844868740e-01
4.899489961922037229e-01 -4.710091297145083677e-01 -7.335532570003580055e-01
4.754692087581420812e-01 -4.753214245869079591e-01 -7.402692583456229602e-01
5.179027670350725421e-01 -4.621959298764293234e-01 -7.198275114936063535e-01
5.673160450006193845e-01 -4.449390325636046750e-01 -6.929514863150368909e-01
6.163140392888813990e-01 -4.254883248647078897e-01 -6.626588038947704984e-01
6.553121248587860936e-01 -4.081217803300137836e-01 -6.356120132858745775e-01
6.395391261690461793e-01 -4.153620164831736683e-01 -6.468880129991314565e-01
6.309271438609648230e-01 -4.191892669169349772e-01 -6.528486023888601109e-01
6.322303967953066817e-01 -4.186156565864238011e-01 -6.519552572291801296e-01
6.374603347467254766e-01 -4.162938356175504007e-01 -6.483392353169910027e-01
6.812089021275078426e-01 -3.955494219390129351e-01 -6.160317252105999009e-01
6.425828842777170369e-01 -4.139883696723477002e-01 -6.447486848450034724e-01
6.029516775489447422e-01 -4.310411362723913786e-01 -6.713067952746486489e-01
5.703841790157804237e-01 -4.437924502296484164e-01 -6.911657901311806240e-01
5.496075270417660752e-01 -4.513809659315459188e-01 -7.029842031039807981e-01
5.472621168805896774e-01 -4.522121066685460544e-01 -7.042786281080601896e-01
5.706464660093687469e-01 -4.436940069732847047e-01 -6.910124738432794622e-01
5.681928429662013169e-01 -4.446122997904400354e-01 -6.924426301702124587e-01
5.520105615804457022e-01 -4.505241177517430029e-01 -7.016497411298993070e-01
5.907026189731025001e-01 -4.359641739731343613e-01 -6.789739722185530457e-01
6.884578787925539345e-01 -3.918684713563397870e-01 -6.102989843390717040e-01
5.625609667828529448e-01 -4.466980670311805901e-01 -6.956910201827739559e-01
4.970620287188912134e-01 -4.688284210590013545e-01 -7.301570044950496108e-01
4.639461192370157305e-01 -4.786340483732542395e-01 -7.454283642193542114e-01
3.874723686186393179e-01 -4.980946015824556650e-01 -7.757363801134222747e-01
2.764959940015929707e-01 -5.192386584451350595e-01 -8.086662976019016735e-01
-2.424062193233019191e-01 -5.241877044460726554e-01 -8.163739800734342023e-01
-8.537250186254032869e-01 -2.813484341571722558e-01 -4.381742246759411930e-01
-8.808875934002771135e-01 -2.557388698309815411e-01 -3.982896913692850482e-01
-6.912269025582181703e-01 -3.904428618682105334e-01 -6.080787291099180036e-01
-7.896805053907275385e-01 -3.314853499678565019e-01 -5.162578446498732321e-01
-8.440293595446449748e-01 -2.897624896195643007e-01 -4.512783396487453635e-01
-8.321939407217314733e-01 -2.995893437042589924e-01 -4.665827581093053844e-01
-8.515103763195494002e-01 -2.833008968960851193e-01 -4.412150052276249124e-01
-9.123446905673328056e-01 -2.212121729386270219e-01 -3.445175469223138442e-01
-9.300366885695354746e-01 -1.985430923314220331e-01 -3.092125456738281097e-01
-8.512468496696941056e-01 -2.835319947283987951e-01 -4.415749187768213124e-01
-8.567049461237107311e-01 -2.786915931366044097e-01 -4.340364399473288226e-01
-8.710117670735643136e-01 -2.654300733088205688e-01 -4.133828465268740704e-01
-8.889720472578147570e-01 -2.474376330425663573e-01 -3.853612810708179071e-01
-9.633281418392450890e-01 -1.449772057212900533e-01 -2.257886200892199602e-01
-9.561252909657256271e-01 -1.582859181594309661e-01 -2.465157116455913844e-01
-9.169637497941879323e-01 -2.155646958122311441e-01 -3.357221224208529753e-01
-8.443385109654233389e-01 -2.894994404223363293e-01 -4.508686647970182038e-01
-8.264387674247941629e-01 -3.042045757101600190e-01 -4.737705560863701981e-01
-8.666425103830088794e-01 -2.695728206235851743e-01 -4.198347931961818325e-01
-9.061419345247021528e-01 -2.285336932813199495e-01 -3.559201392602417413e-01
-9.135150905217543915e-01 -2.197975941140697109e-01 -3.423144709338149516e-01
-9.338199206263080310e-01 -1.932895957079273641e-01 -3.010307094509490633e-01
-9.471004315116484662e-01 -1.734031818312115059e-01 -2.700594548636673364e-01
-9.544749714128268891e-01 -1.611673226054563257e-01 -2.510032331876862477e-01
-9.644655399008007501e-01 -1.427525546954490632e-01 -2.223239313969137820e-01
-9.655941313465729037e-01 -1.405076621952858762e-01 -2.188277184761397987e-01
-9.480153292233981510e-01 -1.719375187072254285e-01 -2.677768197926296279e-01
-9.483542718593480636e-01 -1.713909900206463666e-01 -2.669256517944058604e-01
-9.854761445718436264e-01 -9.175085422135735580e-02 -1.428934891080277936e-01
-9.999954701882253216e-01 -1.626265336411918290e-03 -2.532758197266424521e-03
-9.999848272525525550e-01 2.976338252013610314e-03 4.635372184871865663e-03
-9.958298051512115556e-01 -4.929203483464443536e-02 -7.676779581543376196e-02
-9.975257024381259940e-01 -3.798472378419213286e-02 -5.915770224038360836e-02
-9.990002249854074146e-01 2.415429588650693307e-02 3.761808699724602384e-02
-9.979680512323413355e-01 -3.442607158666546874e-02 -5.361542981859544060e-02
-9.919620634895188749e-01 -6.836749039638172210e-02 -1.064760576585947194e-01
-9.867242610339472808e-01 -8.774754424232152072e-02 -1.366587032224892972e-01
-9.794330215742047541e-01 -1.090165597369661121e-01 -1.697832322496536095e-01
-9.604430303099693589e-01 -1.504615188250822133e-01 -2.343299316814919930e-01
-8.853077396664201792e-01 -2.512435967918416613e-01 -3.912887184136957797e-01
-6.935665032426882037e-01 -3.892297857022414265e-01 -6.061894749184429942e-01
-4.834223748045389790e-01 -4.729737404677272772e-01 -7.366129569633613761e-01
-2.678910474734358949e-01 -5.205538315539203209e-01 -8.107145583607822115e-01
4.345741240450760878e-02 -5.397918716931009442e-01 -8.406760306807632421e-01
2.177142666900906687e-01 -5.273418314103955895e-01 -8.212862417722129882e-01
1.713309054349628491e-01 -5.323131478303297914e-01 -8.290286083663225281e-01
1.922287654212439384e-03 -5.403013076074258958e-01 -8.414694301089494788e-01
-1.743134080541963726e-01 -5.320303981900919021e-01 -8.285882518924724272e-01
-4.024864711965854824e-01 -4.946067429515452196e-01 -7.703043621391379991e-01
-4.200974261668290466e-01 -4.903130013136144938e-01 -7.636172557445524145e-01
-4.415979722707309429e-01 -4.847662718799761739e-01 -7.549787364780333743e-01
-5.157095927647881162e-01 -4.629112697231105300e-01 -7.209415872965811989e-01
-5.525201867197193639e-01 -4.503417104655605407e-01 -7.013656586133651949e-01
-4.759670459676101917e-01 -4.751759491163276006e-01 -7.400426937239933389e-01
-3.431502504807833476e-01 -5.074954337879724608e-01 -7.903773088084787846e-01
-2.440457067984601602e-01 -5.239655797364290990e-01 -8.160280413347985595e-01
-1.734829471434821691e-01 -5.321096335586822379e-01 -8.287116536675810385e-01
-1.053685090614411568e-01 -5.372945749079766076e-01 -8.367867213768546142e-01
-4.614327850237003731e-02 -5.397267929431502909e-01 -8.405746765328792058e-01
2.047425180196078137e-02 -5.401890479886101160e-01 -8.412945961114388638e-01
1.782618261823646078e-01 -5.316483324403430410e-01 -8.279932197424872964e-01
2.363353969391091269e-01 -5.249963731935357591e-01 -8.176334070274202670e-01
5.573747138991917982e-01 -4.485919653706147425e-01 -6.986405920863196783e-01
6.573511069185722366e-01 -4.071634156253646220e-01 -6.341194486918173556e-01
7.745963193423359705e-01 -3.417174138563554009e-01 -5.321933399889838823e-01
7.321633037766412944e-01 -3.680156414638439677e-01 -5.731504028096194858e-01
6.952510635441523368e-01 -3.883514518282715211e-01 -6.048215509582960392e-01
6.657483720334933519e-01 -4.031607879477969170e-01 -6.278857254278558120e-01
6.406098098427508436e-01 -4.148800791474663296e-01 -6.461374400697011966e-01
6.345520408271404511e-01 -4.175889206397178088e-01 -6.503562107345993715e-01
6.340314608729958890e-01 -4.178196916193558930e-01 -6.507156152409139249e-01
5.274291635313300697e-01 -4.590403040593414863e-01 -7.149129154699535027e-01
4.438322529163066243e-01 -4.841702387674520769e-01 -7.540504699044381365e-01
3.707820964884996351e-01 -5.017894988992961380e-01 -7.814908417364763160e-01
3.303359508429686286e-01 -5.099715833858956548e-01 -7.942336833196854684e-01
3.616482036135110767e-01 -5.037317465600426036e-01 -7.845157132465158112e-01
3.634691468799867153e-01 -5.033489975624850787e-01 -7.839196170011157871e-01
3.478000315976111367e-01 -5.065705509204051493e-01 -7.889368890861282457e-01
3.948107957468570128e-01 -4.964094691132392989e-01 -7.731119417887978296e-01
4.715502846456672281e-01 -4.764597391935169179e-01 -7.420420783070432735e-01
4.761131807655525350e-01 -4.751332089786849400e-01 -7.399761299034758322e-01
4.430071240705960589e-01 -4.843907919802374340e-01 -7.543939611817275237e-01
4.546718891874355073e-01 -4.812251171754086676e-01 -7.494637147869418481e-01
4.898273367778389065e-01 -4.710460674237467171e-01 -7.336107840740569985e-01
5.942523092994385081e-01 -4.345536246221746723e-01 -6.767771717633614958e-01
7.169540912480815154e-01 -3.766557514289665676e-01 -5.866065768111692336e-01
7.558091098953443332e-01 -3.537856382467576832e-01 -5.509884858774650729e-01
7.967762669138062082e-01 -3.264908651035259846e-01 -5.084793953414930012e-01
8.503876679213641099e-01 -2.842836481149856320e-01 -4.427455495673546237e-01
8.959575422136073497e-01 -2.399697097761628040e-01 -3.737306796885909721e-01
8.938157923745534417e-01 -2.422900910707574407e-01 -3.773444594409373631e-01
7.448778498003312265e-01 -3.604901636583783264e-01 -5.614301655436683136e-01
5.088244797426535460e-01 -4.651302004212851116e-01 -7.243973671063921316e-01
4.627141167432948787e-01 -4.789820764695286170e-01 -7.459703858648888408e-01
2.342802600171464689e-01 -5.252652066381391371e-01 -8.180520903106912600e-01
-7.208853308717733110e-02 -5.388965673813016499e-01 -8.392816768296500474e-01
-2.478883231463658854e-01 -5.234387222191354549e-01 -8.152075093675730244e-01
-2.643215723204695999e-01 -5.210862406840927052e-01 -8.115437364527894326e-01
-2.414678853526130153e-01 -5.243141181837911446e-01 -8.165708578050595579e-01
-2.224609585997592842e-01 -5.267631941478939650e-01 -8.203850676298199973e-01
-2.481758037004760387e-01 -5.233989535925677172e-01 -8.151455734013575150e-01
-2.994722980682912872e-01 -5.155051291802124069e-01 -8.028516702844860076e-01
-4.487159819560033180e-01 -4.828543493905822492e-01 -7.520010936241098287e-01
-7.089911529234284027e-01 -3.810305734962089463e-01 -5.934199584926831417e-01
-7.931857171766446557e-01 -3.290331995978499346e-01 -5.124388467216096643e-01
-6.324666975165135208e-01 -4.185114407280689508e-01 -6.517929506463467915e-01
-3.851567580659640000e-01 -4.986186121223285528e-01 -7.765524781760209105e-01
