6.841215610504150391e+00
1.474802780151367188e+01
6.694424152374267578e+00
1.520290279388427734e+01
1.025119209289550781e+01
2.772167968750000000e+01
1.373267173767089844e+01
1.022773170471191406e+01
1.827804374694824219e+01
1.798993301391601562e+01
1.967794990539550781e+01
1.741110420227050781e+01
2.145586013793945312e+01
1.396107673645019531e+01
1.762918663024902344e+01
1.757380867004394531e+01
1.642355155944824219e+01
1.532545280456542969e+01
5.327997684478759766e+00
6.312526226043701172e+00
1.424670219421386719e+01
1.479428291320800781e+01
7.100834369659423828e+00
1.547572040557861328e+01
1.405059719085693359e+01
2.166095542907714844e+01
1.728519248962402344e+01
1.514545059204101562e+01
1.406547546386718750e+01
2.470374298095703125e+01
1.045271492004394531e+01
1.575780868530273438e+01
1.410977268218994141e+01
1.459875583648681641e+01
1.007031154632568359e+01
1.082905483245849609e+01
1.834781074523925781e+01
1.820486450195312500e+01
2.547260665893554688e+01
1.437216663360595703e+01
1.838245582580566406e+01
1.294211292266845703e+01
2.113413429260253906e+01
1.425919151306152344e+01
1.576080036163330078e+01
2.432303237915039062e+01
2.666344451904296875e+01
1.465219497680664062e+01
2.727284431457519531e+01
2.475006294250488281e+01
2.522324180603027344e+01
2.833398818969726562e+01
1.915988540649414062e+01
3.101724815368652344e+01
3.066614913940429688e+01
2.861896514892578125e+01
2.204761314392089844e+01
1.934496688842773438e+01
1.668958473205566406e+01
3.256133651733398438e+01
3.268957376480102539e+00
2.648985099792480469e+01
2.219027328491210938e+01
6.676128864288330078e+00
1.870929527282714844e+01
3.287575531005859375e+01
7.567826271057128906e+00
2.500241851806640625e+01
2.348798179626464844e+01
5.815239906311035156e+00
2.728334808349609375e+01
3.222460937500000000e+01
2.941213846206665039e+00
1.611209869384765625e+01
1.346099185943603516e+01
2.910912704467773438e+01
2.080064582824707031e+01
1.642101287841796875e+01
2.441351318359375000e+01
1.550310897827148438e+01
3.204304504394531250e+01
2.197346496582031250e+01
2.405290603637695312e+01
2.883140182495117188e+01
1.844475936889648438e+01
2.908539581298828125e+01
1.910228729248046875e+01
2.647105407714843750e+01
2.814103317260742188e+01
8.732366561889648438e+00
8.154611587524414062e+00
2.648999214172363281e+01
6.798280239105224609e+00
1.365014743804931641e+01
1.676705551147460938e+01
2.483837509155273438e+01
2.166293334960937500e+01
2.661819648742675781e+01
2.865302467346191406e+01
2.226073455810546875e+01
2.594490623474121094e+01
2.449805068969726562e+01
2.814056015014648438e+01
2.640539360046386719e+01
2.647555732727050781e+01
2.032477188110351562e+01
2.469519233703613281e+01
2.506410026550292969e+01
2.726368904113769531e+01
7.069748878479003906e+00
1.771437263488769531e+01
1.829400634765625000e+01
1.614365386962890625e+01
1.731730842590332031e+01
1.710042190551757812e+01
6.832992553710937500e+00
1.539686775207519531e+01
1.475518417358398438e+01
2.386209297180175781e+01
8.083169937133789062e+00
2.060467720031738281e+01
2.416651153564453125e+01
1.854437065124511719e+01
2.431804656982421875e+01
1.426439666748046875e+01
2.250350570678710938e+01
1.695060157775878906e+01
1.857758164405822754e+00
8.650277137756347656e+00
1.372574996948242188e+01
6.190407752990722656e+00
4.421952068805694580e-01
2.303715324401855469e+01
5.566320419311523438e+00
1.269126510620117188e+01
2.122812080383300781e+01
1.089378738403320312e+01
1.335402774810791016e+01
1.157646083831787109e+01
1.158803462982177734e+01
1.659079170227050781e+01
1.761742973327636719e+01
2.511362457275390625e+01
1.211341381072998047e+01
2.742706871032714844e+01
2.665994834899902344e+01
1.088213443756103516e+01
5.887267112731933594e+00
2.602486419677734375e+01
1.085829544067382812e+01
2.257632732391357422e+00
2.326749038696289062e+01
2.882304906845092773e+00
6.249350070953369141e+00
3.673015832901000977e+00
1.615125775337219238e+00
2.876673698425292969e+00
2.570131540298461914e+00
2.787682533264160156e+00
2.278041648864746094e+01
6.330557346343994141e+00
