2.609440994262695312e+01
3.441145706176757812e+01
3.600442504882812500e+01
3.389725112915039062e+01
3.530696868896484375e+01
2.331703567504882812e+01
1.734771728515625000e+01
1.096265602111816406e+01
3.303711700439453125e+01
2.750344467163085938e+01
2.629523468017578125e+01
2.985182189941406250e+01
9.704490661621093750e+00
1.962307167053222656e+01
1.971850585937500000e+01
7.152071952819824219e+00
1.562257099151611328e+01
2.090117263793945312e+01
2.426086044311523438e+01
3.413706588745117188e+01
3.777963256835937500e+01
3.779831695556640625e+01
2.552709770202636719e+01
3.049204254150390625e+01
3.103749656677246094e+01
3.612444305419921875e+01
3.542011642456054688e+01
1.828633689880371094e+01
3.239170837402343750e+01
4.366651153564453125e+01
4.342673492431640625e+01
4.356155014038085938e+01
3.476273345947265625e+01
2.173924446105957031e+01
2.766810417175292969e+01
2.780378532409667969e+01
3.995929336547851562e+01
3.782815551757812500e+01
4.059074020385742188e+01
4.312588500976562500e+01
4.551316833496093750e+01
3.202213287353515625e+01
2.843684673309326172e+00
5.931955337524414062e+00
6.813443183898925781e+00
1.863833808898925781e+01
3.591313934326171875e+01
1.870142102241516113e+00
2.825907468795776367e+00
1.066324114799499512e+00
3.802390098571777344e+00
4.790599346160888672e+00
4.525094509124755859e+00
7.958737373352050781e+00
7.616551876068115234e+00
3.274518251419067383e+00
3.821935892105102539e+00
2.228981018066406250e+00
3.788092851638793945e+00
4.791758537292480469e+00
1.759584617614746094e+01
2.042466163635253906e+01
2.111569976806640625e+01
1.763175010681152344e+01
2.321881294250488281e+01
3.806956100463867188e+01
3.548692321777343750e+01
2.909478187561035156e+01
3.112249374389648438e+01
3.235243988037109375e+01
3.348750305175781250e+01
3.058012199401855469e+01
2.201431083679199219e+01
2.886701583862304688e+01
2.634968376159667969e+01
2.412112236022949219e+01
2.020463752746582031e+01
3.720588302612304688e+01
4.033514404296875000e+01
3.832677841186523438e+01
2.797718238830566406e+01
3.589682006835937500e+01
4.178033828735351562e+00
1.620595550537109375e+01
1.491085433959960938e+01
2.860043334960937500e+01
3.351464843750000000e+01
3.299148178100585938e+01
3.155869293212890625e+01
3.489118194580078125e+01
3.442835998535156250e+01
3.591778039932250977e+00
3.514765262603759766e+00
2.323593854904174805e+00
2.289153480529785156e+01
3.237520599365234375e+01
3.175119209289550781e+01
3.957842111587524414e+00
4.995771408081054688e+00
4.693443775177001953e+00
7.394387245178222656e+00
4.951226711273193359e-01
8.005177497863769531e+00
9.710736274719238281e+00
8.212589263916015625e+00
4.734864807128906250e+01
4.800773239135742188e+01
4.884025955200195312e+01
5.217705917358398438e+01
1.226678562164306641e+01
2.191896247863769531e+01
2.655020141601562500e+01
2.980243110656738281e+01
2.247023010253906250e+01
2.190485572814941406e+01
4.419378280639648438e+01
1.960779571533203125e+01
2.130080986022949219e+01
2.696447563171386719e+01
2.707768630981445312e+01
2.736664962768554688e+01
2.471152687072753906e+01
2.334614753723144531e+01
2.772101020812988281e+01
1.770256042480468750e+01
2.168492317199707031e+01
3.110654258728027344e+01
2.827141189575195312e+01
3.381668472290039062e+01
3.459683609008789062e+01
3.396427917480468750e+01
1.058788299560546875e+01
2.802175712585449219e+01
3.264362335205078125e+01
3.455534744262695312e+01
3.899729156494140625e+01
4.033639907836914062e+01
4.003504943847656250e+01
3.946615982055664062e+01
1.204925632476806641e+01
3.231652450561523438e+01
3.357998657226562500e+01
3.370872879028320312e+01
3.652967071533203125e+01
3.309494781494140625e+01
1.489464640617370605e+00
1.445789813995361328e+00
3.399028778076171875e+01
3.523430252075195312e+01
3.360148620605468750e+01
4.998718738555908203e+00
9.486977458000183105e-01
2.281366109848022461e+00
3.087490320205688477e+00
4.428538799285888672e+00
1.807604789733886719e+00
3.891524076461791992e+00
3.921803951263427734e+00
1.311791181564331055e+00
3.772967100143432617e+00
5.423233032226562500e+00
1.687833023071289062e+01
1.803810954093933105e+00
2.586858940124511719e+01
2.699563026428222656e+01
3.861566162109375000e+01
4.677107620239257812e+01
3.399534606933593750e+01
3.518312835693359375e+01
3.284881973266601562e+01
2.293367576599121094e+01
3.364503097534179688e+01
3.782528305053710938e+01
4.079837417602539062e+01
4.027500152587890625e+01
4.613966369628906250e+01
1.757784843444824219e+01
2.034558296203613281e+01
2.013108825683593750e+01
2.516136169433593750e+01
2.614992904663085938e+01
2.668782806396484375e+01
2.288471221923828125e+01
2.130093193054199219e+01
2.189831542968750000e+01
3.016492080688476562e+01
3.445819473266601562e+01
3.399983978271484375e+01
3.041945266723632812e+01
3.205307388305664062e+01
4.033173370361328125e+01
4.143164825439453125e+01
4.016088867187500000e+01
4.000755310058593750e+01
4.007257461547851562e+01
3.384653472900390625e+01
3.404286193847656250e+01
3.210670948028564453e+00
4.480065822601318359e+00
3.417566061019897461e+00
9.515510797500610352e-01
7.253143191337585449e-01
3.354457318782806396e-01
2.057812213897705078e+00
9.591657519340515137e-01
1.256963253021240234e+00
1.132488727569580078e+01
4.270943164825439453e+00
1.449680209159851074e+00
2.006981658935546875e+01
4.251218795776367188e+00
3.088449096679687500e+01
3.149679565429687500e+01
3.222240447998046875e+01
3.712666702270507812e+01
3.756091308593750000e+01
4.244726943969726562e+01
4.103280258178710938e+01
3.212747955322265625e+01
3.289539337158203125e+01
3.349711608886718750e+01
4.653524780273437500e+01
4.507132339477539062e+01
4.179483413696289062e+01
3.592563629150390625e+01
2.734779930114746094e+01
3.022798538208007812e+01
3.870013427734375000e+01
4.420219039916992188e+01
2.610601425170898438e+01
2.044408035278320312e+01
2.217494583129882812e+01
1.922513198852539062e+01
3.285890960693359375e+01
3.378844451904296875e+01
1.226574420928955078e+00
1.331943035125732422e+00
1.902578949928283691e+00
1.261849761009216309e+00
3.356840133666992188e+00
4.234550952911376953e+00
2.035285758972167969e+01
2.661617660522460938e+01
6.013278007507324219e+00
5.968741893768310547e+00
5.935453891754150391e+00
3.911733388900756836e+00
3.856750488281250000e+00
2.178670883178710938e+00
1.359861731529235840e+00
