2.500000000000000000e-01 3.857077767436493332e+00 2.500000000000000000e-01 2.500000000000000000e-01 2.500000000000000000e-01 2.500000000000000000e-01 2.500000000000000000e-01 2.500000000000000000e-01 2.500000000000000000e-01 2.500000000000000000e-01 2.500000000000000000e-01 2.500000000000000000e-01 2.500000000000000000e-01 2.500000000000000000e-01 2.500000000000000000e-01
2.500000000000000000e-01 2.500000000000000000e-01 2.500000000000000000e-01 2.500000000000000000e-01 2.500000000000000000e-01 1.250000000000000000e-01 2.500000000000000000e-01 2.500000000000000000e-01 2.500000000000000000e-01 3.121362154004963863e+00 1.250000000000000000e-01 2.500000000000000000e-01 2.500000000000000000e-01 2.500000000000000000e-01 2.500000000000000000e-01
2.500000000000000000e-01 2.500000000000000000e-01 3.384216395078387229e+00 2.500000000000000000e-01 2.323079044302767127e+00 3.178176365684331817e+00 4.036453830721213443e+00 3.193295309664299531e+00 1.790978144485789958e+00 2.152647782480212602e+00 1.110868205202993453e+00 2.500000000000000000e-01 2.500000000000000000e-01 2.500000000000000000e-01 2.500000000000000000e-01
2.500000000000000000e-01 6.924734896060948053e+00 4.582451965991903187e+00 2.728146400875439692e+00 1.658652031588570885e+00 6.301717385979165975e+00 4.298656172070328019e+00 8.429125098880069444e+00 4.586237936207242072e+00 4.678365507251302624e+00 2.500000000000000000e-01 2.500000000000000000e-01 2.500000000000000000e-01 2.500000000000000000e-01 2.500000000000000000e-01
1.044239820319221357e+00 2.705553319979978166e+00 3.751662434336064944e+00 2.407436739581134244e+00 3.479627131922599315e+00 3.971829034347841958e+00 3.990683805386447958e+00 1.826107600416700949e+00 3.629710038565479913e+00 3.336660865365014494e+00 5.875865936744895990e+00 2.500000000000000000e-01 2.500000000000000000e-01 2.500000000000000000e-01 1.417048234884473290e+00
1.834508679836641232e+00 5.074412338922970278e+00 5.280939381520161291e+00 3.781511061841777099e+00 4.235327563230148584e+00 4.022614524243214085e+00 3.550973517468749119e+00 4.051952865275440629e+00 5.084199850210860738e+00 4.084183081642771107e+00 4.422161536465504028e+00 2.500000000000000000e-01 2.500000000000000000e-01 2.500000000000000000e-01 1.087942035371554317e+00
3.142500483919553833e+00 5.992145207838439624e+00 7.163210853186813054e+00 3.403446024998392438e+00 2.663736849261578055e+00 2.500000000000000000e-01 6.277691529501516321e+00 6.213346858753454605e+00 8.097487332416486439e+00 9.086492821577541790e+00 1.009734656850987733e+01 2.500000000000000000e-01 2.500000000000000000e-01 2.500000000000000000e-01 1.092975284502106126e+00
3.891610961325314921e+00 5.580747278773853459e+00 7.750785831995132824e+00 4.744871845343711314e+00 3.452766130170174197e+00 4.906450265053352133e+00 6.670539233995301132e+00 6.174493543764560499e+00 5.759135798312101429e+00 7.634235357612883632e+00 6.758484085419212306e+00 2.500000000000000000e-01 2.500000000000000000e-01 2.500000000000000000e-01 2.500000000000000000e-01
5.097537166231940198e+00 6.926313013674834096e+00 6.931617211231261955e+00 5.737887392265522912e+00 2.243774986269837957e+00 6.534956762810455011e+00 3.623494051604242205e+00 3.853408974654570329e+00 6.246835559990837616e+00 7.154918930950887379e+00 8.197435890923651769e+00 8.333333333333332871e-02 2.500000000000000000e-01 2.500000000000000000e-01 2.500000000000000000e-01
2.769968762185625266e+00 8.146712797678629769e+00 6.315547758508535559e+00 5.265478278610163265e+00 3.334072251355756578e+00 5.978580049539397478e+00 1.752941735112393706e+00 1.951990336126110837e+00 2.280485446942643435e+00 3.042282834597197283e+00 6.607896144871222788e+00 8.333333333333332871e-02 2.500000000000000000e-01 2.500000000000000000e-01 2.500000000000000000e-01
3.438616690255491104e+00 5.823371510399459439e+00 5.511936642273038700e+00 3.757460275638337954e+00 2.760601214793576119e+00 1.234303796457454805e+00 1.465023930021398302e+00 2.275705729613441530e+00 8.333333333333332871e-02 2.500000000000000000e-01 2.500000000000000000e-01 2.500000000000000000e-01 2.500000000000000000e-01 2.500000000000000000e-01 1.250000000000000000e-01
5.867299693093411150e+00 9.384812442529273824e+00 4.844853358575090141e+00 2.138508937777857000e+00 1.972223572260848767e+00 1.456016402675289756e+00 1.843971644029452239e+00 2.537178312811151581e+00 8.333333333333332871e-02 2.500000000000000000e-01 2.500000000000000000e-01 2.500000000000000000e-01 2.500000000000000000e-01 2.500000000000000000e-01 2.500000000000000000e-01
4.630093334389960624e+00 8.426428103059489416e+00 3.597613962260266085e+00 2.253034795095020471e+00 3.050718224978951731e+00 3.338507422279239911e+00 1.250000000000000000e-01 2.500000000000000000e-01 1.250000000000000000e-01 2.500000000000000000e-01 2.500000000000000000e-01 2.500000000000000000e-01 2.500000000000000000e-01 2.500000000000000000e-01 2.500000000000000000e-01
6.978707394267186892e+00 7.313933952048266462e+00 2.686446176568830335e+00 1.268298185627167118e+00 2.515670562209023409e+00 8.333333333333332871e-02 8.333333333333332871e-02 1.250000000000000000e-01 2.500000000000000000e-01 2.500000000000000000e-01 2.500000000000000000e-01 2.500000000000000000e-01 2.500000000000000000e-01 2.500000000000000000e-01 2.500000000000000000e-01
4.892526927997604247e+00 6.274213494769255384e+00 1.799140927171516413e+00 3.846153846153845500e-03 2.298707131350889998e+00 4.460141988212112274e+00 1.250000000000000000e-01 2.500000000000000000e-01 2.500000000000000000e-01 2.500000000000000000e-01 2.500000000000000000e-01 2.500000000000000000e-01 2.500000000000000000e-01 2.500000000000000000e-01 2.500000000000000000e-01
5.066670303801724451e+00 8.012861143155076249e+00 4.128812330839472189e+00 1.923076923076923184e-02 1.372175077214003558e+00 3.289614140532157727e+00 2.500000000000000000e-01 2.500000000000000000e-01 2.500000000000000000e-01 2.500000000000000000e-01 2.500000000000000000e-01 2.500000000000000000e-01 2.500000000000000000e-01 2.500000000000000000e-01 1.084458515694393332e+00
4.645149861626713061e+00 5.781418650419575478e+00 2.898811828010242841e+00 9.615384615384615918e-03 2.500000000000000000e-01 2.500000000000000000e-01 2.500000000000000000e-01 2.500000000000000000e-01 2.500000000000000000e-01 2.500000000000000000e-01 2.500000000000000000e-01 2.500000000000000000e-01 2.500000000000000000e-01 2.500000000000000000e-01 8.166275672189823309e-01
5.041688906482620247e+00 6.236302009127754786e+00 2.500000000000000000e-01 2.500000000000000000e-01 2.500000000000000000e-01 2.500000000000000000e-01 2.500000000000000000e-01 2.500000000000000000e-01 2.500000000000000000e-01 2.500000000000000000e-01 2.500000000000000000e-01 2.500000000000000000e-01 2.500000000000000000e-01 2.500000000000000000e-01 7.883575487420372285e-01
2.500000000000000000e-01 3.532521574545587573e+00 2.500000000000000000e-01 2.500000000000000000e-01 2.500000000000000000e-01 2.500000000000000000e-01 2.500000000000000000e-01 2.500000000000000000e-01 2.500000000000000000e-01 2.500000000000000000e-01 2.500000000000000000e-01 2.500000000000000000e-01 2.500000000000000000e-01 2.500000000000000000e-01 2.500000000000000000e-01
2.500000000000000000e-01 2.500000000000000000e-01 2.500000000000000000e-01 2.500000000000000000e-01 2.500000000000000000e-01 2.500000000000000000e-01 2.500000000000000000e-01 2.500000000000000000e-01 2.500000000000000000e-01 2.500000000000000000e-01 2.500000000000000000e-01 2.500000000000000000e-01 2.500000000000000000e-01 2.500000000000000000e-01 7.069473071730931757e-01
2.500000000000000000e-01 2.500000000000000000e-01 2.500000000000000000e-01 2.500000000000000000e-01 2.500000000000000000e-01 2.500000000000000000e-01 2.500000000000000000e-01 2.500000000000000000e-01 2.500000000000000000e-01 2.500000000000000000e-01 2.500000000000000000e-01 2.500000000000000000e-01 2.500000000000000000e-01 2.500000000000000000e-01 6.923515567664570991e-01
2.500000000000000000e-01 2.500000000000000000e-01 2.500000000000000000e-01 2.500000000000000000e-01 2.500000000000000000e-01 2.500000000000000000e-01 2.500000000000000000e-01 2.500000000000000000e-01 2.500000000000000000e-01 2.500000000000000000e-01 2.500000000000000000e-01 2.500000000000000000e-01 2.500000000000000000e-01 2.500000000000000000e-01 2.500000000000000000e-01
2.500000000000000000e-01 1.250000000000000000e-01 2.500000000000000000e-01 2.500000000000000000e-01 2.500000000000000000e-01 2.500000000000000000e-01 2.500000000000000000e-01 2.500000000000000000e-01 2.500000000000000000e-01 2.500000000000000000e-01 2.500000000000000000e-01 2.500000000000000000e-01 2.500000000000000000e-01 2.500000000000000000e-01 2.500000000000000000e-01
2.500000000000000000e-01 2.500000000000000000e-01 2.500000000000000000e-01 2.500000000000000000e-01 2.500000000000000000e-01 2.500000000000000000e-01 2.500000000000000000e-01 2.500000000000000000e-01 2.500000000000000000e-01 2.500000000000000000e-01 2.500000000000000000e-01 2.500000000000000000e-01 2.500000000000000000e-01 2.500000000000000000e-01 6.832875193932111957e-01
2.500000000000000000e-01 2.500000000000000000e-01 2.500000000000000000e-01 2.500000000000000000e-01 2.500000000000000000e-01 2.500000000000000000e-01 2.500000000000000000e-01 2.500000000000000000e-01 2.500000000000000000e-01 2.500000000000000000e-01 2.500000000000000000e-01 2.500000000000000000e-01 2.500000000000000000e-01 2.500000000000000000e-01 2.500000000000000000e-01
2.500000000000000000e-01 2.500000000000000000e-01 2.500000000000000000e-01 2.500000000000000000e-01 1.250000000000000000e-01 2.500000000000000000e-01 2.500000000000000000e-01 2.500000000000000000e-01 2.500000000000000000e-01 2.500000000000000000e-01 2.500000000000000000e-01 2.500000000000000000e-01 2.500000000000000000e-01 2.500000000000000000e-01 2.500000000000000000e-01
3.839557481447442022e+00 2.500000000000000000e-01 2.500000000000000000e-01 2.500000000000000000e-01 2.500000000000000000e-01 2.500000000000000000e-01 2.500000000000000000e-01 2.500000000000000000e-01 2.500000000000000000e-01 2.500000000000000000e-01 2.500000000000000000e-01 2.500000000000000000e-01 2.500000000000000000e-01 2.500000000000000000e-01 2.500000000000000000e-01
2.500000000000000000e-01 2.500000000000000000e-01 2.500000000000000000e-01 2.500000000000000000e-01 2.500000000000000000e-01 1.250000000000000000e-01 2.500000000000000000e-01 2.500000000000000000e-01 2.500000000000000000e-01 2.500000000000000000e-01 2.500000000000000000e-01 2.500000000000000000e-01 2.500000000000000000e-01 2.500000000000000000e-01 2.500000000000000000e-01
2.500000000000000000e-01 2.500000000000000000e-01 2.500000000000000000e-01 2.500000000000000000e-01 2.500000000000000000e-01 2.500000000000000000e-01 2.500000000000000000e-01 2.500000000000000000e-01 2.500000000000000000e-01 2.500000000000000000e-01 2.500000000000000000e-01 2.500000000000000000e-01 2.500000000000000000e-01 2.500000000000000000e-01 2.500000000000000000e-01
2.500000000000000000e-01 2.500000000000000000e-01 2.500000000000000000e-01 2.500000000000000000e-01 2.500000000000000000e-01 1.250000000000000000e-01 2.500000000000000000e-01 2.500000000000000000e-01 2.500000000000000000e-01 1.250000000000000000e-01 2.500000000000000000e-01 2.500000000000000000e-01 2.500000000000000000e-01 2.500000000000000000e-01 2.500000000000000000e-01
