2.139376068115234375e+01
2.144246864318847656e+01
2.207907676696777344e+01
2.223612403869628906e+01
2.018549156188964844e+01
2.111038017272949219e+01
2.894372558593750000e+01
2.596066284179687500e+01
2.935656547546386719e+01
2.066079139709472656e+01
1.112262821197509766e+01
8.314947128295898438e+00
2.341911506652832031e+01
2.726560211181640625e+01
2.684906578063964844e+01
1.928645515441894531e+01
2.700764465332031250e+01
2.248270988464355469e+01
9.020317077636718750e+00
4.225196361541748047e+00
7.203270912170410156e+00
1.341293525695800781e+01
1.076211071014404297e+01
3.421459913253784180e+00
1.930837249755859375e+01
2.182090568542480469e+01
2.229309082031250000e+01
3.257059478759765625e+01
3.414086151123046875e+01
3.037317848205566406e+01
1.601934432983398438e+01
2.165428924560546875e+01
1.639569473266601562e+01
3.890979766845703125e+01
3.295056915283203125e+01
2.878797340393066406e+01
2.975625610351562500e+01
1.924006080627441406e+01
2.836041450500488281e+01
3.048925590515136719e+01
1.362224960327148438e+01
2.381654167175292969e+01
3.211210250854492188e+01
2.762232780456542969e+01
2.830258941650390625e+01
1.989330673217773438e+01
2.049302482604980469e+01
2.821422004699707031e+01
3.142351722717285156e+01
2.627540969848632812e+01
2.757569313049316406e+01
1.409360218048095703e+01
3.110288619995117188e+01
3.286328887939453125e+01
2.539017677307128906e+01
1.887634849548339844e+01
3.081392669677734375e+01
9.583314895629882812e+00
2.683855295181274414e+00
1.866428613662719727e+00
7.077115535736083984e+00
3.091399908065795898e+00
2.920226335525512695e+00
5.548421859741210938e+00
3.071470975875854492e+00
2.470242023468017578e+00
7.031542778015136719e+00
2.686526060104370117e+00
2.935570526123046875e+01
2.393820381164550781e+01
2.247602462768554688e+01
1.680377578735351562e+01
2.153873252868652344e+01
2.451359176635742188e+01
2.490099525451660156e+01
2.714671134948730469e+01
1.886807823181152344e+01
2.585120964050292969e+01
2.576153755187988281e+01
2.189936447143554688e+01
2.367853927612304688e+01
3.203814315795898438e+01
2.008892059326171875e+01
2.807663726806640625e+01
2.935801887512207031e+01
2.457792472839355469e+01
2.675416946411132812e+01
3.208659362792968750e+01
2.202733802795410156e+01
2.494465446472167969e+01
2.762299537658691406e+01
2.495339202880859375e+01
2.499004364013671875e+01
2.823109245300292969e+01
6.528358936309814453e+00
1.426520442962646484e+01
3.834539890289306641e+00
4.138319492340087891e+00
2.155230045318603516e+00
4.189487457275390625e+00
1.677793741226196289e+00
1.112327957153320312e+01
8.461142539978027344e+00
5.802042484283447266e+00
7.292264461517333984e+00
6.405363082885742188e+00
2.494314193725585938e+01
2.842695999145507812e+01
2.960511970520019531e+01
2.207826042175292969e+01
2.739555740356445312e+01
2.730813217163085938e+01
1.159439182281494141e+01
2.309839248657226562e+01
2.339758872985839844e+01
2.460440635681152344e+01
2.901928901672363281e+01
1.660022735595703125e+01
9.388791084289550781e+00
2.495874023437500000e+01
8.686819076538085938e+00
1.086802577972412109e+01
2.717814064025878906e+01
3.947783946990966797e+00
2.588858985900878906e+01
2.563485717773437500e+01
9.448972702026367188e+00
9.656680107116699219e+00
1.815143227577209473e+00
7.676090240478515625e+00
7.649679183959960938e+00
2.729631614685058594e+01
2.820622444152832031e+01
2.849089622497558594e+01
1.828079605102539062e+01
2.266521835327148438e+01
1.490677738189697266e+01
2.871148109436035156e+01
1.121677970886230469e+01
2.179465866088867188e+01
2.047317504882812500e+01
1.189788341522216797e+01
1.462229061126708984e+01
2.149555969238281250e+01
1.976388359069824219e+01
5.814349174499511719e+00
2.263715267181396484e+00
2.634524822235107422e+00
2.689364910125732422e+00
1.685097122192382812e+01
1.037292575836181641e+01
8.620682716369628906e+00
1.870560646057128906e+01
1.809674453735351562e+01
2.285156488418579102e+00
2.074694824218750000e+01
1.987062263488769531e+01
2.298547935485839844e+01
2.029716873168945312e+01
1.561742019653320312e+01
1.560773658752441406e+01
