3.931497493642080343e+00 2.153946410243004816e+00 2.500000000000000000e-01 2.500000000000000000e-01 2.500000000000000000e-01 2.500000000000000000e-01 2.500000000000000000e-01 2.500000000000000000e-01 2.500000000000000000e-01 2.500000000000000000e-01 2.500000000000000000e-01 2.500000000000000000e-01 2.500000000000000000e-01 2.500000000000000000e-01 2.500000000000000000e-01
4.098592501277242839e+00 2.500000000000000000e-01 2.500000000000000000e-01 2.500000000000000000e-01 2.500000000000000000e-01 3.323826736726491760e+00 2.500000000000000000e-01 2.500000000000000000e-01 2.500000000000000000e-01 2.500000000000000000e-01 1.581635578531537689e+00 7.066641133679106845e-01 2.500000000000000000e-01 2.500000000000000000e-01 2.500000000000000000e-01
2.500000000000000000e-01 1.192318700015787991e+00 2.500000000000000000e-01 5.095846403286230952e+00 4.421153088780310547e+00 4.917598679401089079e+00 3.838369907780304402e+00 4.470446956201334920e+00 3.146385516703556817e+00 1.882658309298288257e+00 2.500000000000000000e-01 2.322042745809972164e+00 2.500000000000000000e-01 2.500000000000000000e-01 2.500000000000000000e-01
2.500000000000000000e-01 1.097298311536012649e+00 2.500000000000000000e-01 5.165376934205863080e+00 4.086219849730762022e+00 6.207208352303930532e+00 2.492442396390651460e+00 3.697027151746504092e+00 2.654951327259881921e+00 7.870117000093710402e-01 7.203059049816695314e+00 2.500000000000000000e-01 2.500000000000000000e-01 2.500000000000000000e-01 2.500000000000000000e-01
1.811724911814790728e-01 1.288559734856573324e-01 8.546792744819265764e+00 3.399046959152661529e+00 5.832219028986347809e+00 4.608589230145881288e+00 5.282358545625120527e+00 1.643292981426666133e+00 3.735061895995818837e+00 7.832955385629130518e+00 5.666670924083067717e+00 2.500000000000000000e-01 2.500000000000000000e-01 2.500000000000000000e-01 2.500000000000000000e-01
1.769001871739415421e-01 9.171607685005705335e+00 1.016309493482074267e+01 7.642851788425238269e+00 6.440058324596105166e+00 5.841925754430432605e+00 3.912214628786641057e+00 6.047363987069684477e+00 7.014743418065624070e+00 8.832390595344643103e+00 5.031742311364086895e+00 2.500000000000000000e-01 7.245496847123085615e+00 1.250401774000537536e+00 1.451193036508252321e-01
2.500000000000000000e-01 1.099125876227761189e+01 1.034736804130380428e+01 9.666586690056178099e+00 5.291743398625304629e+00 3.890804334010796950e+00 8.090196656751503568e+00 6.709396591395488052e+00 6.564340818092770036e+00 6.888230161809906882e+00 6.707627717148177737e+00 1.234147991503698094e+01 8.676497711718116790e+00 5.876545057409742867e+00 2.500000000000000000e-01
2.500000000000000000e-01 8.564946040467450672e+00 1.014763148976524043e+01 9.783642761421209144e+00 8.054727182433568444e+00 4.264024353462777306e+00 7.773432598501780255e+00 6.864837234516177666e+00 4.380216282453878840e+00 3.341903430439614464e+00 7.914619503897553088e+00 8.131022711085888588e+00 6.967534319597754155e+00 5.529137505161989097e+00 2.500000000000000000e-01
4.192294928179250313e+00 7.401473004400129341e+00 9.610603710442545022e+00 9.919963457023165176e+00 7.869197370469835917e+00 7.358476977616926540e+00 8.333333333333332871e-02 2.444844220912232302e+00 4.746901321443925958e+00 9.686244017873223200e+00 2.500000000000000000e-01 2.500000000000000000e-01 2.500000000000000000e-01 5.538264915858278847e+00 2.500000000000000000e-01
2.500000000000000000e-01 9.132260519728946591e+00 8.260669654046306931e+00 9.100875160819260401e+00 8.321904974343430794e+00 6.596079364731315842e+00 3.204502396521728969e-01 6.335608185859939567e+00 2.500000000000000000e-01 2.105297885366132604e+00 2.387850467396899767e-01 2.500000000000000000e-01 2.500000000000000000e-01 2.500000000000000000e-01 2.500000000000000000e-01
4.397057253969274271e+00 5.198323047469931346e+00 7.871549050128985314e+00 6.722794923221437458e+00 6.031564718123210156e+00 3.529036464584464627e-01 2.778260384591662580e-01 2.025928659658635667e+00 2.112746212153010283e+00 2.500000000000000000e-01 2.500000000000000000e-01 2.500000000000000000e-01 2.500000000000000000e-01 2.500000000000000000e-01 2.500000000000000000e-01
3.187785315965678823e+00 6.275395327021755953e+00 6.673248851412179938e+00 7.075757753036500119e+00 4.932711434935128203e+00 2.378883288070605673e+00 3.398195215019467197e-01 2.500000000000000000e-01 2.500000000000000000e-01 2.500000000000000000e-01 2.500000000000000000e-01 2.500000000000000000e-01 2.500000000000000000e-01 2.500000000000000000e-01 2.500000000000000000e-01
2.500000000000000000e-01 5.392883679745625436e+00 4.517303935224377121e+00 5.983269120035402011e+00 1.174675227128023636e-01 3.106489972433365554e-01 2.500000000000000000e-01 2.500000000000000000e-01 2.500000000000000000e-01 2.500000000000000000e-01 2.500000000000000000e-01 2.500000000000000000e-01 2.500000000000000000e-01 2.500000000000000000e-01 2.500000000000000000e-01
2.500000000000000000e-01 5.930722568344070744e+00 6.649333094377720244e+00 9.095040968055908337e+00 9.532113598254537967e-02 9.616171917208669873e-02 2.500000000000000000e-01 2.500000000000000000e-01 2.500000000000000000e-01 2.500000000000000000e-01 2.500000000000000000e-01 2.500000000000000000e-01 2.500000000000000000e-01 2.500000000000000000e-01 2.500000000000000000e-01
2.500000000000000000e-01 6.590600251746051796e+00 8.687942443042718565e+00 3.746848993662919014e+00 8.490750127201396324e-02 2.500000000000000000e-01 1.530600074233517960e-01 1.506241747838783229e-01 2.500000000000000000e-01 2.500000000000000000e-01 2.500000000000000000e-01 2.500000000000000000e-01 2.500000000000000000e-01 2.500000000000000000e-01 2.500000000000000000e-01
2.500000000000000000e-01 6.182203183996491269e+00 6.042411466533767594e+00 4.133118721694696518e+00 1.289104710774440499e-01 2.500000000000000000e-01 1.722234053087380590e-01 2.500000000000000000e-01 2.500000000000000000e-01 2.500000000000000000e-01 2.500000000000000000e-01 2.500000000000000000e-01 2.500000000000000000e-01 2.500000000000000000e-01 2.500000000000000000e-01
2.500000000000000000e-01 2.500000000000000000e-01 2.500000000000000000e-01 3.821280956047675148e-01 8.333333333333332871e-02 1.627263325014196294e-01 1.604398248453163534e-01 2.500000000000000000e-01 2.500000000000000000e-01 2.500000000000000000e-01 2.500000000000000000e-01 2.500000000000000000e-01 2.500000000000000000e-01 2.500000000000000000e-01 2.500000000000000000e-01
2.500000000000000000e-01 2.500000000000000000e-01 2.500000000000000000e-01 2.500000000000000000e-01 2.500000000000000000e-01 2.500000000000000000e-01 2.500000000000000000e-01 2.500000000000000000e-01 2.500000000000000000e-01 2.500000000000000000e-01 2.500000000000000000e-01 2.500000000000000000e-01 2.500000000000000000e-01 2.500000000000000000e-01 2.500000000000000000e-01
2.500000000000000000e-01 2.500000000000000000e-01 2.500000000000000000e-01 2.500000000000000000e-01 2.500000000000000000e-01 2.500000000000000000e-01 2.500000000000000000e-01 2.500000000000000000e-01 2.500000000000000000e-01 2.500000000000000000e-01 2.500000000000000000e-01 2.500000000000000000e-01 2.500000000000000000e-01 2.500000000000000000e-01 2.500000000000000000e-01
2.500000000000000000e-01 2.500000000000000000e-01 2.500000000000000000e-01 2.500000000000000000e-01 2.500000000000000000e-01 2.500000000000000000e-01 2.500000000000000000e-01 2.500000000000000000e-01 2.500000000000000000e-01 2.500000000000000000e-01 2.500000000000000000e-01 2.500000000000000000e-01 2.500000000000000000e-01 2.500000000000000000e-01 2.500000000000000000e-01
2.500000000000000000e-01 2.500000000000000000e-01 2.500000000000000000e-01 2.500000000000000000e-01 2.500000000000000000e-01 2.500000000000000000e-01 2.500000000000000000e-01 2.500000000000000000e-01 2.500000000000000000e-01 2.500000000000000000e-01 2.500000000000000000e-01 2.500000000000000000e-01 2.500000000000000000e-01 2.500000000000000000e-01 2.500000000000000000e-01
2.500000000000000000e-01 2.500000000000000000e-01 2.500000000000000000e-01 2.500000000000000000e-01 2.500000000000000000e-01 2.500000000000000000e-01 2.500000000000000000e-01 2.500000000000000000e-01 2.500000000000000000e-01 2.500000000000000000e-01 2.500000000000000000e-01 2.500000000000000000e-01 2.500000000000000000e-01 2.500000000000000000e-01 2.500000000000000000e-01
2.500000000000000000e-01 2.500000000000000000e-01 2.500000000000000000e-01 2.500000000000000000e-01 2.500000000000000000e-01 2.500000000000000000e-01 2.500000000000000000e-01 2.500000000000000000e-01 2.500000000000000000e-01 2.500000000000000000e-01 2.500000000000000000e-01 2.500000000000000000e-01 2.500000000000000000e-01 2.500000000000000000e-01 2.500000000000000000e-01
2.500000000000000000e-01 2.500000000000000000e-01 2.500000000000000000e-01 2.500000000000000000e-01 2.500000000000000000e-01 2.500000000000000000e-01 2.500000000000000000e-01 2.500000000000000000e-01 2.500000000000000000e-01 2.500000000000000000e-01 2.500000000000000000e-01 2.500000000000000000e-01 2.500000000000000000e-01 2.500000000000000000e-01 2.500000000000000000e-01
2.500000000000000000e-01 2.500000000000000000e-01 2.500000000000000000e-01 2.500000000000000000e-01 2.500000000000000000e-01 2.500000000000000000e-01 2.500000000000000000e-01 2.500000000000000000e-01 2.500000000000000000e-01 2.500000000000000000e-01 2.500000000000000000e-01 2.500000000000000000e-01 2.500000000000000000e-01 2.500000000000000000e-01 2.500000000000000000e-01
2.500000000000000000e-01 2.500000000000000000e-01 2.500000000000000000e-01 2.500000000000000000e-01 2.500000000000000000e-01 2.500000000000000000e-01 2.500000000000000000e-01 2.500000000000000000e-01 2.500000000000000000e-01 2.500000000000000000e-01 2.500000000000000000e-01 2.500000000000000000e-01 2.500000000000000000e-01 2.500000000000000000e-01 2.500000000000000000e-01
2.500000000000000000e-01 1.338570492808767165e+00 2.500000000000000000e-01 2.500000000000000000e-01 2.500000000000000000e-01 2.500000000000000000e-01 2.500000000000000000e-01 2.500000000000000000e-01 2.500000000000000000e-01 2.500000000000000000e-01 2.500000000000000000e-01 2.500000000000000000e-01 2.500000000000000000e-01 2.500000000000000000e-01 2.500000000000000000e-01
2.500000000000000000e-01 2.500000000000000000e-01 2.500000000000000000e-01 2.500000000000000000e-01 2.500000000000000000e-01 2.500000000000000000e-01 2.500000000000000000e-01 2.500000000000000000e-01 2.500000000000000000e-01 2.500000000000000000e-01 2.500000000000000000e-01 2.500000000000000000e-01 2.500000000000000000e-01 2.500000000000000000e-01 2.500000000000000000e-01
2.500000000000000000e-01 1.319590775064809707e+00 1.250000000000000000e-01 4.065433867429250725e+00 1.150953698936370673e+00 1.250000000000000000e-01 2.500000000000000000e-01 2.500000000000000000e-01 2.500000000000000000e-01 2.500000000000000000e-01 2.500000000000000000e-01 2.500000000000000000e-01 2.500000000000000000e-01 2.500000000000000000e-01 2.500000000000000000e-01
2.500000000000000000e-01 2.500000000000000000e-01 2.500000000000000000e-01 2.500000000000000000e-01 2.500000000000000000e-01 2.500000000000000000e-01 2.500000000000000000e-01 2.500000000000000000e-01 2.500000000000000000e-01 2.500000000000000000e-01 2.500000000000000000e-01 2.500000000000000000e-01 2.500000000000000000e-01 2.500000000000000000e-01 2.500000000000000000e-01
