2.500000000000000000e-01 1.087095072421928155e+00 2.500000000000000000e-01 2.500000000000000000e-01 2.500000000000000000e-01 2.500000000000000000e-01 2.500000000000000000e-01 2.500000000000000000e-01 1.406634210447410771e+00 2.500000000000000000e-01 2.500000000000000000e-01 2.763446373480600293e+00 2.500000000000000000e-01 2.500000000000000000e-01 2.500000000000000000e-01
2.500000000000000000e-01 1.852901188465211346e+00 2.500000000000000000e-01 2.283333355924121566e+00 4.463963747263084869e+00 8.502925932390900110e-01 3.653562206857010608e+00 2.443875669373702042e+00 2.500000000000000000e-01 2.500000000000000000e-01 1.886261760278604482e+00 2.500000000000000000e-01 2.500000000000000000e-01 2.500000000000000000e-01 2.500000000000000000e-01
2.500000000000000000e-01 2.500000000000000000e-01 2.500000000000000000e-01 9.814074069329122851e-01 5.682751873768387973e+00 5.605875336927117480e+00 4.178196478420344917e+00 3.541878450070106599e+00 1.545732649246239543e+00 2.004555853111262387e+00 2.500000000000000000e-01 9.111894920484100435e-01 2.500000000000000000e-01 2.500000000000000000e-01 2.500000000000000000e-01
2.500000000000000000e-01 2.500000000000000000e-01 2.817286794527941396e+00 4.636063839071283610e+00 2.459753511429742190e+00 2.438237732619609854e+00 3.705793680463269180e+00 2.777159745635246590e+00 1.953231154951795112e+00 1.774717682072606495e+00 2.500000000000000000e-01 2.500000000000000000e-01 2.500000000000000000e-01 2.500000000000000000e-01 2.500000000000000000e-01
2.500000000000000000e-01 2.500000000000000000e-01 4.707485288134754420e+00 1.848370930309622295e+00 4.279571016874113454e+00 3.665527634535846513e+00 3.453221416305447100e+00 1.426303545211706991e+00 2.949367681492354620e+00 7.101834545490710582e+00 1.037631226502766246e+01 5.020536245700381706e+00 2.500000000000000000e-01 2.500000000000000000e-01 2.500000000000000000e-01
2.500000000000000000e-01 2.861363212425221292e+00 5.397267711923453781e+00 5.272693400968973876e+00 4.672956850894042446e+00 4.652777857473336276e+00 3.716738719368953170e+00 3.860858282742259284e+00 7.231459721538852747e+00 8.861870942617757763e+00 5.670577421020139397e+00 6.386677404552863813e+00 2.500000000000000000e-01 2.500000000000000000e-01 2.500000000000000000e-01
2.500000000000000000e-01 2.551042105625461076e+00 4.713066381439882768e+00 6.864202409766620328e+00 4.612252054654725875e+00 4.694763519390653173e+00 4.990111440529512166e+00 6.249087770298311639e+00 6.047564780236525550e+00 7.130026114268412485e+00 6.279626395442391207e+00 9.332475639219413921e+00 7.426505603056215321e+00 1.698237319743092666e+00 2.500000000000000000e-01
2.500000000000000000e-01 2.950558998258562049e+00 4.405243989671586036e+00 4.921186466815010263e+00 5.033971723824871347e+00 3.343456569207179374e+00 3.847329404253637897e+00 5.210009815943659639e+00 5.848537639139963495e+00 4.569401308739589496e+00 8.577657745382540000e+00 4.353672699260824785e+00 3.251816568274706221e+00 2.500000000000000000e-01 2.500000000000000000e-01
2.500000000000000000e-01 3.524429696854916028e+00 3.686969464691896903e+00 4.121080870935132090e+00 4.093159970075450182e+00 2.596552927237724795e+00 2.421824632784828513e+00 5.749217052210151557e+00 5.820524730780003431e+00 6.151886186432793835e+00 2.933909883095964233e+00 4.390771417766434759e+00 8.121879611154546597e-01 2.500000000000000000e-01 2.500000000000000000e-01
1.281968404958982566e+00 2.849468823166038778e+00 3.419193355448612692e+00 5.297159506839310694e+00 4.131178923398659997e+00 3.231849859492793353e+00 2.809795152000081897e-01 3.796701313229266184e+00 3.947531384878701477e+00 4.742992210103682993e+00 2.944567956205723647e-01 2.630422473075973433e-01 1.596520687871310962e+00 2.500000000000000000e-01 2.500000000000000000e-01
1.143340395994549397e+00 2.669344502991495283e+00 3.228285677491625982e+00 4.272987950658253098e+00 2.653425180549731532e+00 2.500000000000000000e-01 2.500000000000000000e-01 5.664939458481866197e+00 4.946846576871975820e+00 4.746025512414044023e+00 2.500000000000000000e-01 2.500000000000000000e-01 2.500000000000000000e-01 2.500000000000000000e-01 2.500000000000000000e-01
1.654988760669429793e+00 2.166625532639587792e+00 3.033026469835421235e+00 1.205883582287492706e+00 2.500000000000000000e-01 2.500000000000000000e-01 3.434428688695352339e+00 5.596591459887083175e+00 2.500000000000000000e-01 2.500000000000000000e-01 2.500000000000000000e-01 2.500000000000000000e-01 2.500000000000000000e-01 2.500000000000000000e-01 2.500000000000000000e-01
1.966169412629636071e+00 2.261111448252632439e+00 1.851746210179028740e+00 1.664476401956245688e+00 7.071711964412434881e-01 2.500000000000000000e-01 4.154756095312981401e+00 5.425635008166659112e+00 2.135415396714479552e+00 2.500000000000000000e-01 2.500000000000000000e-01 2.500000000000000000e-01 2.500000000000000000e-01 2.500000000000000000e-01 2.500000000000000000e-01
2.500000000000000000e-01 2.298414398874507381e+00 1.873651098237957058e+00 2.762480936206717086e+00 2.240564794094302425e-01 2.500000000000000000e-01 2.500000000000000000e-01 2.500000000000000000e-01 2.500000000000000000e-01 2.500000000000000000e-01 2.500000000000000000e-01 2.500000000000000000e-01 2.500000000000000000e-01 2.500000000000000000e-01 2.500000000000000000e-01
2.500000000000000000e-01 2.122210060134322340e+00 2.762115820070878858e+00 2.664548133810490604e+00 1.195972487919080729e+00 2.298051539141831023e-01 2.500000000000000000e-01 2.500000000000000000e-01 2.500000000000000000e-01 2.500000000000000000e-01 2.500000000000000000e-01 2.500000000000000000e-01 2.500000000000000000e-01 2.500000000000000000e-01 2.500000000000000000e-01
2.500000000000000000e-01 1.228828284252264424e+00 2.789781042075603068e+00 2.408909615188047582e+00 1.726115324482407232e+00 2.055755805800719704e-01 2.500000000000000000e-01 2.500000000000000000e-01 2.500000000000000000e-01 2.500000000000000000e-01 2.500000000000000000e-01 2.500000000000000000e-01 2.500000000000000000e-01 2.500000000000000000e-01 2.500000000000000000e-01
2.500000000000000000e-01 2.500000000000000000e-01 2.500000000000000000e-01 2.514651987499759156e-01 1.735696537686231833e-01 2.303085533339659374e-01 2.566629892008247538e-01 2.500000000000000000e-01 2.500000000000000000e-01 2.500000000000000000e-01 2.500000000000000000e-01 2.500000000000000000e-01 2.500000000000000000e-01 2.500000000000000000e-01 2.500000000000000000e-01
2.500000000000000000e-01 2.500000000000000000e-01 2.500000000000000000e-01 2.500000000000000000e-01 1.974066221843657210e-01 2.500000000000000000e-01 2.500000000000000000e-01 2.500000000000000000e-01 2.500000000000000000e-01 2.500000000000000000e-01 2.500000000000000000e-01 2.500000000000000000e-01 2.500000000000000000e-01 2.500000000000000000e-01 2.500000000000000000e-01
2.500000000000000000e-01 2.500000000000000000e-01 2.500000000000000000e-01 2.500000000000000000e-01 2.500000000000000000e-01 2.500000000000000000e-01 2.500000000000000000e-01 2.500000000000000000e-01 2.500000000000000000e-01 2.500000000000000000e-01 2.500000000000000000e-01 2.500000000000000000e-01 2.500000000000000000e-01 2.500000000000000000e-01 2.500000000000000000e-01
2.500000000000000000e-01 2.500000000000000000e-01 2.500000000000000000e-01 2.500000000000000000e-01 2.210320370549361257e-01 2.500000000000000000e-01 2.500000000000000000e-01 2.500000000000000000e-01 2.500000000000000000e-01 2.500000000000000000e-01 2.500000000000000000e-01 2.500000000000000000e-01 2.500000000000000000e-01 2.500000000000000000e-01 2.500000000000000000e-01
2.500000000000000000e-01 2.500000000000000000e-01 2.500000000000000000e-01 2.500000000000000000e-01 2.500000000000000000e-01 2.500000000000000000e-01 2.500000000000000000e-01 2.500000000000000000e-01 2.500000000000000000e-01 2.500000000000000000e-01 2.500000000000000000e-01 2.500000000000000000e-01 2.500000000000000000e-01 2.500000000000000000e-01 2.500000000000000000e-01
2.500000000000000000e-01 2.500000000000000000e-01 2.500000000000000000e-01 2.500000000000000000e-01 2.500000000000000000e-01 2.500000000000000000e-01 2.500000000000000000e-01 2.500000000000000000e-01 2.500000000000000000e-01 2.500000000000000000e-01 2.500000000000000000e-01 2.500000000000000000e-01 2.500000000000000000e-01 2.500000000000000000e-01 2.500000000000000000e-01
2.500000000000000000e-01 2.500000000000000000e-01 2.500000000000000000e-01 2.500000000000000000e-01 2.500000000000000000e-01 2.500000000000000000e-01 2.500000000000000000e-01 2.500000000000000000e-01 2.500000000000000000e-01 2.500000000000000000e-01 2.500000000000000000e-01 2.500000000000000000e-01 2.500000000000000000e-01 2.500000000000000000e-01 2.500000000000000000e-01
2.500000000000000000e-01 2.500000000000000000e-01 2.500000000000000000e-01 2.500000000000000000e-01 2.500000000000000000e-01 2.500000000000000000e-01 2.500000000000000000e-01 2.500000000000000000e-01 2.500000000000000000e-01 2.500000000000000000e-01 2.500000000000000000e-01 2.500000000000000000e-01 2.500000000000000000e-01 2.500000000000000000e-01 2.500000000000000000e-01
2.500000000000000000e-01 2.500000000000000000e-01 2.500000000000000000e-01 2.500000000000000000e-01 2.043246999830093946e-01 2.500000000000000000e-01 2.500000000000000000e-01 2.500000000000000000e-01 2.500000000000000000e-01 2.500000000000000000e-01 2.500000000000000000e-01 2.500000000000000000e-01 2.500000000000000000e-01 2.500000000000000000e-01 2.500000000000000000e-01
2.500000000000000000e-01 2.500000000000000000e-01 2.500000000000000000e-01 2.500000000000000000e-01 2.500000000000000000e-01 2.500000000000000000e-01 2.500000000000000000e-01 2.500000000000000000e-01 2.500000000000000000e-01 2.500000000000000000e-01 2.500000000000000000e-01 2.500000000000000000e-01 2.500000000000000000e-01 2.500000000000000000e-01 2.500000000000000000e-01
2.500000000000000000e-01 2.500000000000000000e-01 2.500000000000000000e-01 2.500000000000000000e-01 2.500000000000000000e-01 2.500000000000000000e-01 2.500000000000000000e-01 2.500000000000000000e-01 2.500000000000000000e-01 2.500000000000000000e-01 2.500000000000000000e-01 2.500000000000000000e-01 2.500000000000000000e-01 2.500000000000000000e-01 2.500000000000000000e-01
2.500000000000000000e-01 2.500000000000000000e-01 2.500000000000000000e-01 2.500000000000000000e-01 1.438865059655963341e+00 4.263041857668063983e+00 2.500000000000000000e-01 2.500000000000000000e-01 2.500000000000000000e-01 2.500000000000000000e-01 2.500000000000000000e-01 2.500000000000000000e-01 2.500000000000000000e-01 2.500000000000000000e-01 2.500000000000000000e-01
2.500000000000000000e-01 2.500000000000000000e-01 2.580279962094569779e+00 2.973915407421479085e+00 3.521579804991180396e+00 2.500000000000000000e-01 1.376818552337856216e+00 2.500000000000000000e-01 2.500000000000000000e-01 2.500000000000000000e-01 2.500000000000000000e-01 2.500000000000000000e-01 2.500000000000000000e-01 2.500000000000000000e-01 2.500000000000000000e-01
2.500000000000000000e-01 1.666688111174848608e+00 2.500000000000000000e-01 2.500000000000000000e-01 2.500000000000000000e-01 2.361375340944047441e+00 2.500000000000000000e-01 2.500000000000000000e-01 2.500000000000000000e-01 2.847920948589321988e+00 3.635339645943476139e+00 2.500000000000000000e-01 2.500000000000000000e-01 2.500000000000000000e-01 2.500000000000000000e-01
