2.500000000000000000e-01 4.272367274876447407e-01 1.806878871082177040e+00 2.500000000000000000e-01 5.647947961114229143e-01 7.234865890615304052e-01 1.250000000000000000e-01 2.500000000000000000e-01 2.043949248414116404e+00 2.014819165070954821e+00 2.058698238102167899e+00 2.500000000000000000e-01 2.500000000000000000e-01 2.500000000000000000e-01 2.500000000000000000e-01
2.500000000000000000e-01 5.196394574519521692e-01 3.781398288566196531e+00 2.500000000000000000e-01 1.250000000000000000e-01 2.500000000000000000e-01 1.113899574602821962e+00 9.289037163353945914e-01 2.500000000000000000e-01 2.500000000000000000e-01 2.500000000000000000e-01 2.500000000000000000e-01 2.500000000000000000e-01 2.500000000000000000e-01 2.500000000000000000e-01
8.242800814112117846e-01 2.500000000000000000e-01 2.361241156664537932e+00 3.304484818605194718e+00 4.002885449198933188e+00 5.449157240922797296e-01 3.289608101138474794e+00 1.250000000000000000e-01 2.567717427527743013e+00 2.290692970092777170e+00 8.511595698958442924e-01 2.500000000000000000e-01 2.500000000000000000e-01 2.500000000000000000e-01 2.500000000000000000e-01
1.112418336064507685e+00 1.971076429176151557e+00 3.953721683192925607e+00 4.947098557153848830e+00 2.899369716445863610e+00 5.525774638118289062e+00 4.077701779983144093e+00 2.899718673391870283e+00 4.041546182837580936e+00 2.395329885221430199e+00 2.500000000000000000e-01 2.500000000000000000e-01 2.500000000000000000e-01 2.500000000000000000e-01 4.677695914850613090e-01
2.500000000000000000e-01 8.103283607466590155e+00 8.753281922559416728e+00 5.034394541212536822e+00 4.364420473750707963e+00 4.914740355585038856e+00 3.566176290658802372e+00 4.390612961969121208e+00 2.500000000000000000e-01 2.500000000000000000e-01 2.500000000000000000e-01 2.500000000000000000e-01 2.500000000000000000e-01 2.500000000000000000e-01 2.500000000000000000e-01
2.500000000000000000e-01 1.035697004301699309e+01 7.581124735077342969e+00 3.142906554741796921e+00 3.723938488340835296e+00 5.205385425239335007e+00 2.500000000000000000e-01 3.238570174359016729e-01 5.128057936788937177e+00 6.003157170935004672e+00 8.487594004445238483e+00 8.672559630827558763e+00 2.500000000000000000e-01 2.500000000000000000e-01 2.500000000000000000e-01
2.500000000000000000e-01 1.022421990615247012e+01 9.611160603893534216e+00 8.637379318961810881e-01 6.838036068365353159e+00 4.036452837549910022e+00 4.641285765860165391e+00 4.913267998619297749e+00 5.584240877958504434e+00 8.473760885006006660e+00 4.572542735659745894e+00 1.329012891362337356e+01 1.013700726501769367e+01 2.500000000000000000e-01 2.500000000000000000e-01
4.223181265840600496e+00 7.992635223671948452e+00 9.660923022096802981e+00 5.138491140092301457e+00 5.928486210482783569e+00 2.933168373322828870e+00 4.629863115756179148e+00 8.524492662072564286e+00 8.706169671301269730e+00 5.797939563851304712e+00 5.788539940328869093e+00 1.339161730572134346e+01 2.623167477099751732e+00 2.500000000000000000e-01 2.500000000000000000e-01
5.601335792852503381e+00 7.430586565503511487e+00 7.487126789441807873e+00 6.104291204840972540e+00 5.407986179438414531e+00 2.875055081296664206e+00 1.004914747539873421e+00 1.320081875809935745e+00 7.576170050101713294e+00 2.500000000000000000e-01 1.445084717950799380e+01 2.500000000000000000e-01 2.500000000000000000e-01 2.500000000000000000e-01 2.500000000000000000e-01
2.686689711571366601e+00 6.524865002850246398e+00 5.965596047969438764e+00 6.489181225468701797e+00 5.991641787495420424e+00 4.765855059056006482e+00 1.872301377196920358e+00 5.584315769633507287e+00 2.500000000000000000e-01 5.469723639062544329e+00 6.322332078084651474e-01 1.907948345645534172e+00 2.500000000000000000e-01 2.500000000000000000e-01 2.500000000000000000e-01
4.890605709435903670e+00 6.505643795036307964e+00 8.381150210131609768e+00 4.408273394035652437e+00 5.412156820697228810e+00 2.718640744583526558e+00 4.372813241594000644e+00 6.313871661446576411e+00 4.790620707589465233e-01 4.574477986984921696e-01 2.917275672047205060e+00 2.500000000000000000e-01 2.500000000000000000e-01 2.500000000000000000e-01 2.500000000000000000e-01
1.446496937870986876e+00 7.320533901967756663e+00 6.144210339725153069e+00 5.479270390749031883e+00 4.160283257383515121e+00 6.640092511490427007e+00 6.747276248912149832e+00 9.165638307718896982e+00 2.500000000000000000e-01 2.500000000000000000e-01 4.280663062853601875e-01 2.500000000000000000e-01 2.500000000000000000e-01 2.500000000000000000e-01 2.500000000000000000e-01
2.500000000000000000e-01 7.175043465656202102e+00 5.605394448361058046e+00 6.274606366600669283e+00 3.888507138413501707e+00 4.759331588644277744e-01 5.670107983002877994e+00 8.713548892170916105e+00 8.335802784429822143e-01 2.500000000000000000e-01 2.500000000000000000e-01 2.500000000000000000e-01 2.500000000000000000e-01 2.500000000000000000e-01 5.445355204232837920e+00
2.500000000000000000e-01 5.767416744489800351e+00 6.656020959156906613e+00 6.049000828887606040e+00 2.054560408181408615e+00 2.500000000000000000e-01 5.297985147587188637e-01 2.439785401212756888e+00 3.020597425530326063e+00 6.306847521154653746e-01 2.500000000000000000e-01 2.500000000000000000e-01 2.500000000000000000e-01 2.500000000000000000e-01 2.500000000000000000e-01
2.500000000000000000e-01 4.318766678773117818e+00 6.352110597865096686e+00 2.892769889143711914e+00 6.435400031907747564e-01 4.866596412641640557e-01 2.500000000000000000e-01 2.500000000000000000e-01 2.500000000000000000e-01 5.582703504299602049e-01 2.500000000000000000e-01 2.500000000000000000e-01 2.500000000000000000e-01 2.500000000000000000e-01 2.500000000000000000e-01
2.500000000000000000e-01 3.905400389093510061e+00 2.683167645359491260e+00 4.140365448129741388e+00 7.432912114946083060e-01 4.274634766191963697e-01 2.500000000000000000e-01 2.500000000000000000e-01 2.500000000000000000e-01 2.500000000000000000e-01 2.500000000000000000e-01 2.500000000000000000e-01 2.500000000000000000e-01 2.500000000000000000e-01 2.500000000000000000e-01
2.500000000000000000e-01 2.500000000000000000e-01 2.500000000000000000e-01 3.574333987288158987e+00 6.746454155644469042e-01 2.500000000000000000e-01 2.500000000000000000e-01 2.500000000000000000e-01 2.500000000000000000e-01 2.500000000000000000e-01 2.500000000000000000e-01 2.500000000000000000e-01 2.500000000000000000e-01 2.500000000000000000e-01 2.500000000000000000e-01
2.500000000000000000e-01 2.500000000000000000e-01 2.500000000000000000e-01 2.500000000000000000e-01 2.500000000000000000e-01 2.500000000000000000e-01 2.500000000000000000e-01 2.500000000000000000e-01 2.500000000000000000e-01 2.500000000000000000e-01 2.500000000000000000e-01 2.500000000000000000e-01 2.500000000000000000e-01 2.500000000000000000e-01 2.500000000000000000e-01
2.500000000000000000e-01 2.500000000000000000e-01 2.500000000000000000e-01 2.500000000000000000e-01 2.500000000000000000e-01 2.500000000000000000e-01 2.500000000000000000e-01 2.500000000000000000e-01 2.500000000000000000e-01 2.500000000000000000e-01 2.500000000000000000e-01 2.500000000000000000e-01 2.500000000000000000e-01 2.500000000000000000e-01 2.500000000000000000e-01
2.500000000000000000e-01 2.500000000000000000e-01 2.500000000000000000e-01 2.500000000000000000e-01 2.500000000000000000e-01 2.500000000000000000e-01 2.500000000000000000e-01 2.500000000000000000e-01 2.500000000000000000e-01 2.500000000000000000e-01 2.500000000000000000e-01 2.500000000000000000e-01 2.500000000000000000e-01 2.500000000000000000e-01 5.481280519882213653e+00
2.500000000000000000e-01 2.500000000000000000e-01 2.500000000000000000e-01 2.500000000000000000e-01 2.500000000000000000e-01 2.500000000000000000e-01 2.500000000000000000e-01 2.500000000000000000e-01 2.500000000000000000e-01 2.500000000000000000e-01 2.500000000000000000e-01 2.500000000000000000e-01 2.500000000000000000e-01 2.500000000000000000e-01 2.500000000000000000e-01
2.500000000000000000e-01 2.500000000000000000e-01 2.500000000000000000e-01 2.500000000000000000e-01 2.500000000000000000e-01 2.500000000000000000e-01 2.500000000000000000e-01 2.500000000000000000e-01 2.500000000000000000e-01 2.500000000000000000e-01 2.500000000000000000e-01 2.500000000000000000e-01 2.500000000000000000e-01 2.500000000000000000e-01 2.500000000000000000e-01
2.500000000000000000e-01 2.500000000000000000e-01 2.500000000000000000e-01 2.500000000000000000e-01 2.500000000000000000e-01 2.500000000000000000e-01 2.500000000000000000e-01 2.500000000000000000e-01 2.500000000000000000e-01 2.500000000000000000e-01 2.500000000000000000e-01 2.500000000000000000e-01 2.500000000000000000e-01 2.500000000000000000e-01 2.500000000000000000e-01
2.500000000000000000e-01 2.500000000000000000e-01 2.500000000000000000e-01 2.500000000000000000e-01 2.500000000000000000e-01 2.500000000000000000e-01 2.500000000000000000e-01 2.500000000000000000e-01 2.500000000000000000e-01 2.500000000000000000e-01 2.500000000000000000e-01 2.500000000000000000e-01 2.500000000000000000e-01 2.500000000000000000e-01 2.500000000000000000e-01
2.500000000000000000e-01 2.500000000000000000e-01 2.500000000000000000e-01 2.500000000000000000e-01 2.500000000000000000e-01 2.500000000000000000e-01 2.500000000000000000e-01 2.500000000000000000e-01 2.500000000000000000e-01 2.500000000000000000e-01 2.500000000000000000e-01 2.500000000000000000e-01 2.500000000000000000e-01 2.500000000000000000e-01 2.500000000000000000e-01
2.500000000000000000e-01 2.500000000000000000e-01 2.500000000000000000e-01 2.500000000000000000e-01 2.500000000000000000e-01 2.500000000000000000e-01 2.500000000000000000e-01 2.500000000000000000e-01 2.500000000000000000e-01 2.500000000000000000e-01 2.500000000000000000e-01 2.500000000000000000e-01 2.500000000000000000e-01 2.500000000000000000e-01 2.500000000000000000e-01
2.500000000000000000e-01 2.500000000000000000e-01 2.500000000000000000e-01 2.500000000000000000e-01 5.446865256090358542e+00 2.500000000000000000e-01 2.500000000000000000e-01 2.500000000000000000e-01 2.500000000000000000e-01 2.500000000000000000e-01 2.500000000000000000e-01 2.500000000000000000e-01 2.500000000000000000e-01 2.500000000000000000e-01 2.500000000000000000e-01
2.500000000000000000e-01 2.500000000000000000e-01 2.500000000000000000e-01 2.500000000000000000e-01 5.188111755642430545e+00 2.500000000000000000e-01 2.500000000000000000e-01 2.500000000000000000e-01 2.500000000000000000e-01 2.500000000000000000e-01 2.500000000000000000e-01 2.500000000000000000e-01 2.500000000000000000e-01 2.500000000000000000e-01 2.500000000000000000e-01
2.500000000000000000e-01 2.500000000000000000e-01 7.188850663877098812e-01 1.250000000000000000e-01 3.781819173136858669e+00 3.670196805096850312e+00 2.500000000000000000e-01 2.500000000000000000e-01 2.500000000000000000e-01 2.500000000000000000e-01 2.500000000000000000e-01 2.500000000000000000e-01 2.500000000000000000e-01 2.500000000000000000e-01 2.500000000000000000e-01
2.500000000000000000e-01 2.500000000000000000e-01 2.500000000000000000e-01 2.500000000000000000e-01 8.402165009265054607e-01 3.869312399876245312e+00 1.980975720874533108e+00 2.500000000000000000e-01 2.500000000000000000e-01 2.500000000000000000e-01 2.500000000000000000e-01 2.500000000000000000e-01 2.500000000000000000e-01 2.500000000000000000e-01 2.500000000000000000e-01
