5.406312465667724609e+00
1.526697444915771484e+01
1.985741996765136719e+01
5.801784515380859375e+00
2.965384292602539062e+01
3.337619018554687500e+01
2.367841148376464844e+01
1.442339229583740234e+01
1.960327339172363281e+01
1.952062797546386719e+01
1.328542327880859375e+01
2.716371536254882812e+01
1.431040763854980469e+01
1.773627662658691406e+01
1.243943023681640625e+01
1.689941024780273438e+01
1.723394966125488281e+01
3.200244140625000000e+01
3.059539031982421875e+01
1.466407585144042969e+01
1.592751216888427734e+01
1.095222663879394531e+01
2.356444120407104492e+00
2.034838485717773438e+01
2.310201072692871094e+01
2.296579170227050781e+01
2.122191619873046875e+01
2.014163017272949219e+01
1.799276351928710938e+01
2.168001365661621094e+01
2.167103767395019531e+01
1.582592010498046875e+01
