-9.262171410861308463e-01 2.036888152777582839e-01 3.172265343393861348e-01
-9.219794975491006905e-01 2.092259592674394764e-01 3.258501251614421279e-01
-9.064416657739268190e-01 2.281864342409202218e-01 3.553793153482669998e-01
-8.296385420070384598e-01 3.016512610618944379e-01 4.697940041296869151e-01
-9.363438325039069587e-01 1.896916888738744977e-01 2.954273015550064607e-01
-9.986495895495649533e-01 -2.806971773431616093e-02 -4.371599522830667967e-02
-9.997712436296988248e-01 1.155616087180437283e-02 1.799765420910285837e-02
-9.994833160092274627e-01 1.736633666357875402e-02 2.704646686881519158e-02
-9.999753643293606276e-01 3.792550205546146944e-03 5.906546986259106000e-03
-9.999995950396065592e-01 4.862482482226581368e-04 7.572867778818820903e-04
-9.968167782166856838e-01 -4.307639777222629224e-02 -6.708751464077244986e-02
-9.821553110146671317e-01 -1.016155454623919735e-01 -1.582568354481506678e-01
-9.806721660197629253e-01 -1.057145373635211966e-01 -1.646406370982671785e-01
-9.846438461168345313e-01 -9.432337668413434684e-02 -1.468999554634048965e-01
-9.962737131226460097e-01 -4.659990255620578142e-02 -7.257504820920059052e-02
-9.953241438286115628e-01 5.218841674617650389e-02 8.127864337800452810e-02
-9.570549129409174904e-01 1.566372574816114194e-01 2.439480747706204988e-01
-4.237801591161274306e-01 -4.893869602824095777e-01 -7.621750322892063556e-01
2.404215550269125368e-01 -5.244544674654443295e-01 -8.167894388604559630e-01
4.665648858030832513e-01 -4.778903516113657268e-01 -7.442701251375882787e-01
4.828158672205709045e-01 -4.731545594693140622e-01 -7.368945658731970161e-01
2.887367568973705501e-01 -5.172900341311509331e-01 -8.056314950428523636e-01
-7.121508980018976046e-03 -5.402886047382244872e-01 -8.414496465623300114e-01
-8.499551457932026655e-02 -5.383471322184986141e-01 -8.384259822629035463e-01
-1.211346393291102691e-01 -5.363235661333698445e-01 -8.352744648105743241e-01
-1.941276107444980803e-01 -5.300237485159905448e-01 -8.254630801893508840e-01
-2.341504031252614471e-01 -5.252821098153300783e-01 -8.180784154494196159e-01
-1.251976281512371669e-01 -5.360511116092842032e-01 -8.348501420301461806e-01
5.287761568991612010e-02 -5.395464230931721339e-01 -8.402937671352282978e-01
1.636133489783297751e-04 -5.403022986363749114e-01 -8.414709735450900396e-01
-3.569512797367699330e-01 -5.047088122425981149e-01 -7.860374028880229291e-01
-3.572267262598801674e-01 -5.046519176484103308e-01 -7.859487948075437602e-01
-8.164590934693312374e-02 -5.384984523829396963e-01 -8.386616494559001600e-01
7.531980500712619209e-02 -5.387675388420996025e-01 -8.390807267859959895e-01
6.960796300502026905e-03 -5.402892161608274790e-01 -8.414505987966146572e-01
1.405049852335996940e-01 -5.349424913658563652e-01 -8.331235682993229918e-01
-3.209692691643839958e-03 -5.402995227294377090e-01 -8.414666503261831743e-01
-7.802668644933737074e-02 -5.386550704113081123e-01 -8.389055675831014192e-01
-2.686383943224150972e-01 -5.204413864179561200e-01 -8.105394354374316768e-01
-4.223747039373175749e-01 -4.897415293207977860e-01 -7.627272408485156197e-01
-4.502183046141703393e-01 -4.824459337445998752e-01 -7.513650239421869603e-01
-4.469621453013109535e-01 -4.833289794215562818e-01 -7.527402861007019830e-01
-4.207720705467558053e-01 -4.901440939616023562e-01 -7.633541981297776724e-01
-3.754454551404477480e-01 -5.007762155860921993e-01 -7.799127464772285245e-01
-3.080264532224558094e-01 -5.140316150545464202e-01 -8.005568080027856137e-01
-2.088347299266158086e-01 -5.283891519215992982e-01 -8.229173468265512659e-01
-3.213321348147060719e-02 -5.400232910335059922e-01 -8.410364449491445349e-01
-1.277434371708435767e-01 -5.358757422742633780e-01 -8.345770204731171038e-01
-6.380883740758103162e-02 -5.392012452474129747e-01 -8.397561844918631779e-01
1.814779647018750497e-01 -5.313305922060258535e-01 -8.274983686471283351e-01
1.244879699303656911e-01 -5.360993575338015571e-01 -8.349252806056728371e-01
1.023027895843559992e-01 -5.374675048511199371e-01 -8.370560438061303010e-01
1.285130397430538363e-01 -5.358220214485790445e-01 -8.344933552442216351e-01
1.743122777304482729e-01 -5.320305063009685975e-01 -8.285884202651869757e-01
5.416521042224981680e-02 -5.395091353074897844e-01 -8.402356948497713418e-01
-3.497478446689238907e-01 -5.061789056196239756e-01 -7.883269376693670116e-01
-8.021629003827318583e-01 -3.226173441774433104e-01 -5.024467439295994264e-01
-7.966795250492511027e-01 -3.265597749456931043e-01 -5.085867160619886862e-01
-7.893223590375221255e-01 -3.317342699308893361e-01 -5.166455145231214630e-01
-7.792589200931931970e-01 -3.386085954602555126e-01 -5.273516422043487140e-01
-7.510345628998924550e-01 -3.567415625265983325e-01 -5.555920651843839764e-01
-6.049477938415656064e-01 -4.302238890350903455e-01 -6.700340081143231208e-01
-5.661702156099225336e-01 -4.453648971918985899e-01 -6.936147311767991708e-01
-4.629829514955763892e-01 -4.789062338951406983e-01 -7.458522680536794347e-01
-4.928637321986805153e-01 -4.701205545542259667e-01 -7.321693831817978060e-01
-5.374788373675091213e-01 -4.556246359382600808e-01 -7.095933275533237161e-01
-4.685963436464553045e-01 -4.773097562165591334e-01 -7.433659013848172847e-01
-4.919408453358455335e-01 -4.704026542693703905e-01 -7.326087274572866681e-01
-5.021962017446777171e-01 -4.672284222696866385e-01 -7.276651540211325209e-01
-4.510571794781481625e-01 -4.822171354785931285e-01 -7.510086917553203678e-01
-4.531105226740671510e-01 -4.816548397017646477e-01 -7.501329679689469065e-01
-4.951872471117778618e-01 -4.694072272753644914e-01 -7.310584417674919067e-01
-4.625599487993358183e-01 -4.790255444184616240e-01 -7.460380831843319571e-01
-5.181102166345322724e-01 -4.621280521605526381e-01 -7.197217982145681647e-01
-5.291899987737374023e-01 -4.584483198010354532e-01 -7.139909546131935070e-01
-6.184155598274564403e-01 -4.245972452758913218e-01 -6.612710296598652837e-01
-6.841934317619829953e-01 -3.940427894698552147e-01 -6.136852841649177437e-01
-6.822324428977610822e-01 -3.950341132299269864e-01 -6.152291794464875840e-01
-7.692366649707285120e-01 -3.452337056416778238e-01 -5.376696399775856561e-01
-8.219559693372693321e-01 -3.077297389436516317e-01 -4.792606725368795395e-01
-8.119485438636425689e-01 -3.153901324201240919e-01 -4.911910285110337449e-01
-8.826224827717776833e-01 -2.539866564567050955e-01 -3.955607807249433838e-01
-8.659390406757743186e-01 -2.702319580975733881e-01 -4.208613389897805646e-01
-8.204227318209521558e-01 -3.089218494873334220e-01 -4.811172747062520405e-01
-8.298239202247387203e-01 -3.015023689015296493e-01 -4.695621183289941936e-01
-8.396800283992600367e-01 -2.934281540251077458e-01 -4.569872737099311966e-01
-8.321853718444707226e-01 -2.995962921629444775e-01 -4.665935796925366752e-01
-8.571422996809884287e-01 -2.782987395171870881e-01 -4.334246066857895818e-01
-8.676617306789949913e-01 -2.686140075944953298e-01 -4.183415303781775618e-01
-8.685850021575697300e-01 -2.677415150059913596e-01 -4.169827036811373233e-01
-8.693860870779621663e-01 -2.669814234083740523e-01 -4.157989311555628231e-01
-8.716499778956591227e-01 -2.648177623964894645e-01 -4.124292287821191283e-01
-8.774537933698910441e-01 -2.591620375916359742e-01 -4.036209592825179548e-01
-9.114516465926447708e-01 -2.222842665012710606e-01 -3.461872337183284354e-01
-8.711844168884669282e-01 -2.652646136679018274e-01 -4.131251584039885572e-01
-8.349012526387723510e-01 -2.973822607211010216e-01 -4.631454300223807885e-01
-8.451594976082632549e-01 -2.887992515450710784e-01 -4.497781852308478379e-01
-8.434325369750843571e-01 -2.902693647814599265e-01 -4.520677509413172368e-01
-8.683891322923618095e-01 -2.679269273123396911e-01 -4.172714662392902896e-01
-8.910816504907771440e-01 -2.452124333962797942e-01 -3.818957379527917473e-01
-8.911778015755964510e-01 -2.451104060399075246e-01 -3.817368397598515095e-01
-8.794182116619847500e-01 -2.572109163956110556e-01 -4.005822680600908958e-01
-8.391109232296174447e-01 -2.939030294911120222e-01 -4.577268484289353512e-01
-8.143492892141481754e-01 -3.135779947704065429e-01 -4.883687913372256051e-01
-8.713416797531866598e-01 -2.651137817371179706e-01 -4.128902515898612013e-01
-8.786030498722796622e-01 -2.580228812580778186e-01 -4.018468284090449538e-01
-8.949457964981509805e-01 -2.410693151446743343e-01 -3.754432135835827911e-01
-9.170905458237866847e-01 -2.154071733246001596e-01 -3.354767956818096586e-01
-9.333466016883633642e-01 -1.939558258594031581e-01 -3.020683014352554818e-01
-9.476582539251987569e-01 -1.725112023023926688e-01 -2.686702790552508713e-01
-9.413058559169451556e-01 -1.823816709011447934e-01 -2.840426230969110843e-01
-9.245769156214114215e-01 -2.058527160330019534e-01 -3.205966100909892758e-01
-9.600899535533081730e-01 -1.511179101403616332e-01 -2.353522005863045163e-01
-9.729210107553686315e-01 -1.248843146469484217e-01 -1.944957963193907902e-01
-9.860012878588743090e-01 -9.008876336284295239e-02 -1.403049359658991302e-01
-9.999418606568329926e-01 -5.826135311147729624e-03 -9.073668138466163893e-03
-9.963834543009600919e-01 4.590984014138815156e-02 7.150033967386960898e-02
-9.894647772915092787e-01 7.822162045674543873e-02 1.218229559343592533e-01
-9.880259438601569633e-01 8.336206991916453313e-02 1.298287316353289034e-01
-9.912363331478890593e-01 7.137418378907597893e-02 1.111587051740456217e-01
-9.820419622676499483e-01 1.019348488465755959e-01 1.587541210051866547e-01
-9.912563305793616886e-01 7.129306243906093077e-02 1.110323661568977244e-01
-9.726784492225686307e-01 1.254346852038923932e-01 1.953529476761979577e-01
-9.689317305101098343e-01 1.336320656839642129e-01 2.081196113577971074e-01
-9.702661613270435748e-01 1.307750096180939348e-01 2.036700101710385846e-01
-9.693331525707639118e-01 1.327794860518094755e-01 2.067917972527959225e-01
-9.624377889208811654e-01 1.466933222726230779e-01 2.284613132626741594e-01
-9.471688272748204351e-01 1.732940895233001100e-01 2.698895536606257251e-01
-9.478364680092561390e-01 1.722251462328514005e-01 2.682247731228628584e-01
-9.412629097590925475e-01 1.824463643944246594e-01 2.841433772430800309e-01
-9.488866027250953961e-01 1.705286994191787808e-01 2.655827137507829616e-01
-9.676524675252224927e-01 1.363112175616630894e-01 2.122921431876490517e-01
-9.797499361993441402e-01 1.081820452380979070e-01 1.684835529227797501e-01
-9.838674072399788972e-01 9.665965210552071585e-02 1.505384888515934050e-01
-9.866716648873973261e-01 8.792002879025619111e-02 1.369273319898263452e-01
-9.900734226044045627e-01 7.594009522619184216e-02 1.182696909163000326e-01
-9.907859407196272228e-01 7.317700059990368822e-02 1.139664260013664027e-01
-9.914898409196156726e-01 7.033875999699960857e-02 1.095461281619743987e-01
-9.956490586430551959e-01 5.034664341767774304e-02 7.841025136913720717e-02
-9.884580137434866298e-01 8.185313356579580757e-02 1.274787025025798382e-01
-9.850879708025680470e-01 9.295977684366808769e-02 1.447762745385245409e-01
-9.893160866809820320e-01 7.876873959036843897e-02 1.226750434993701955e-01
-9.947912004992818247e-01 5.507498191835340923e-02 8.577420227487266013e-02
-9.908347670102481963e-01 7.298375165290577060e-02 1.136654585985304305e-01
-9.953973866403039716e-01 5.177901295874147436e-02 8.064103475695025280e-02
-9.941493931649827420e-01 5.836011290704659626e-02 9.089049065316662235e-02
-9.993752263801889413e-01 1.909612796198789306e-02 2.974045719899841983e-02
-9.999991838148331036e-01 6.903130429034689880e-04 1.075098865447893497e-03
-9.963650771121983496e-01 -4.602612409269648402e-02 -7.168144119789059132e-02
-9.760885783551557227e-01 -1.174472152522122864e-01 -1.829132002730024520e-01
-9.446699890785335008e-01 -1.772311906017728367e-01 -2.760212252929862831e-01
-9.386023033904543622e-01 -1.864048562401058040e-01 -2.903083630215272382e-01
-7.712889843035601878e-01 -3.438943757417013969e-01 -5.355837572455011131e-01
-7.360778419634549374e-01 -3.657289548437077653e-01 -5.695890994035543997e-01
-7.200300918307108722e-01 -3.749389172432009976e-01 -5.839327659883063459e-01
-6.115790931187105040e-01 -4.274781608972301195e-01 -6.657577899026172474e-01
-6.561857431105280192e-01 -4.077118015756203695e-01 -6.349735092068378162e-01
-6.977207381059652436e-01 -3.870562854401822239e-01 -6.028044488207724427e-01
-7.258681420564506714e-01 -3.716382290112854037e-01 -5.787922486392435006e-01
-7.685334633540121807e-01 -3.456905985876835841e-01 -5.383812085810353310e-01
-7.909602311137844399e-01 -3.305934543557441097e-01 -5.148687995339835677e-01
-9.234599310283695406e-01 -2.073112247855895263e-01 -3.228681028887458448e-01
-9.383366621625047754e-01 -1.867948682287857154e-01 -2.909157707054053632e-01
-9.694707254862093837e-01 -1.324859511172139515e-01 -2.063346436782007853e-01
-9.500845920670056843e-01 -1.685702220165985754e-01 -2.625325659154424951e-01
-9.163541555492281665e-01 -2.163201086416881858e-01 -3.368986081967528246e-01
-7.856105916503729469e-01 -3.342965237779801924e-01 -5.206359884571074570e-01
-7.355872953439975825e-01 -3.660169615652855146e-01 -5.700376432964919804e-01
-7.014244931171247366e-01 -3.850971019623303793e-01 -5.997532013383498617e-01
-6.428214832166171400e-01 -4.138802211686016252e-01 -6.445802535298594815e-01
-6.009750031357357081e-01 -4.318462453134416790e-01 -6.725606783143698308e-01
-6.004698226353403223e-01 -4.320513434857610191e-01 -6.728800997922524951e-01
-5.825630634209044700e-01 -4.391498825275496620e-01 -6.839354193296985907e-01
-6.104584235672652071e-01 -4.279455240641639180e-01 -6.664856649090191709e-01
-5.613022324015228826e-01 -4.471600783178311667e-01 -6.964105601294812153e-01
-5.125316311635047528e-01 -4.639404868901734202e-01 -7.225444980629124325e-01
-3.067175847546313450e-01 -5.142600421725099791e-01 -8.009125621608226275e-01
-2.874874537279914488e-01 -5.174931218374548836e-01 -8.059477854054324375e-01
-3.320540182455253286e-01 -5.096457539057579478e-01 -7.937262339703985425e-01
-5.705808523042423808e-01 -4.437186398282582100e-01 -6.910508372418956435e-01
-6.440030174449815625e-01 -4.133436637487367116e-01 -6.437446148594410111e-01
-7.160652275834012981e-01 -3.771490410141712935e-01 -5.873748298216588948e-01
-7.247506658421005721e-01 -3.722743552775775733e-01 -5.797829566002226098e-01
-6.430235904657392032e-01 -4.137885595326469823e-01 -6.444374989899691597e-01
-5.742000350481556437e-01 -4.423536249602379455e-01 -6.889249525421720088e-01
-6.399637265029609612e-01 -4.151710582887656042e-01 -6.465906132320742294e-01
-6.909789097147117642e-01 -3.905709847715820859e-01 -6.082782687093341023e-01
-9.085672207928428001e-01 -2.257051723987624214e-01 -3.515149789883989517e-01
-9.743260786219748448e-01 -1.216444685906696993e-01 -1.894500350446495784e-01
-9.648617204078879794e-01 -1.419688498556127554e-01 -2.211033834255033137e-01
-9.777837956115202900e-01 -1.132559844118763565e-01 -1.763857449864514038e-01
-9.699581265677031938e-01 -1.314403855974495550e-01 -2.047062718610868637e-01
-9.670276020546522133e-01 -1.375996453126068775e-01 -2.142987505196286557e-01
-9.534214266981210217e-01 -1.629775877772889070e-01 -2.538225541499720683e-01
-9.382832295807632672e-01 -1.868732058036351451e-01 -2.910377742496066400e-01
-9.538498027486804753e-01 -1.622442034161278301e-01 -2.526803756807587398e-01
-9.590252321836431060e-01 -1.530788131946585473e-01 -2.384061261503659657e-01
-9.817102821752323738e-01 -1.028632886255674006e-01 -1.602000802888653985e-01
-9.973309178212553805e-01 3.944961835939313904e-02 6.143914036760672603e-02
-9.536592225943231194e-01 1.625709278886368070e-01 2.531892188980779945e-01
-9.238379392790035949e-01 2.068189870137978337e-01 3.221014879805906284e-01
-9.677956266091801707e-01 1.360141974155812394e-01 2.118295617177630152e-01
-9.358619972536608156e-01 1.903845641558545576e-01 2.965063908713846952e-01
-9.215316648850376824e-01 2.098011251085191431e-01 3.267458928852972622e-01
-9.406458429481124872e-01 1.833730611215906858e-01 2.855866218843808313e-01
-9.637955682625318765e-01 1.440674358018634027e-01 2.243717373890462830e-01
-9.890980047398197916e-01 7.956423772293953756e-02 1.239139584359849888e-01
-9.929264793290963897e-01 6.415053361485072159e-02 9.990853659250248375e-02
-9.947160702353443629e-01 5.546970834222516439e-02 8.638895225653592247e-02
-9.995514722333016522e-01 1.618071773820173656e-02 2.519997479593598030e-02
-9.955540962164165508e-01 5.089189277271984752e-02 7.925942692654287802e-02
-9.955211457219637072e-01 5.107971370366515967e-02 7.955194069524898492e-02
-9.834745665656178248e-01 9.781975451016844403e-02 1.523452412979825199e-01
-9.478847878878001731e-01 1.721474955438825893e-01 2.681038393400380637e-01
-9.241780843862614780e-01 2.063748778460317290e-01 3.214098289321216106e-01
-9.777630039925938599e-01 1.133083732266731702e-01 1.764673357313014668e-01
-9.787261922025178862e-01 1.108542346427958125e-01 1.726452413433972599e-01
-9.814708234258436859e-01 1.035282139971665655e-01 1.612356401989129551e-01
-9.739069580541678262e-01 1.226203400504559810e-01 1.909698647943909866e-01
-9.735789835724752983e-01 1.233783157694491039e-01 1.921503420342517421e-01
-9.804337416152306695e-01 1.063581737799519783e-01 1.656430414250856797e-01
-9.966801941489983330e-01 4.398933726402508293e-02 6.850933365744239778e-02
-9.998273417772529648e-01 1.003983799490671194e-02 1.563612124755149255e-02
-9.998596703125445240e-01 -9.051308369846024562e-03 -1.409657757343176811e-02
-9.991836717679765112e-01 -2.182707683606955815e-02 -3.399365807113081256e-02
-9.999326746425716284e-01 -6.269513513695445552e-03 -9.764188776057582814e-03
-9.974397017654286213e-01 -3.863838257231781009e-02 -6.017571548629910283e-02
-9.998822529146017546e-01 -8.291137492357384536e-03 -1.291268157677326507e-02
-9.998249708599205032e-01 -1.010852975969710535e-02 -1.574310233265623082e-02
-9.288695370546640184e-01 2.001317835472924411e-01 3.116867856455161068e-01
-7.699427219585582849e-01 3.447739270546237300e-01 5.369535772544766772e-01
-7.683331899453202940e-01 3.458205359186514727e-01 5.385835739840058034e-01
-7.114233100579498981e-01 3.797048690669749815e-01 5.913552961739849678e-01
-6.880582985755646641e-01 3.920732926657868322e-01 6.106179746285785859e-01
-6.687767144781887607e-01 4.016949453926809133e-01 6.256028109093902945e-01
-7.349524177102850775e-01 3.663890862717536501e-01 5.706171931888803783e-01
-9.323631256588290617e-01 1.953318019758640278e-01 3.042112572679723237e-01
-9.841562235846679219e-01 -9.579748450586302033e-02 -1.491957423719393327e-01
-9.807330745980302744e-01 -1.055494575583112299e-01 -1.643835405344486189e-01
-9.858430104489989132e-01 -9.059301907828444522e-02 -1.410902677123291038e-01
-9.983425035455086860e-01 -3.109553890954889349e-02 -4.842843250003851796e-02
-9.992158676413780416e-01 2.139249081175620404e-02 3.331683043983812986e-02
-9.994205684897324860e-01 1.839034824542294666e-02 2.864127041651542277e-02
-9.896771721151120804e-01 7.743324733873289956e-02 1.205951375504562412e-01
-9.919732731136378101e-01 6.831999369435029501e-02 1.064020859279553449e-01
-9.843422870461030483e-01 9.523778325539132561e-02 1.483240593209557423e-01
-9.787552805858958926e-01 1.107792356309882653e-01 1.725284373030666896e-01
-9.807214379967602591e-01 1.055810168402228216e-01 1.644326912038822919e-01
-9.653550016424150559e-01 1.409865222104960680e-01 2.195734987628564783e-01
-9.684970873770047950e-01 1.345487178407115680e-01 2.095472125075370229e-01
-9.680841643876063607e-01 1.354134379134952770e-01 2.108939342285545138e-01
-9.672178264444170059e-01 1.372087851855187668e-01 2.136900219384419986e-01
-9.608547537784249970e-01 1.496921576269475140e-01 2.331317226084672622e-01
-9.744490081987459140e-01 1.213566734659517060e-01 1.890018206942957746e-01
-9.772478900970912319e-01 1.145983117858382083e-01 1.784762960076753113e-01
-9.807462327921038225e-01 1.055137597867139010e-01 1.643279445492099866e-01
-9.861387741365279513e-01 8.964837795390782904e-02 1.396190763281982827e-01
-9.997728701392131212e-01 1.151500880738832132e-02 1.793356366609580310e-02
-9.993733107289607398e-01 -1.912537221377177965e-02 -2.978600242262839648e-02
-9.992285448171805973e-01 -2.121892577065671859e-02 -3.304651890409974341e-02
-9.990350906859329916e-01 -2.372959243695122594e-02 -3.695665056422038630e-02
-9.989680513964619424e-01 -2.453967356849273349e-02 -3.821827717608031194e-02
-9.975087093455472509e-01 -3.811477507281092053e-02 -5.936024512187983854e-02
-9.899609451827339202e-01 -7.636696135705077493e-02 -1.189344955258932746e-01
-9.936328724453662442e-01 -6.087390877706052444e-02 -9.480549575933190642e-02
-9.650336771177312478e-01 -1.416272432218959598e-01 -2.205713626153593954e-01
-9.256833180851821163e-01 -2.043960085485741207e-01 -3.183279226021787367e-01
-9.128050918987360429e-01 -2.206570169830723849e-01 -3.436529427487448052e-01
-7.872810113144644850e-01 -3.331473564385469266e-01 -5.188462663657530394e-01
-6.810662938838338842e-01 -3.956211044190423021e-01 -6.161433640587200555e-01
-4.979724139532494820e-01 -4.685463076556299900e-01 -7.297176389014103925e-01
-4.812817318212870843e-01 -4.736106132502942989e-01 -7.376048275545536992e-01
-4.260957080817864839e-01 -4.887996584024310587e-01 -7.612603638046235854e-01
-4.156553305166554302e-01 -4.914169460329305128e-01 -7.653365477780070814e-01
-4.026467864500197225e-01 -4.945686501468462004e-01 -7.702450361108460486e-01
-3.986912095514182908e-01 -4.955032645474390374e-01 -7.717006117979030577e-01
-4.032980170588195690e-01 -4.944137238305338911e-01 -7.700037526690688416e-01
-4.037601164379975849e-01 -4.943036100438971125e-01 -7.698322606071698049e-01
-3.526022839203354908e-01 -5.056004603221913030e-01 -7.874260624948550280e-01
-3.366518203549835886e-01 -5.087644284800554306e-01 -7.923536509444747411e-01
-3.864184144144029442e-01 -4.983335637021341080e-01 -7.761085415645092578e-01
-4.284643168457301088e-01 -4.881948505455748766e-01 -7.603184313764237423e-01
-3.720330137589891173e-01 -5.015191351811311149e-01 -7.810697751933396438e-01
-2.845659915995705780e-01 -5.179642925270536713e-01 -8.066815902770447799e-01
-2.637126601635877976e-01 -5.211762968052920941e-01 -8.116839905515976783e-01
-2.309568733959188325e-01 -5.256946864336224934e-01 -8.187209654617603194e-01
-2.193261640154345604e-01 -5.271468062123083609e-01 -8.209825080222098448e-01
-1.565034487693802989e-01 -5.336443832527366649e-01 -8.311018846965130269e-01
-1.221904064660417066e-01 -5.362536463571924150e-01 -8.351655712110495067e-01
-1.368988327158340013e-01 -5.352153780331042610e-01 -8.335485641028502757e-01
-2.294825151470316349e-01 -5.258831414550730887e-01 -8.190144667679174484e-01
-3.137391602379560052e-01 -5.130220154519296027e-01 -7.989844497828616499e-01
-3.747198083681432257e-01 -5.009348558363198034e-01 -7.801598140283743099e-01
-3.984090774768871968e-01 -4.955695065610161154e-01 -7.718037776215446177e-01
-4.588391499592412992e-01 -4.800690533520592940e-01 -7.476632520582634500e-01
-5.920347563668427737e-01 -4.354363450697334992e-01 -6.781519274071003966e-01
-8.388053352544688757e-01 -2.941575706999098871e-01 -4.581232728737601456e-01
-8.587914003685480635e-01 -2.768106029728921169e-01 -4.311069713363633871e-01
-9.787230462643035089e-01 -1.108623426882318908e-01 -1.726578688759912439e-01
-9.991788808757411378e-01 -2.189100661640612511e-02 -3.409322280486247470e-02
-9.999752387986960978e-01 3.802200248142380279e-03 5.921576037141728505e-03
-9.908720042604099998e-01 -7.283601977291218055e-02 -1.134353798274506109e-01
-9.802303096038857966e-01 -1.069041603533774643e-01 -1.664933651320963937e-01
-9.744111872129620489e-01 -1.214452941238764183e-01 -1.891398391915117272e-01
-9.320713018263294680e-01 -1.957379527482477899e-01 -3.048437996182573051e-01
-9.290290085616499383e-01 -1.999155777549682100e-01 -3.113500650744351894e-01
-9.449586502544502498e-01 -1.767813902561843065e-01 -2.753207027602143087e-01
-9.931806500506421553e-01 -6.299145515849043087e-02 -9.810337885108588729e-02
-9.975953110946316205e-01 3.744725825308143491e-02 5.832064927049606523e-02
-9.984847772347317241e-01 2.973209327629610169e-02 4.630499173866362700e-02
-9.913749578357911041e-01 7.080989577234692023e-02 1.102798786578615825e-01
-9.219915631029741432e-01 2.092104373434424403e-01 3.258259511971076661e-01
-7.191568570537311134e-01 3.754278490452941375e-01 5.846942321537156317e-01
-9.656748989055415899e-01 1.403455282264056692e-01 2.185752097805767902e-01
-9.978752317947285899e-01 3.520276544322063078e-02 5.482505883048646028e-02
-9.989237721153213512e-01 2.506034569389401293e-02 3.902917596619275009e-02
-9.939578442259406899e-01 5.930492568361966921e-02 9.236194936975417047e-02
-9.955931655869615371e-01 5.066828340604598996e-02 7.891117597157981667e-02
-9.956828428940216469e-01 5.015122083187426028e-02 7.810589872443481074e-02
-9.020094814030207298e-01 2.332572696773006493e-01 3.632766736273396746e-01
-7.364130584527648349e-01 3.655319035424347551e-01 5.692822101847982985e-01
-6.831184049202689845e-01 3.945869003377009410e-01 6.145326866335694138e-01
-9.042411946343306139e-01 2.307210177189354949e-01 3.593266952357106470e-01
-9.842622795388137336e-01 9.547887051018953686e-02 1.486995304738943091e-01
-9.917274601387547905e-01 6.935395155829623959e-02 1.080123798922324602e-01
-9.872550908632076183e-01 8.598684255142896582e-02 1.339165728082803708e-01
-9.838124770815689368e-01 9.682273090721174591e-02 1.507924690370745224e-01
-9.777540009048959480e-01 1.133310505223252829e-01 1.765026535267243679e-01
-9.681991859660216138e-01 1.351731590354722790e-01 2.105197220478501052e-01
-9.596425401525990884e-01 1.519452618737903993e-01 2.366407245669531756e-01
-9.661182823600249492e-01 1.394518728400619412e-01 2.171834239787056031e-01
-9.414448512372501909e-01 1.821721125222061366e-01 2.837162552587857989e-01
-9.212236796171950903e-01 2.101956054402664975e-01 3.273602596011849775e-01
-9.037986746445851871e-01 2.312266348429727336e-01 3.601141472504040819e-01
-8.964056451568550576e-01 2.394806817193841642e-01 3.729690636153908945e-01
-9.455952184273302974e-01 1.757849143189945118e-01 2.737687834382021568e-01
-9.784823511851543643e-01 1.114808621893487867e-01 1.736211559248803660e-01
-9.947122198965958617e-01 5.548986117532390266e-02 8.642033843447759212e-02
-9.999884926503408433e-01 2.592019260110657499e-03 4.036830818150621836e-03
-9.990858897363157354e-01 -2.309680142472618491e-02 -3.597113695368890640e-02
-9.999174213403908551e-01 -6.943473261310188251e-03 -1.081381889309925362e-02
-9.998409637982359488e-01 -9.635683989548254891e-03 -1.500668867765601877e-02
-9.843057698992510041e-01 -9.534789871403358263e-02 -1.484955539868490770e-01
-8.400687026142444891e-01 -2.931032070822067181e-01 -4.564811988309541713e-01
-7.109010685906990146e-01 -3.799903021331892394e-01 -5.917998318361790133e-01
-7.086540376133476649e-01 -3.812136048749362738e-01 -5.937050129757672767e-01
-9.996662150198385444e-01 -1.395882847288621061e-02 -2.173958729080577301e-02
-9.618798068233926912e-01 1.477578509588320099e-01 2.301192184616926983e-01
-9.779543590216954740e-01 1.128252538397811061e-01 1.757149218662252266e-01
-9.849088811496726770e-01 9.351210389955022517e-02 1.456364729618913056e-01
-9.954616411273169430e-01 5.141714169523090017e-02 8.007745365582824570e-02
-9.991014038092786986e-01 -2.290005469795756629e-02 -3.566472208161889507e-02
-9.981492833154960165e-01 -3.285645899842958712e-02 -5.117090304896130398e-02
-9.998145439367976950e-01 1.040524236495742917e-02 1.620520483609114160e-02
-9.940410519420077584e-01 5.889638898465965333e-02 9.172569115898882020e-02
-9.708995338335969505e-01 1.293954595812605857e-01 2.015214882871264046e-01
-9.065432844517884448e-01 2.280685559708875987e-01 3.551957308199492624e-01
-5.509161245980432886e-01 4.509150258199619010e-01 7.022585443749733702e-01
-5.891593198159686962e-01 4.365733892983297282e-01 6.799227688719904350e-01
-6.869052025314200671e-01 3.926630950217879779e-01 6.115365373738343990e-01
-6.390229268916810534e-01 4.155938813088203010e-01 6.472491210696692532e-01
-5.739974694395542087e-01 4.424303644131206692e-01 6.890444671588774606e-01
-5.941662558700361307e-01 4.345879741455713763e-01 6.768306679764377609e-01
-5.565688903728617243e-01 4.488839459649221486e-01 6.990953249193433416e-01
-4.986810616018158004e-01 4.683262341977738608e-01 7.293748947981537611e-01
-5.085159487579573589e-01 4.652286895326211424e-01 7.245507548091812966e-01
-6.531789005078740828e-01 4.091188625364081677e-01 6.371648768162290200e-01
-8.349022240759785829e-01 2.973814645447692140e-01 4.631441900512114351e-01
-8.999526797777540610e-01 2.355650974351818083e-01 3.668709024046368228e-01
-9.902520273582894328e-01 7.525719190293375660e-02 1.172061320054653688e-01
-9.957710213621950857e-01 4.963750260514009777e-02 7.730582998982300780e-02
-9.985001072216916906e-01 2.958141988724954929e-02 4.607033183866258985e-02
-9.930160588168316371e-01 6.374446883699294575e-02 9.927612817075649743e-02
-9.975112949466333756e-01 3.809501576855540278e-02 5.932947182879848985e-02
-9.892566093460058996e-01 7.898650722897301857e-02 1.230141965019128369e-01
-9.809598264030221504e-01 1.049325210122503682e-01 1.634227187919915503e-01
-9.550657610682043996e-01 1.601423514364149481e-01 2.494069351714726934e-01
-9.488839876891526082e-01 1.705329472003168367e-01 2.655893292779399895e-01
-9.636013304003626656e-01 1.444462378222106380e-01 2.249616865816499445e-01
-9.873593903082681367e-01 8.563652528987708568e-02 1.333709859990594715e-01
-9.708756539427492172e-01 1.294477555414154102e-01 2.016029344194397721e-01
-9.412381103507776459e-01 1.824837100876711138e-01 2.842015397142246824e-01
-9.244196825196357992e-01 2.060587552303360659e-01 3.209174971284990963e-01
-9.711484691961623783e-01 1.288489607337387488e-01 2.006703667604808616e-01
-9.621783215782413468e-01 1.471893734080106375e-01 2.292338671327505961e-01
-9.500059996527532302e-01 1.686994781775896235e-01 2.627338704590291285e-01
-9.397115760126281137e-01 1.847661312309381854e-01 2.877562000336644776e-01
-9.691643915527866637e-01 1.331386255037897426e-01 2.073511238095382958e-01
-9.672870436689410267e-01 1.370662666521292039e-01 2.134680624736346177e-01
-9.736399197501698355e-01 1.232378591956065084e-01 1.919315938811707312e-01
-9.779415080052850096e-01 1.128577669085767954e-01 1.757655579707198823e-01
-9.868639055844000696e-01 8.728789327084285343e-02 1.359428392488633008e-01
-9.920195811145191556e-01 6.812342371586435630e-02 1.060959463250261137e-01
-9.976703427924200618e-01 3.685910140629705678e-02 5.740464925400539514e-02
-9.999639619318982930e-01 4.586999120177636530e-03 7.143827862749889922e-03
-9.955497458761241036e-01 -5.091673017770752263e-02 -7.929810889293106846e-02
-9.899468810955461828e-01 -7.642016524878160466e-02 -1.190173556778565678e-01
-9.621872993400765184e-01 -1.471722398271991805e-01 -2.292071831616438182e-01
-9.575282106210266653e-01 -1.557905516307426796e-01 -2.426294085379669951e-01
-9.450607028226722939e-01 -1.766220619114837742e-01 -2.750725635654211465e-01
-8.656673982311350324e-01 -2.704859089903535185e-01 -4.212568440718793550e-01
-7.747698556705117090e-01 -3.416025471921663170e-01 -5.320144457588704689e-01
-6.274872622146799861e-01 -4.206938700507721340e-01 -6.551918829320380055e-01
-5.157461571363594066e-01 -4.628993775783878939e-01 -7.209230663785275439e-01
-4.930080275745461482e-01 -4.700763845287981302e-01 -7.321005924429982992e-01
-5.224527163408578811e-01 -4.606986262507779539e-01 -7.174955992608632593e-01
-5.809225071533747897e-01 -4.397838538884441539e-01 -6.849227712243657340e-01
-7.557988397097870070e-01 -3.537920432148959349e-01 -5.509984610243198189e-01
-9.168253049308190405e-01 -2.157365337962565133e-01 -3.359897442245631805e-01
-9.386647185331177257e-01 -1.863130844163132238e-01 -2.901654368742471179e-01
-9.265729657704550037e-01 -2.032158347245121288e-01 -3.164899107721490523e-01
-9.373346467405333504e-01 -1.882577612512051357e-01 -2.931940915988651697e-01
-9.332098448048478101e-01 -1.941478324909828856e-01 -3.023673340464627102e-01
-9.443084522036679918e-01 -1.777927498746580404e-01 -2.768958020424293065e-01
-9.374621575057583422e-01 -1.880723202497045221e-01 -2.929052843506604331e-01
-9.384588092784170721e-01 -1.866156479034560001e-01 -2.906366515863217925e-01
-9.382545618434334767e-01 -1.869152202382667327e-01 -2.911032078546488822e-01
-9.346919522927868984e-01 -1.920552061055533777e-01 -2.991082615489781271e-01
-9.086514742866655947e-01 -2.256061365241891492e-01 -3.513607397523205722e-01
-8.635016532663520872e-01 -2.724993105532544369e-01 -4.243925312187735166e-01
-8.730360142066798668e-01 -2.634815192092074820e-01 -4.103481533202286147e-01
-8.562897544655246884e-01 -2.790638429330669634e-01 -4.346161846558408426e-01
-8.744166971705238378e-01 -2.621415382352683121e-01 -4.082612566005252019e-01
-8.757504477355112504e-01 -2.608385435733682756e-01 -4.062319626488979929e-01
-8.606656409448433243e-01 -2.751060251684360192e-01 -4.284522486964281174e-01
-8.610759675679910963e-01 -2.747309335287350662e-01 -4.278680780793044369e-01
-8.243515149577766987e-01 -3.058533812301701404e-01 -4.763384185396876136e-01
-7.990860777985892005e-01 -3.248387333485422412e-01 -5.059063525841335229e-01
-7.987044392130411286e-01 -3.251126162430038047e-01 -5.063328999196189395e-01
-8.016466450228543206e-01 -3.229917317140037492e-01 -5.030298179710531725e-01
-7.923371580699052341e-01 -3.296295001108830447e-01 -5.133675297468230925e-01
-7.524664370623102005e-01 -3.558596293680038047e-01 -5.542185356705595645e-01
-8.065718012262680370e-01 -3.193922165317689132e-01 -4.974239052212280354e-01
-7.758882523734612624e-01 -3.408607139383715845e-01 -5.308591089190047851e-01
-8.236991463377838496e-01 -3.063660420863433265e-01 -4.771368405172199401e-01
-7.284765660162570988e-01 -3.701452902365655051e-01 -5.764671342590578229e-01
-6.998847866890058889e-01 -3.859140320909322242e-01 -6.010254946311376356e-01
-7.051512496843757027e-01 -3.831050885891265079e-01 -5.966508243233061837e-01
-5.814036511980268385e-01 -4.395982020864427908e-01 -6.846336356738326190e-01
-5.872372647125297940e-01 -4.373287083678114584e-01 -6.810991086253804783e-01
-6.485465972995092532e-01 -4.112645830049146967e-01 -6.405066384488312670e-01
-6.880240508538140176e-01 -3.920908372378751339e-01 -6.106452986806746308e-01
-7.868997037407644557e-01 -3.334102415424072818e-01 -5.192556856572018154e-01
-8.325615988594561312e-01 -2.992909921941214191e-01 -4.661181031627547044e-01
-8.143707580564223392e-01 -3.135617181435828016e-01 -4.883434419928790460e-01
-8.592231439292835615e-01 -2.764192030129622446e-01 -4.304974020153389813e-01
-8.648868909931503035e-01 -2.712138181562332995e-01 -4.223904954296676673e-01
-8.733151716873575054e-01 -2.632113119025543679e-01 -4.099273303735889717e-01
-8.945868319361349741e-01 -2.414579511021835989e-01 -3.760484782258863845e-01
-9.121630424477884524e-01 -2.214307460505674230e-01 -3.448579543752516297e-01
-9.478759967344180248e-01 -1.721616259455257814e-01 -2.681258461367096446e-01
-9.635812085049908493e-01 -1.444854183474412468e-01 -2.250227066343001014e-01
-9.741176277791576688e-01 -1.221308482796184536e-01 -1.902075265293336204e-01
-9.803804167701231087e-01 -1.065015727849948912e-01 -1.658663721432473426e-01
-9.794143079334546309e-01 -1.090656293147327510e-01 -1.698596535891129244e-01
-9.833471827457571646e-01 -9.819289194339214655e-02 -1.529263684188430228e-01
-9.907068302140158433e-01 -7.348901224883966354e-02 -1.144523553536015981e-01
-9.991658989864586893e-01 -2.206330471438858881e-02 -3.436156119360370825e-02
-9.999331437375362786e-01 6.247634391862897339e-03 9.730114062706907152e-03
-9.978537446795416876e-01 3.538012470790546926e-02 5.510127951934573609e-02
-9.996530953939832820e-01 1.423046803078992402e-02 2.216264083660686099e-02
-9.966848418341643923e-01 4.395858538950715710e-02 6.846144045052056371e-02
-9.892982917398124298e-01 7.883395762597494860e-02 1.227766145718106050e-01
-9.962955223989153897e-01 4.646358587979475957e-02 7.236274756435880084e-02
-9.972406488823192250e-01 -4.011026233664839735e-02 -6.246803240103079163e-02
-9.659779801388052034e-01 -1.397353195744014120e-01 -2.176248661122941186e-01
-9.330646552351971046e-01 -1.943514402724837165e-01 -3.026844343781719404e-01
-9.458437510924254665e-01 -1.753941446556149808e-01 -2.731601957458940633e-01
-9.489837374427121386e-01 -1.703708335458748724e-01 -2.653368522202400048e-01
-9.304248809760270467e-01 -1.980114268337150041e-01 -3.083845257207666890e-01
-8.688568551625757141e-01 -2.674838939611254296e-01 -4.165814826758294509e-01
-8.553817168907762447e-01 -2.798756131368539402e-01 -4.358804418418633642e-01
-7.604216445885294551e-01 -3.508883590843442923e-01 -5.464762409294409151e-01
-6.289879582582632578e-01 -4.200391401004643921e-01 -6.541722014498658755e-01
-5.597243604109312098e-01 -4.477370947587990813e-01 -6.973092099918974940e-01
-5.605727690106464545e-01 -4.474271322204265711e-01 -6.968264719402824658e-01
-6.282327613717942905e-01 -4.203689435102865857e-01 -6.546858398279403746e-01
-5.935388189248697044e-01 -4.348381927714403128e-01 -6.772203603972185570e-01
-3.843409453798618536e-01 -4.988023475625532055e-01 -7.768386291699196367e-01
-1.893599433273978339e-01 -5.305270166195931170e-01 -8.262468738214739927e-01
-3.659487045651731857e-02 -5.399404024151898129e-01 -8.409073535746929284e-01
-8.719783323103802442e-03 -5.402817646370905447e-01 -8.414389937359864069e-01
4.802186327590713538e-02 -5.396789508822212866e-01 -8.405001669376248596e-01
7.175499637395836572e-02 -5.389095621025665750e-01 -8.393019149089278041e-01
7.319153810833003981e-02 -5.388531624320475055e-01 -8.392140776263934399e-01
8.369986668649329054e-02 -5.384063902916839117e-01 -8.385182712438304931e-01
1.001939509825081343e-01 -5.375834642530384899e-01 -8.372366398744245375e-01
1.361959225759573067e-01 -5.352677268646780506e-01 -8.336300925775198545e-01
1.753455582803931934e-01 -5.319313753909395981e-01 -8.284340330201558356e-01
2.191123313287778318e-01 -5.271727649843630514e-01 -8.210229364143303288e-01
2.583542706110663612e-01 -5.219591735576487590e-01 -8.129032488531708900e-01
3.513512654933499402e-01 -5.058546364414183705e-01 -7.878219183463621711e-01
3.550012270010568516e-01 -5.051101661479572291e-01 -7.866624745605494962e-01
2.608350410369652539e-01 -5.215988693353665884e-01 -8.123421082741628663e-01
2.178051442935775295e-01 -5.273308762102490999e-01 -8.212691800588798330e-01
2.058369198690161439e-01 -5.287324387624022792e-01 -8.234519844041903180e-01
1.739526389639414472e-01 -5.320648675793722138e-01 -8.286419347856018858e-01
9.343152649076107152e-02 -5.379388656585509798e-01 -8.377901447687229330e-01
3.937085837701109065e-02 -5.398833917602944288e-01 -8.408185647403710883e-01
1.445227403292988766e-01 -5.346299309232195318e-01 -8.326367842515387530e-01
2.073363809902351584e-01 -5.285613799674688806e-01 -8.231855761155907336e-01
2.327088959488024522e-01 -5.254690818151934728e-01 -8.183696070863011318e-01
2.127211416876278183e-01 -5.279363796527649644e-01 -8.222121957975592199e-01
1.856286894008240540e-01 -5.309118312470414436e-01 -8.268461870948220493e-01
1.986456108171283652e-01 -5.295348296739167404e-01 -8.247016342079757090e-01
2.769365572450414037e-01 -5.191701130547415888e-01 -8.085595444814134281e-01
2.768481672076332778e-01 -5.191838747677467447e-01 -8.085809770795521212e-01
2.809530260737785889e-01 -5.185397505819318020e-01 -8.075778130969267776e-01
2.693007647221795087e-01 -5.203414445186291815e-01 -8.103837851514033019e-01
2.451485832053309222e-01 -5.238152615891419339e-01 -8.157939346910577649e-01
2.669548468951297715e-01 -5.206942153602680534e-01 -8.109331931852047370e-01
2.836616377450983384e-01 -5.181090842942474017e-01 -8.069070900937387325e-01
2.708143229017213049e-01 -5.201120746388127047e-01 -8.100265627287739356e-01
1.772218878840411405e-01 -5.317498181803393953e-01 -8.281512744179002627e-01
5.379811477813678522e-02 -5.395198578064100969e-01 -8.402523941524174811e-01
-2.665094482635077533e-02 -5.401103907519979597e-01 -8.411720947235392654e-01
-5.414618112964154212e-02 -5.395096929314144862e-01 -8.402365632975792309e-01
-7.769765100390603474e-02 -5.386689547907440589e-01 -8.389271912228870587e-01
-8.958068408216557366e-02 -5.381300575041956247e-01 -8.380879084260208778e-01
-9.145236611249583925e-02 -5.380381431317091678e-01 -8.379447602723035793e-01
-8.051371881255066365e-02 -5.385482147900959582e-01 -8.387391498132027445e-01
-1.098880486574706217e-01 -5.370302192379837747e-01 -8.363750118143514767e-01
-1.586886227237193636e-01 -5.334559620891521359e-01 -8.308084361208581958e-01
-2.498607207093429539e-01 -5.231648825840073957e-01 -8.147810294045078061e-01
-3.963382057427436989e-01 -4.960540236181885110e-01 -7.725583682291119469e-01
-6.018485999094148609e-01 -4.314909363530727848e-01 -6.720073173948521994e-01
-7.233704342646848362e-01 -3.730572096266725479e-01 -5.810021800107829648e-01
-8.443629137523536166e-01 -2.894786624195168634e-01 -4.508363049749242180e-01
-9.719213484191088215e-01 -1.271363501039768085e-01 -1.980031337363635235e-01
-9.547425033368851510e-01 -1.607040652933374447e-01 -2.502817526712894924e-01
-9.424470623535718961e-01 -1.806529945302223494e-01 -2.813503691634080539e-01
-9.349718969667163426e-01 -1.916570038064129844e-01 -2.984880982123215842e-01
-9.433389459834338187e-01 -1.792889082663454703e-01 -2.792259306789505735e-01
-9.570301421715634582e-01 -1.566814336521895612e-01 -2.440168750799245612e-01
-9.998821170369933675e-01 8.295919728526068154e-03 1.292012946832349525e-02
-8.394083556476122920e-01 2.936549804649808970e-01 4.573405349595455749e-01
-7.995463419362696111e-01 3.245079430428254308e-01 5.053911772067692931e-01
-5.895197722785987526e-01 4.364313198701350593e-01 6.797015088470826916e-01
-9.988099569437211001e-01 2.635141316714859766e-02 4.103989442209012017e-02
-9.353860737732055952e-01 1.910661235957502313e-01 2.975678568078896635e-01
-5.033925161945227433e-01 4.668524507884436181e-01 7.270796131319946509e-01
1.261728392128968756e-01 5.359843575993882281e-01 8.347461788194826537e-01
1.224973543383544861e-01 5.362332027023304359e-01 8.351337321050473772e-01
-2.998365007643210567e-01 5.154433231996130571e-01 8.027554131728708020e-01
-2.685040225241736578e-01 5.204616287690650989e-01 8.105709610314137947e-01
-2.532299158724902743e-01 5.226917597747089417e-01 8.140441842865959732e-01
-9.807211959504444909e-01 1.055816731827479982e-01 1.644337133968010733e-01
-9.995315238611374165e-01 -1.653654155443494075e-02 -2.575413755595376206e-02
-9.662975399637865337e-01 1.390888255885846247e-01 2.166180113848401034e-01
-9.814683199135482150e-01 1.035351423015095362e-01 1.612464303936154697e-01
-9.821884668733684709e-01 1.015219485920706571e-01 1.581110669593086826e-01
-9.903258423509521124e-01 7.497310407772365959e-02 1.167636914320027558e-01
-9.949377086528647940e-01 5.429690299698806261e-02 8.456241615234710851e-02
-9.990325801566394270e-01 2.376042763732562346e-02 3.700467354347475313e-02
-9.855565118658952128e-01 -9.149850361862814363e-02 -1.425004763300159738e-01
-9.981158023994747275e-01 -3.315204868046617986e-02 -5.163125670309338250e-02
-9.999603891634661901e-01 -4.808997211387432483e-03 -7.489569404858669767e-03
-9.981796558417432852e-01 3.258598398115727240e-02 5.074966316773522890e-02
-9.992711917687566725e-01 2.062430438145733749e-02 3.212045095931560096e-02
-9.992136234875077516e-01 2.142306912146249576e-02 3.336445333558159254e-02
-9.941190591037069035e-01 5.851076421962140423e-02 9.112511617110002904e-02
-9.962822343141908288e-01 4.654668958317783461e-02 7.249217391395502974e-02
-9.997800302020424246e-01 1.133207558367680355e-02 1.764866205039146083e-02
-9.989394420345300007e-01 2.487733444424030174e-02 3.874415283228330870e-02
-9.999132755264868999e-01 7.115628053120699389e-03 1.108193409570129920e-02
-9.992724224030318236e-01 2.060689070961660083e-02 3.209333077227623232e-02
-9.996707282095830260e-01 1.386415254591648327e-02 2.159213827080425432e-02
-9.818992989170491903e-01 1.023352632846986909e-01 1.593777295441829445e-01
-9.959036304177406596e-01 4.885467981754040151e-02 7.608665573337936028e-02
-9.842943627008879925e-01 9.538226960211515504e-02 1.485490834734505827e-01
-9.848433196187451610e-01 9.371346203015371024e-02 1.459500696699152500e-01
-9.808520295676229628e-01 1.052262788268261973e-01 1.638802194815896784e-01
-9.663391512347948575e-01 1.390044057679029055e-01 2.164865353039964191e-01
-9.923945952868283849e-01 6.650980326981174862e-02 1.035828813776826784e-01
-9.974498108155348541e-01 3.856212505143376268e-02 6.005695143421124760e-02
-9.984433175613844913e-01 3.013580183446355407e-02 4.693373056566289836e-02
-9.978786731676330124e-01 3.517427617081109875e-02 5.478068941756605165e-02
-9.952050282811636395e-01 -5.284739825780857686e-02 -8.230494627462509039e-02
-9.740037861054640089e-01 -1.223956160181451785e-01 -1.906198778505545643e-01
-9.902908959112332044e-01 -7.510773715386297178e-02 -1.169733700247761604e-01
-9.948641733987643176e-01 -5.468883381335979538e-02 -8.517281223329474515e-02
-9.982040413219068764e-01 -3.236718331755308875e-02 -5.040890132407845753e-02
-9.996931532400807896e-01 -1.338379487088840920e-02 -2.084402551711826701e-02
-9.999695485305281073e-01 -4.216505197648050436e-03 -6.566817765864619086e-03
-9.996049438493722628e-01 -1.518582307582017586e-02 -2.365051816352500488e-02
-9.987763678322661987e-01 -2.672048684927653267e-02 -4.161469262560300170e-02
-9.941871276035438854e-01 -5.817215732993876592e-02 -9.059776718548691321e-02
-9.874015553003041568e-01 -8.549448502287441964e-02 -1.331497713900174629e-01
-9.899410906965703250e-01 -7.644205912070890785e-02 -1.190514533631187588e-01
-9.882675118328014818e-01 -8.252191384330603841e-02 -1.285202660728711199e-01
-9.818520783060662449e-01 -1.024674403366375997e-01 -1.595835831058946830e-01
-9.784022451841803969e-01 -1.116859190757008152e-01 -1.739405131036787233e-01
-9.796012513528845611e-01 -1.085744015215326652e-01 -1.690946116294179402e-01
-9.997367792614419990e-01 1.239604915746793552e-02 1.930570271304245245e-02
-8.204762364363984428e-01 3.088803638973227628e-01 4.810526647279076418e-01
-7.872050462921237335e-01 3.331997557537368371e-01 5.189278734639963808e-01
-7.569246486949898767e-01 3.530887252082812178e-01 5.499031081279291966e-01
-6.494946071722880188e-01 4.108276101522114199e-01 6.398260935525668103e-01
-6.539154729706372349e-01 4.087752262664997582e-01 6.366296950350021078e-01
-6.712571032565425311e-01 4.004853582436667114e-01 6.237189905398723422e-01
-7.725278026799842213e-01 3.430816660316239886e-01 5.343180368651244683e-01
-9.827563869748286995e-01 9.990463415140544978e-02 1.555922489562207855e-01
-9.858672825514070981e-01 -9.051587823981642467e-02 -1.409701279746126690e-01
-9.836306793354250289e-01 -9.736044661935892852e-02 -1.516299116408408310e-01
-9.998874030661709655e-01 -8.107797169743172563e-03 -1.262714594209317018e-02
-9.952589253130404989e-01 5.255025775374798369e-02 8.184217735829325824e-02
-9.563490419105232787e-01 1.578908207161415778e-01 2.459003838354211491e-01
-8.196955994989311156e-01 3.094848231885911072e-01 4.819940542973683573e-01
-8.530069169189453682e-01 2.819835610428830242e-01 4.391633761938831260e-01
-8.528770131162883850e-01 2.820982450587422030e-01 4.393419859660766535e-01
-9.447992619626404132e-01 1.770299120779352531e-01 2.757077525651545069e-01
-9.965065839560590666e-01 4.512293595782168598e-02 7.027480901981993100e-02
-9.999539526161692615e-01 -5.185006434751999842e-03 -8.075169073868137398e-03
-9.995892572531169806e-01 1.548432114478838148e-02 2.411540136193066411e-02
-9.999603026489707336e-01 4.814245936588201942e-03 7.497743810030939315e-03
-9.933124529956718352e-01 6.238180470715817827e-02 9.715390452884167805e-02
1.952384439201823030e-01 5.299046232034717585e-01 8.252775535074321489e-01
-9.983272364876094596e-01 3.123830049192513267e-02 4.865077049121523112e-02
-9.947145563967002557e-01 5.547763271925346823e-02 8.640129374253288641e-02
-9.998176725826863898e-01 1.031710883840945663e-02 1.606794500104425164e-02
-9.983177312683476634e-01 3.132685366148063588e-02 4.878868388152364510e-02
-9.986544588750279061e-01 2.801909910873182780e-02 4.363716138981022646e-02
-9.991623002157569156e-01 2.211083020204234958e-02 3.443557775519366648e-02
-9.980280581059894907e-01 3.391444147325595182e-02 5.281861312780539858e-02
-9.924657319729580651e-01 6.619920658617710341e-02 1.030991557033378997e-01
-9.888583440734375340e-01 8.042917577379844751e-02 1.252610196377406115e-01
-9.746232835932837624e-01 1.209474345864744865e-01 1.883644689021688190e-01
-6.353898144708971518e-01 4.172168728591598708e-01 6.497767806472176666e-01
-9.257132907896852281e-01 2.043563772103380027e-01 3.182662004498714170e-01
-9.969461136639984344e-01 -4.219358512929585747e-02 -6.571261541124957806e-02
-9.998301256133529380e-01 9.958577901409743430e-03 1.550956615023313910e-02
-9.997913103814566327e-01 1.103772531672894686e-02 1.719023867089263663e-02
-9.999831227081471541e-01 -3.139072647381124966e-03 -4.888815989284278109e-03
-9.991892919755530622e-01 -2.175184076563781502e-02 -3.387648483386773018e-02
-8.184667250421091556e-01 3.104328139394827990e-01 4.834704624157084574e-01
-7.220069668205263413e-01 3.738274851803075061e-01 5.822018131081269088e-01
-7.469483243954079255e-01 3.592373292341842772e-01 5.594789915337148312e-01
-7.295587051174926563e-01 3.695225771260832182e-01 5.754973160505488794e-01
-6.651333776803001196e-01 4.034570093543006220e-01 6.283470629345528913e-01
-6.071943212628960751e-01 4.292990174185248864e-01 6.685936059143700039e-01
-6.257791934616205864e-01 4.214359374730983210e-01 6.563475844677836291e-01
-9.585333182686840425e-01 1.539756140621017511e-01 2.398028107487992500e-01
-9.973913258775954915e-01 -3.900123107865201277e-02 -6.074081855294349158e-02
-9.927253898594834425e-01 -6.505271249172464576e-02 -1.013135969443663964e-01
-9.971833917664648661e-01 -4.052369296446089314e-02 -6.311191245439490283e-02
-9.986894450829295611e-01 2.765267138065469893e-02 4.306648401557516131e-02
-9.918417913005506126e-01 6.887500550950410860e-02 1.072664656161506497e-01
-9.924755965906052468e-01 6.615601884590845139e-02 1.030318947830330956e-01
-9.902242385809711944e-01 7.536385815899601659e-02 1.173722548566167451e-01
-9.830753911557557068e-01 9.898417180406478277e-02 1.541587137862184542e-01
-9.802745335510086866e-01 1.067857157941193430e-01 1.663088986605644193e-01
-9.840448316180329114e-01 9.613095517516222210e-02 1.497150921682517677e-01
-9.902353269287632598e-01 7.532131439198865019e-02 1.173059968652435670e-01
-9.853765852653897372e-01 9.206247949017831722e-02 1.433788167088871912e-01
-9.661035436677856136e-01 1.394816778190997864e-01 2.172298424832923291e-01
-9.634440536185144843e-01 1.447521764340266859e-01 2.254381577389623914e-01
-9.549762832545134472e-01 1.602980500215086257e-01 2.496494213506154358e-01
-9.507454142433550137e-01 1.674790365110799262e-01 2.608331451801162992e-01
-9.483073240971029438e-01 1.714668066301983373e-01 2.670437291677792424e-01
-9.640470120010863342e-01 1.435754728894726162e-01 2.236055505490451289e-01
-9.821979464016573624e-01 1.014951720416608499e-01 1.580693649528608635e-01
-9.945799013156930712e-01 5.617798233058994561e-02 8.749202363718738829e-02
-9.956007016780193952e-01 5.062503675133281367e-02 7.884382329746403295e-02
-9.997362653855503822e-01 1.240814183222496876e-02 1.932453593812079665e-02
-9.985854824096512816e-01 2.872779952694928807e-02 4.474089689560825644e-02
-9.820794661653067248e-01 1.018293152902811083e-01 1.585897622294033249e-01
-9.666660130318238675e-01 1.383393586520623719e-01 2.154507857885269162e-01
-9.660567398207867695e-01 1.395762806061331407e-01 2.173771775945919638e-01
-9.733557616601623552e-01 1.238914026708574506e-01 1.929494275379243506e-01
-9.413099649390226364e-01 1.823754797699632946e-01 2.840329809813846307e-01
-9.316834986119231221e-01 1.962761879379791852e-01 3.056820512604260798e-01
-9.402179196663542626e-01 1.840126113837735333e-01 2.865826624030094472e-01
-9.877547221453207849e-01 8.429514071028912370e-02 1.312819032930761798e-01
-9.996424767500100561e-01 1.444658318149447465e-02 2.249922024172908847e-02
-9.939677664758175268e-01 -5.925635871074142608e-02 -9.228631079103048751e-02
-9.165575363134116360e-01 -2.160684273771019959e-01 -3.365066378511353817e-01
-8.350254230223912444e-01 -2.972804676193488982e-01 -4.629868966593954638e-01
-7.620410797627649169e-01 -3.498612394752411703e-01 -5.448765969160790368e-01
-6.086259198618233501e-01 -4.287068097338900818e-01 -6.676712970917196843e-01
-5.487414548615175969e-01 -4.516884672198852591e-01 -7.034631079857817104e-01
-5.215269454035954544e-01 -4.610047366268155145e-01 -7.179723379251011783e-01
-4.703443411649869677e-01 -4.768075861500040147e-01 -7.425838178440740123e-01
-4.751973848942280254e-01 -4.754007725573525245e-01 -7.403928354877289397e-01
-4.435398207574290375e-01 -4.842484630091182796e-01 -7.541722969426644108e-01
-4.748033325001307925e-01 -4.755156961454174991e-01 -7.405718183715264136e-01
-6.932420395844700600e-01 -3.893984899585504200e-01 -6.064522162304006869e-01
-9.405664389851277063e-01 -1.834919243063110050e-01 -2.857717403264413147e-01
-9.920994672779086532e-01 -6.778295823847432788e-02 -1.055657027605605564e-01
-9.981821342010914755e-01 -3.256381406278758411e-02 -5.071513556561130925e-02
-9.986950032562456059e-01 -2.759400879449829327e-02 -4.297512245074694426e-02
-9.969539082706174726e-01 -4.213978643210371244e-02 -6.562882890466614771e-02
-9.948236347069797647e-01 -5.490368976225046965e-02 -8.550743054778514596e-02
-9.905987593066454266e-01 -7.391307514092722297e-02 -1.151127941774782865e-01
-9.872324019230251935e-01 -8.606285563036110420e-02 -1.340349561645840237e-01
-9.838364520251299261e-01 -9.675158808181474890e-02 -1.506816706512474624e-01
-9.979267046023903021e-01 -3.477420329134519456e-02 -5.415761282466093063e-02
-9.986424142223974121e-01 -2.814414182018525057e-02 -4.383190387453958503e-02
-9.958351813871799685e-01 -4.926031716588914755e-02 -7.671839847310622795e-02
-9.999999293938769407e-01 2.030359742359012722e-04 3.162097946578263253e-04
-9.990597241740626355e-01 2.342487818031546015e-02 3.648208622712335869e-02
-9.907776348417801637e-01 -7.320982261237819755e-02 -1.140175432571329389e-01
-9.963979701881208184e-01 -4.581777891181205986e-02 -7.135696280378657497e-02
-9.984177588939616710e-01 -3.038199533815019726e-02 -4.731715423006433580e-02
-9.968406849103684797e-01 4.291459321556536505e-02 6.683551897434435174e-02
-9.989836459222822818e-01 2.435364429452956114e-02 3.792855374779812577e-02
-9.908263847751211939e-01 -7.301696463642970425e-02 -1.137171847556294330e-01
-9.876656209364730321e-01 -8.459937014119087162e-02 -1.317557125588299516e-01
-9.953437763827693852e-01 -5.207899574912887991e-02 -8.110823027196312207e-02
-9.999855287420538197e-01 -2.906721279475027887e-03 -4.526950174073188227e-03
-9.898683171229057942e-01 7.671667709148019543e-02 1.194791455121270024e-01
-9.453056262718493308e-01 1.762390200665955031e-01 2.744760112373260674e-01
-7.908232215387130948e-01 3.306891262794630082e-01 5.150177997270161123e-01
-6.946371636985049225e-01 3.886720174207698442e-01 6.053208022883116435e-01
-7.508850002381394217e-01 3.568334600615137298e-01 5.557351871151379186e-01
-9.456132409234554448e-01 1.757566100884526972e-01 2.737247022109158823e-01
-9.947177596846754621e-01 -5.546086335803894485e-02 -8.637517700983984859e-02
-9.857654693610945484e-01 -9.083900613770509724e-02 -1.414733698588359900e-01
-9.722326202383421156e-01 -1.264396659578078952e-01 -1.969181124654754700e-01
-9.739083000303311310e-01 -1.226172284831058001e-01 -1.909650188153640682e-01
-9.689217449394098569e-01 -1.336532002069541480e-01 -2.081525264271585074e-01
-9.696772957229413681e-01 -1.320438947282179531e-01 -2.056461816432453293e-01
-9.902975779719519478e-01 -7.508201318284327130e-02 -1.169333073136012979e-01
-9.949754723316589500e-01 -5.409451387216155510e-02 -8.424721376595614708e-02
-9.934027060317787150e-01 -6.196083486399465989e-02 -9.649828284325205618e-02
-9.970318674681925009e-01 -4.159785752069633524e-02 -6.478482463182648476e-02
-9.989830626021365401e-01 -2.436062842979374102e-02 -3.793943089400858559e-02
-9.969772468575480717e-01 -4.197828772958111382e-02 -6.537730957783571828e-02
-9.982721088520402075e-01 -3.174843515125540250e-02 -4.944525815027039223e-02
-8.103567009324021964e-01 3.165830427050201346e-01 4.930488762035511452e-01
-9.544107748542548508e-01 1.612782678985929252e-01 2.511760202442313572e-01
-9.933763582577636031e-01 -6.208402852502759722e-02 -9.669014560257326030e-02
-9.965912800065847010e-01 4.457353416471112467e-02 6.941916642329029608e-02
-9.997558325976528826e-01 1.193903288692738963e-02 1.859394204300963277e-02
-9.872958701672880366e-01 -8.585004907370322180e-02 -1.337035295893878317e-01
-9.688058754750097368e-01 -1.338981788233216952e-01 -2.085340580166646085e-01
-9.810438359492540394e-01 -1.047029921845028383e-01 -1.630652488226265462e-01
-9.990485497108672064e-01 -2.356359464101775991e-02 -3.669812431455791307e-02
-9.990005577538234594e-01 -2.415027776429048978e-02 -3.761182914266752997e-02
-9.997827434893353793e-01 -1.126197682395669968e-02 -1.753948970051464468e-02
-9.990050828064677146e-01 -2.409557188170585035e-02 -3.752662977854614307e-02
-9.956408391746759401e-01 -5.039407272998019244e-02 -7.848411814649210172e-02
-9.925007400903608223e-01 -6.604580980044637284e-02 -1.028602543643036271e-01
-9.937537771165019240e-01 -6.029500300113871392e-02 -9.390390343206393708e-02
-9.883403759478426309e-01 -8.226677271692302285e-02 -1.281229073117650663e-01
-9.956853724243147630e-01 -5.013655802599565475e-02 -7.808306275729434698e-02
-9.971960296525729239e-01 -4.043280546648956447e-02 -6.297036356297978921e-02
-9.941490801291512636e-01 -5.836166957993466770e-02 -9.089291502754727470e-02
-9.917662662016950570e-01 -6.919176645970592787e-02 -1.077597915668639800e-01
-9.907246425249056632e-01 -7.341887837261450167e-02 -1.143431283130085241e-01
-9.901053228277985063e-01 -7.581858349054079738e-02 -1.180804476005608838e-01
-9.958845561671354485e-01 -4.896805668951914603e-02 -7.626322974959631740e-02
-9.289344142932829396e-01 2.000438579694706620e-01 3.115498496714218524e-01
-6.932696561591868978e-01 3.893841366924377101e-01 6.064298623428827639e-01
-6.135459905543201309e-01 4.266545721156905224e-01 6.644751263723084334e-01
-6.180625412331501867e-01 4.247472737747301497e-01 6.615046852028750868e-01
-6.641266613818567199e-01 4.039408508328548586e-01 6.291006013907616268e-01
-6.334309382031082514e-01 4.180855076120763569e-01 6.511295991213135181e-01
-6.399734356339865649e-01 4.151666892301519862e-01 6.465838088264398431e-01
-9.986344390890534717e-01 2.822663078943789608e-02 4.396037283245247257e-02
-9.777945574102010484e-01 -1.132288578604979529e-01 -1.763434978857914281e-01
-9.412888454588661524e-01 -1.824072983151983629e-01 -2.840825354295210547e-01
-9.208434048352901469e-01 -2.106814768361944812e-01 -3.281169594663921329e-01
-9.251043154145992542e-01 -2.051598402262102550e-01 -3.195175199572653502e-01
-9.243611444495872798e-01 -2.061354023146568237e-01 -3.210368678896925454e-01
-9.041406298929298702e-01 -2.308360405677834515e-01 -3.595058327090182582e-01
-8.702551839734586903e-01 -2.661535491661229380e-01 -4.145095934156381445e-01
1.908148053669871946e-01 5.303748205207922117e-01 8.260098424415391882e-01
-7.804496870314846513e-01 -3.378070461644290257e-01 -5.261033031393369530e-01
-8.849919892328991233e-01 -2.515681298950235845e-01 -3.917941487754975083e-01
-6.757770758956312962e-01 -3.982601038892948919e-01 -6.202533622190516960e-01
-6.532249815076270893e-01 -4.090973839894115338e-01 -6.371314259612220754e-01
-6.205904707005169829e-01 -4.236698691827821550e-01 -6.598267269687968506e-01
-6.129785405074179572e-01 -4.268926121383662675e-01 -6.648458517424006287e-01
-7.060854072525392100e-01 -3.826024790949927867e-01 -5.958680564146574543e-01
-6.450591787760926454e-01 -4.128626147821394254e-01 -6.429954254829250981e-01
-5.758304869590937791e-01 -4.417344755583950677e-01 -6.879606844810265409e-01
-6.034484798342782952e-01 -4.308381334027346909e-01 -6.709906370373182050e-01
-6.731922907816495494e-01 -3.995359793176700980e-01 -6.222404204669006456e-01
-6.705731871428959323e-01 -4.008196888926634505e-01 -6.242396796752086585e-01
-5.940580679905020922e-01 -4.346311480590956955e-01 -6.768979073628640375e-01
-4.106391664121807894e-01 -4.926465269849791828e-01 -7.672515066508162063e-01
-1.758669114315770110e-01 -5.318811283511380994e-01 -8.283557778922279180e-01
-1.147634724265637202e-01 -5.367324450310024808e-01 -8.359112559641957985e-01
-8.253856468247020017e-02 -5.384587248955686745e-01 -8.385997775601875537e-01
-9.742133714569589653e-02 -5.377322110393221166e-01 -8.374682992684001626e-01
-5.313808742478243891e-02 -5.395389526109624079e-01 -8.402821325485279047e-01
-4.733533491310668723e-02 -5.396966565784465653e-01 -8.405277419256965699e-01
2.979688993635872321e-02 -5.400623976481048194e-01 -8.410973498928057124e-01
1.324210629659411109e-01 -5.355441629491376476e-01 -8.340606162708306126e-01
1.934872964503982495e-01 -5.300920946549251278e-01 -8.255695229940780422e-01
2.035556554001406171e-01 -5.289901999004867905e-01 -8.238534235917590598e-01
1.760216772315525147e-01 -5.318661826825764605e-01 -8.283325013925599833e-01
1.492707049393089958e-01 -5.342489574668902730e-01 -8.320434532477631873e-01
3.117106739298276807e-02 -5.400397536413773514e-01 -8.410620839418114780e-01
4.649786609482285671e-02 -5.397179091039322474e-01 -8.405608407730563725e-01
6.126331634579289948e-02 -5.392874230426476512e-01 -8.398903984558554470e-01
6.946657718558542360e-02 -5.389970864977333687e-01 -8.394382260780562932e-01
5.827307185282060153e-02 -5.393841597348533190e-01 -8.400410569275540418e-01
3.148730851905954392e-02 -5.400343979252339999e-01 -8.410537429081186289e-01
1.045510621866779094e-01 -5.373411898147841814e-01 -8.368593197928009264e-01
1.607017070485472765e-01 -5.332800075671998430e-01 -8.305344031891817025e-01
2.207741428701667785e-01 -5.269703249254885646e-01 -8.207076547028596680e-01
9.918273788982014116e-02 -5.376382027285390164e-01 -8.373218899990049202e-01
-7.498161622232180079e-02 -5.387813096355178466e-01 -8.391021735260402181e-01
-4.669304142340131164e-02 -5.397129900990181861e-01 -8.405531798768056673e-01
3.406578815949822675e-02 -5.399887104127452098e-01 -8.409825888232482782e-01
8.412863624919351968e-02 -5.383868814727647001e-01 -8.384878880585469041e-01
7.381947821931003628e-02 -5.388281560194310149e-01 -8.391751324462186634e-01
1.648258801034976628e-01 -5.329124183794350378e-01 -8.299619169486570636e-01
1.849017832152206608e-01 -5.309858758235979082e-01 -8.269615046903200373e-01
1.746596209628747398e-01 -5.319972503031751287e-01 -8.285366271173324471e-01
1.425507603308399651e-01 -5.347844646317360118e-01 -8.328774562429018813e-01
1.309413333766852316e-01 -5.356503670824278585e-01 -8.342260194084071268e-01
1.417070535366796724e-01 -5.348499195439734288e-01 -8.329793962288370990e-01
1.272317877592993862e-01 -5.359112755799648742e-01 -8.346323603178993356e-01
1.182182387038966248e-01 -5.365135101880927904e-01 -8.355702851486521698e-01
1.220323249389762554e-01 -5.362641547509928719e-01 -8.351819370647279861e-01
1.377639568506235090e-01 -5.351505713772426454e-01 -8.334476337164022919e-01
1.500879358263459973e-01 -5.341821132709722031e-01 -8.319393495806920447e-01
1.471004809447380712e-01 -5.344246563878051193e-01 -8.323170881044092972e-01
2.179947857030970285e-02 -5.401739101200708770e-01 -8.412710202780411262e-01
3.387131882312050066e-03 -5.402992065062789395e-01 -8.414661578377928830e-01
4.638765767245327937e-02 -5.397206775656543387e-01 -8.405651523967277994e-01
5.445723743912884302e-02 -5.395005532599613796e-01 -8.402223291026571506e-01
-1.825743258198196939e-01 -5.312209340255590329e-01 -8.273275861497977335e-01
-2.899549065398971393e-01 -5.170910855137933471e-01 -8.053216509293702474e-01
-3.371590053534597731e-01 -5.086663727122632261e-01 -7.922009381342681733e-01
-3.195137597630257065e-01 -5.119805430538788560e-01 -7.973624526251225086e-01
-3.519983340520551618e-01 -5.057232967966449610e-01 -7.876173689690384450e-01
-4.627605620840085088e-01 -4.789689775034826624e-01 -7.459499854339839420e-01
-5.855625162312784182e-01 -4.379837727552444715e-01 -6.821193109625149908e-01
-7.188924765677857653e-01 -3.755756355819162562e-01 -5.849243960474509452e-01
-9.160292728707799537e-01 -2.167214251289139859e-01 -3.375236215939896312e-01
-8.875095402347595863e-01 -2.489655430004007464e-01 -3.877408598417262375e-01
-9.503559819960589738e-01 -1.681230370016460751e-01 -2.618361165188055062e-01
-9.678806264500875445e-01 -1.358375153762532705e-01 -2.115543957449058932e-01
-9.999836273493891703e-01 -3.091786797033371607e-03 -4.815172640685810336e-03
-9.999447585754555057e-01 -5.679083519935485859e-03 -8.844648542907878469e-03
-9.991998842071478926e-01 2.160933246734502572e-02 3.365454130927911930e-02
-9.839460164210189763e-01 9.642577843716004793e-02 1.501742521938951302e-01
-9.838453252975641883e-01 9.672524398257863198e-02 1.506406421475980362e-01
-9.879156284257291087e-01 8.374286798757892003e-02 1.304217894886111340e-01
-9.817252337678071816e-01 1.028216232497235760e-01 1.601351903106755514e-01
-9.805740206930875225e-01 1.059799770005328962e-01 1.650540348393788048e-01
-9.748970854603635772e-01 1.203015240380362616e-01 1.873585228245950585e-01
-9.980266548700816864e-01 3.392649418982153497e-02 5.283738412168770271e-02
-9.975883863980165023e-01 3.750107225837211178e-02 5.840445961803037572e-02
-9.991731074613463548e-01 2.196779960208409752e-02 3.421282079395666226e-02
-9.916205931083124092e-01 6.979860854140879090e-02 1.087048921125536721e-01
-9.956051944228822004e-01 5.059923691810484792e-02 7.880364243790000112e-02
-9.961349928282224875e-01 4.745772627154826867e-02 7.391102948986714993e-02
-9.969922029911557626e-01 4.187446459036998220e-02 6.521561461883038091e-02
-9.912709445531011632e-01 7.123372010087332395e-02 1.109399459410052857e-01
-9.923691130947358552e-01 6.662070584854898336e-02 1.037556019104922123e-01
-9.956228701415298366e-01 5.049760405939042462e-02 7.864535863865938781e-02
-9.986536427076192490e-01 2.802758989663728384e-02 4.365038500848259645e-02
-9.998861147156071771e-01 8.154047909912420788e-03 1.269917720210376327e-02
-9.986401005742536752e-01 -2.816809745352420041e-02 -4.386921256295066296e-02
-9.582632944786391160e-01 -1.544654825074770754e-01 -2.405657356496914701e-01
-8.541969086927813093e-01 -2.809299962043780297e-01 -4.375225461759706391e-01
-7.562009134693372658e-01 -3.535411395178527094e-01 -5.506077016684002290e-01
-6.600151323589971142e-01 -4.059033524246946079e-01 -6.321570165295404831e-01
-6.677483780294863891e-01 -4.021940480770085369e-01 -6.263801172853581400e-01
-7.907442928352990119e-01 -3.307442210349078593e-01 -5.151036047247338212e-01
-8.223007596133175001e-01 -3.074607163904043428e-01 -4.788416947343456798e-01
-8.099977917302264574e-01 -3.168510624750731086e-01 -4.934662922637917948e-01
-8.319422982170243674e-01 -2.997933024603446350e-01 -4.669004050515441762e-01
-8.389554134784620310e-01 -2.940326013272059891e-01 -4.579286446073658756e-01
-9.019423153304736429e-01 -2.333330772821295696e-01 -3.633947369766878377e-01
-9.116078037888269980e-01 -2.220972497581846783e-01 -3.458959723980058465e-01
-8.478646889700339750e-01 -2.864751250268283145e-01 -4.461585726382612527e-01
-8.089439717017354869e-01 -3.176360242874965434e-01 -4.946887978540191466e-01
-7.517194683458692239e-01 -3.563201911604754746e-01 -5.549358181638358589e-01
-7.810661471711556336e-01 -3.373908539499052561e-01 -5.254551221694963026e-01
-8.512960590215286061e-01 -2.834888606701955194e-01 -4.415077414613797213e-01
-8.957113057549922486e-01 -2.402379072584333863e-01 -3.741483725192121246e-01
-8.628160573940647504e-01 -2.731325425429403375e-01 -4.253787316110089201e-01
-7.705127995027063470e-01 -3.444019409842249968e-01 -5.363742432749737388e-01
-7.560460763009602125e-01 -3.536377985124663503e-01 -5.507582391332689342e-01
-7.922978534898968972e-01 -3.296570786853817436e-01 -5.134104808317824231e-01
-7.086170800696324212e-01 -3.812336597456875698e-01 -5.937362465863924577e-01
-7.162665602972990708e-01 -3.770374182200930679e-01 -5.872009876199139056e-01
-6.256862189153554743e-01 -4.214762346141494032e-01 -6.564103435465381553e-01
-5.660629186901232623e-01 -4.454047107842946662e-01 -6.936767371731430432e-01
-4.767675970761621751e-01 -4.749416032371365781e-01 -7.396777216415001410e-01
-2.597733705429942641e-01 -5.217535170678893053e-01 -8.125829578473940940e-01
-2.154336361133838695e-01 -5.276151883064045256e-01 -8.217119699136450350e-01
-1.518734046568586404e-01 -5.340347742362979711e-01 -8.317098826299471614e-01
-1.161717658198151287e-01 -5.366439935859335097e-01 -8.357735010003884968e-01
-1.257838193058213039e-01 -5.360110494314180851e-01 -8.347877488848709504e-01
-5.274482722697299009e-01 -4.590338944748403316e-01 -7.149029331335395865e-01
-6.165329600684857914e-01 -4.253957273295078667e-01 -6.625145917781659621e-01
-6.940887041140139102e-01 -3.889579487936946078e-01 -6.057661140172257985e-01
-7.358609455554694367e-01 -3.658563493729913296e-01 -5.697875046275392430e-01
-8.982872464988583827e-01 -2.374135443674104118e-01 -3.697496879355042787e-01
-9.251507340475967345e-01 -2.050987263361761237e-01 -3.194223407128424785e-01
-9.755828135255210087e-01 -1.186676250331471505e-01 -1.848138758930747971e-01
-9.797795302285174923e-01 -1.081037741282413894e-01 -1.683616528916719035e-01
-9.542853683619033633e-01 -1.614947555994920847e-01 -2.515131798619044123e-01
-9.279393715333901227e-01 -2.013875089301931376e-01 -3.136424620568908916e-01
-9.182296948725213737e-01 -2.139857902994455885e-01 -3.332631227787405392e-01
-9.045116694735486629e-01 -2.304113084685638080e-01 -3.588443516567847436e-01
-9.137486060733771565e-01 -2.195140517470474950e-01 -3.418728798611476716e-01
-8.812672000723359433e-01 -2.553567942007664571e-01 -3.976946438313856969e-01
-9.158317430307205687e-01 -2.169649947112356758e-01 -3.379029587429884240e-01
-9.210117730849065598e-01 -2.104665183571216291e-01 -3.277821814706040060e-01
-9.221050742888057261e-01 -2.090643426978823771e-01 -3.255984222675816775e-01
-8.974452458478031636e-01 -2.383413232214807442e-01 -3.711946178896048942e-01
-8.925712394497770097e-01 -2.436257682175551054e-01 -3.794246533470050364e-01
-8.982557464860705387e-01 -2.374483343875702090e-01 -3.698038701816420692e-01
-8.747208638536801972e-01 -2.618451308558109036e-01 -4.077996294581134884e-01
-8.788515291963845399e-01 -2.577757271448393728e-01 -4.014619086839071871e-01
-8.647428406861366046e-01 -2.713478758808661184e-01 -4.225992779655604048e-01
-8.666729383885835025e-01 -2.695442617125227147e-01 -4.197903153274854526e-01
-8.807808822502728452e-01 -2.558461426793218196e-01 -3.984567589319360503e-01
-8.938869814346646070e-01 -2.422134105073825983e-01 -3.772250365392065263e-01
-9.711982669521429523e-01 1.287393421877806310e-01 2.004996459902402550e-01
2.035499325692905204e-01 5.289908427565277460e-01 8.238544247807229048e-01
-8.113450365405348030e-01 -3.158432003618679706e-01 -4.918966400232991920e-01
-8.349022198010928042e-01 -2.973814680484124229e-01 -4.631441955078124950e-01
-9.625169250846844493e-01 -1.465416684504055878e-01 -2.282251264284792247e-01
-9.255106044171665935e-01 -2.046242042688259377e-01 -3.186833163796320978e-01
-9.436224617042301421e-01 -1.788528356039875145e-01 -2.785467877460834352e-01
-9.788979780814347498e-01 -1.104105461862095322e-01 -1.719542375137695644e-01
-9.782954487794445209e-01 -1.119586884307057217e-01 -1.743653262042124952e-01
-9.732839876236627497e-01 -1.240559031649429572e-01 -1.932056218781226520e-01
-9.874383139966157463e-01 -8.537045904498639926e-02 -1.329566123739967798e-01
-9.980038844131048359e-01 -3.412147747604677567e-02 -5.314105259783349910e-02
-9.969774655180074774e-01 -4.197677168380364865e-02 -6.537494847643096629e-02
-9.985893843462024799e-01 -2.868817745538248740e-02 -4.467918917528329592e-02
-9.997759660779845792e-01 -1.143626958166453315e-02 -1.781093458772023061e-02
-9.999394027218786452e-01 -5.948011479862263216e-03 -9.263479025073524664e-03
-9.969946307424217835e-01 -4.185758707994854250e-02 -6.518932945372708787e-02
-9.749179124739451030e-01 -1.202522427685174533e-01 -1.872817717947656557e-01
-9.941181825984405362e-01 -5.851511146822375303e-02 -9.113188660965432231e-02
-9.775077709184953889e-01 -1.139494332452359593e-01 -1.774657275561785930e-01
-9.659872863750226246e-01 -1.397165376526056657e-01 -2.175956150022055058e-01
-9.632586865671483034e-01 -1.451118649365105706e-01 -2.259983393912004257e-01
-9.591061344170869196e-01 -1.529307737429856651e-01 -2.381755683647769628e-01
-9.408477803217271118e-01 -1.830703794357396996e-01 -2.851152230887249450e-01
-9.347156347796898856e-01 -1.920215559623268953e-01 -2.990558545559814929e-01
-9.123254753006883044e-01 -2.212353065109972372e-01 -3.445535753266220635e-01
-8.815709209123576695e-01 -2.550505670182701135e-01 -3.972177232518666057e-01
-8.076641820484550260e-01 -3.185853358179182027e-01 -4.961672629646018962e-01
-7.264380670792829342e-01 -3.713130000171543932e-01 -5.782857344915021125e-01
-6.767482513143555645e-01 -3.977783972228944864e-01 -6.195031485357819223e-01
-6.539928589286426730e-01 -4.087390838032323725e-01 -6.365734064835214534e-01
-5.825229631868087399e-01 -4.391654109772146763e-01 -6.839596034571588934e-01
-5.796432623323601874e-01 -4.402763294610734790e-01 -6.856897564853824401e-01
-5.673129539179869729e-01 -4.449401831177797750e-01 -6.929532781969968136e-01
-5.658873999219395934e-01 -4.454698148378548050e-01 -6.937781307290639132e-01
-5.376077487669631561e-01 -4.555802349766754911e-01 -7.095241771527698305e-01
-4.357376335032724368e-01 -4.863119103635219487e-01 -7.573859257918315047e-01
-3.341587075882356817e-01 -5.092440117846352976e-01 -7.931005576876428709e-01
-2.868167481379921280e-01 -5.176017562454919840e-01 -8.061169734716729929e-01
-2.034454816465084415e-01 -5.290025726069543799e-01 -8.238726929403864530e-01
-1.545136906941260713e-01 -5.338136249768238306e-01 -8.313654630649403021e-01
-1.392850740720017744e-01 -5.350356148541904888e-01 -8.332685995394014666e-01
-1.276958644267495724e-01 -5.358790522448021454e-01 -8.345821754468026876e-01
-1.608075089883468922e-01 -5.332706969345535342e-01 -8.305199027379768228e-01
-1.189436862975837700e-01 -5.364667008024790462e-01 -8.354973838499110128e-01
-3.062155593257396835e-01 -5.143473720425186801e-01 -8.010485703749674613e-01
-3.418484484391887679e-01 -5.077518446997034696e-01 -7.907766451430944254e-01
-4.333260117980932691e-01 -4.869405603259841508e-01 -7.583649900994741122e-01
-5.806178383679402311e-01 -4.399012918877834299e-01 -6.851056700717047532e-01
-8.274805503997252343e-01 -3.033767082164521844e-01 -4.724812288566789253e-01
-8.778471766111476393e-01 -2.587728437777037649e-01 -4.030148258303120623e-01
-9.254129611420277568e-01 -2.047530828425500327e-01 -3.188840328658925083e-01
-9.370874800548566474e-01 -1.886166289349192060e-01 -2.937529949016104980e-01
-9.255654635709685829e-01 -2.045517545167558349e-01 -3.185704825761088155e-01
-9.145536339988232788e-01 -2.185331813272168855e-01 -3.403452646924179370e-01
-9.169981599662081484e-01 -2.155219605653748149e-01 -3.356555662172838739e-01
-9.083408923666536072e-01 -2.259709501222382511e-01 -3.519289032679814300e-01
-9.373972288707738132e-01 -1.881667730192750632e-01 -2.930523858236045998e-01
-9.079923354554855219e-01 -2.263795213888277480e-01 -3.525652153146399681e-01
-9.564343952472833532e-01 -1.577398193792441394e-01 -2.456652131869038469e-01
-9.942420166706359419e-01 -5.789765227938517556e-02 -9.017025089929796289e-02
-9.988441336250888369e-01 -2.597048743676397958e-02 -4.044663774706930975e-02
-9.966548932490540968e-01 4.415636507140805606e-02 6.876946405489281489e-02
-9.797634549235633150e-01 1.081462978625919030e-01 1.684278796840305570e-01
-7.072094312496406410e-01 3.819959542517551432e-01 5.949234499386040209e-01
-6.131367841621838677e-01 4.268262658881421534e-01 6.647425235797996823e-01
-6.203288792078517355e-01 4.237816908417659234e-01 6.600008788842818275e-01
-7.363995937734780783e-01 3.655398223023110238e-01 5.692945429225992893e-01
-7.568998076524068308e-01 3.531042703817519057e-01 5.499273183011735844e-01
-8.315990949870688542e-01 3.000711493208567116e-01 4.673331258983768333e-01
-9.158490039569957553e-01 2.169437236506888411e-01 3.378698310289811046e-01
-9.104290911056511781e-01 2.235042433780557447e-01 3.480872351301332879e-01
-8.093949620614845353e-01 3.173004566252047853e-01 4.941661821846215497e-01
-8.067857351163071344e-01 3.192344420331673094e-01 4.971781859983523399e-01
-8.448498381113118683e-01 2.890636277429117773e-01 4.501899267635798840e-01
-8.625377113060852530e-01 2.733890674752229577e-01 4.257782455221124640e-01
-8.463148496042662838e-01 2.878098515993863793e-01 4.482372861126653341e-01
-8.189690910381794975e-01 3.100457957751557858e-01 4.828677173370037878e-01
-7.867958406057634635e-01 3.334817899967494337e-01 5.193671157726814647e-01
-8.331908381273051001e-01 2.987793720523529983e-01 4.653213020018754920e-01
-9.267987079576576193e-01 2.029151005239105132e-01 3.160215450050642416e-01
-9.516461340940693958e-01 1.659789296860295638e-01 2.584968672229752684e-01
-9.544066764339231845e-01 1.612853479947720381e-01 2.511870468407119694e-01
-9.481686646442943900e-01 1.716905124106960223e-01 2.673921302783763276e-01
-9.122412423995617248e-01 2.213366815949468214e-01 3.447114576654526918e-01
-9.108557948994415732e-01 2.229961351844053641e-01 3.472959035043817200e-01
-8.929300128565460515e-01 2.432416690936099191e-01 3.788264544043396520e-01
-8.498422843974546836e-01 2.847593536797197178e-01 4.434864170885327583e-01
-8.001667520605135753e-01 3.240612200336480675e-01 5.046954473414954068e-01
-8.018610429404406936e-01 3.228363326717078596e-01 5.027877983021774577e-01
-8.377024417320925176e-01 2.950736373224118192e-01 4.595499621079431884e-01
-9.620356418705070523e-01 1.474613813953266628e-01 2.296574944733644208e-01
-9.999997051172465623e-01 -4.149315642922656402e-04 -6.462176234319164797e-04
-9.620313576746482020e-01 -1.474695405063289888e-01 -2.296702015358657589e-01
-9.176453876127576015e-01 -2.147162604780778195e-01 -3.344007626775724606e-01
-9.844960729597035387e-01 -9.477260123066510999e-02 -1.475995812422765119e-01
-9.825108974402673168e-01 1.006070407524602833e-01 1.566861824225521393e-01
-9.254987565869777777e-01 2.046398471763852256e-01 3.187076787647009635e-01
-9.051235754571891334e-01 2.297087568877342056e-01 3.577501923978321785e-01
-9.154868892355003673e-01 2.173894464329181597e-01 3.385640031330798272e-01
-9.289126049518227068e-01 2.000734203115552556e-01 3.115958902913431583e-01
-9.691660801556266636e-01 1.331350371044467407e-01 2.073455352086823744e-01
-9.923047790071131136e-01 6.689986749840289015e-02 1.041903704204020648e-01
-9.932581772154139843e-01 6.263358414059774781e-02 9.754602776338970604e-02
-9.988651049575801855e-01 2.573394767874539329e-02 4.007824890074316443e-02
-9.998638382532246682e-01 8.915887744414858693e-03 1.388567244530767263e-02
-9.997625577635226302e-01 1.177348471904923061e-02 1.833611604755372090e-02
-9.999694317697166435e-01 4.224581064558974308e-03 6.579395183374975829e-03
-9.923904719721989842e-01 -6.652776132552887245e-02 -1.036108493923763169e-01
-9.580002294159175591e-01 -1.549411051184571564e-01 -2.413064739780523826e-01
-9.220116189673607243e-01 -2.091846331592399078e-01 -3.257857635613022329e-01
-8.936514195177315267e-01 -2.424670276529663215e-01 -3.776200218408435338e-01
-8.768267625946837285e-01 -2.597808257653784758e-01 -4.045846647642296623e-01
-9.189490025940854068e-01 -2.130824685416030650e-01 -3.318562824952277501e-01
-9.808801914425171464e-01 -1.051496170371294392e-01 -1.637608258181300902e-01
-9.998874778831896570e-01 8.105103189316944720e-03 1.262295031616729284e-02
-9.904632253893477234e-01 7.444142181964844007e-02 1.159356453762144662e-01
-9.853408115528519140e-01 9.217418791707980563e-02 1.435527922758526309e-01
-9.774463327334850238e-01 1.141031826797318932e-01 1.777051781131238628e-01
-9.805207169536136469e-01 1.061238506923907615e-01 1.652781048384528439e-01
-9.916014400591625089e-01 6.987799734016753028e-02 1.088285328409915875e-01
-9.975656359554804231e-01 3.767732944372250564e-02 5.867896392002101835e-02
-9.994176061372226361e-01 1.843728512383948498e-02 2.871437027353252944e-02
-9.902944127134271080e-01 7.509419961849621294e-02 1.169522865626232144e-01
-9.830824188688698229e-01 -9.896379411197243903e-02 -1.541269774111431734e-01
-9.630130522990043573e-01 -1.455870215532251155e-01 -2.267383519764925304e-01
-9.119073371788416482e-01 -2.217379917363740682e-01 -3.453364611796937989e-01
-9.374733875132770233e-01 -1.880559782942587688e-01 -2.928798332630131451e-01
-9.755635187296372024e-01 1.187139224452480324e-01 1.848859798403122423e-01
-7.331123961898383667e-01 3.674636516784978157e-01 5.722907296539907485e-01
-7.655829480399123366e-01 3.475965712530105778e-01 5.413495851329968023e-01
-7.884408950735171118e-01 3.323456337080343270e-01 5.175976571922211722e-01
-8.051577785696738543e-01 3.204320444723163241e-01 4.990433412881484787e-01
-8.122088927940557257e-01 3.151943767875668989e-01 4.908861571767444421e-01
-8.327121191176188875e-01 2.991687223655482564e-01 4.659276791872425383e-01
-8.467346805604478721e-01 2.874491447871514449e-01 4.476755185369550305e-01
-8.535007209186046273e-01 2.815470261249974904e-01 4.384835133406866370e-01
-8.324748142567717224e-01 2.993614558698527439e-01 4.662278438356461940e-01
-8.326808346594267718e-01 2.991941411261524464e-01 4.659672665613587839e-01
-8.503563286484530082e-01 2.843110133213293533e-01 4.427881683511011301e-01
-8.058468394089269848e-01 3.199259808271301408e-01 4.982551938579685702e-01
-7.787381311272790763e-01 3.389581781716733966e-01 5.278960850195166810e-01
-7.888898946445790372e-01 3.320344436252496423e-01 5.171130073534564442e-01
-7.312700353528289732e-01 3.685337570890233616e-01 5.739573200865383251e-01
-7.046547158202397521e-01 3.833717025274256396e-01 5.970660509303139518e-01
-7.386697701404461025e-01 3.642002149919708054e-01 5.672082281494713607e-01
-7.657887118603520227e-01 3.474642284079066390e-01 5.411434733637290329e-01
-9.722666190857653934e-01 1.263633239798470642e-01 1.967992168792838392e-01
-9.886659233933138280e-01 -8.111679983591214838e-02 -1.263319306637350758e-01
-9.340927195393418092e-01 -1.929044125343480076e-01 -3.004308222010094731e-01
-8.977592458637565498e-01 -2.379958592552092467e-01 -3.706565896399437454e-01
-8.598055023714158418e-01 -2.758900700752133783e-01 -4.296733262907195261e-01
-8.201362234613269742e-01 -3.091438572368910842e-01 -4.814630312903463993e-01
-8.214694631661262347e-01 -3.081087441492535439e-01 -4.798509381717683819e-01
-7.815762296686769028e-01 -3.370458433260169473e-01 -5.249177999587646415e-01
-7.050682939406297534e-01 -3.831496576676317600e-01 -5.967202365504510331e-01
-7.069482449030776161e-01 -3.821370626891442690e-01 -5.951432133090078791e-01
-6.784261103021257400e-01 -3.969431610723767601e-01 -6.182023453030545124e-01
-7.429687403023471637e-01 -3.616384444070940840e-01 -5.632185068517906457e-01
-7.543515942829583931e-01 -3.546925886011763618e-01 -5.524009773653153488e-01
-7.491484566047981186e-01 -3.578974015699787903e-01 -5.573921778390024118e-01
-8.255694160772097945e-01 -3.048929020152973957e-01 -4.748425607910742863e-01
-8.520665726838191345e-01 -2.828122892352929463e-01 -4.404540438823816850e-01
-8.521453275309889275e-01 -2.827430105795628035e-01 -4.403461487687938547e-01
-8.330709646930587464e-01 -2.988769357655318148e-01 -4.654732484824262717e-01
-7.814090235929808115e-01 -3.371590022234229878e-01 -5.250940344996982700e-01
-6.394718989447660817e-01 -4.153922313399339705e-01 -6.469350698504491293e-01
-5.238111940895017193e-01 -4.602480867077520243e-01 -7.167939254962920614e-01
-2.842549347231261292e-01 -5.180141509221878326e-01 -8.067592401267655866e-01
-3.241439224040298939e-01 -5.111301842600974865e-01 -7.960380972709591996e-01
-2.932822676533368700e-01 -5.165429954165210447e-01 -8.044680511780716303e-01
-1.129366899690686793e-01 -5.368455522209002462e-01 -8.360874099754566080e-01
-1.332870961740388049e-01 -5.354814419129736436e-01 -8.339629340446103045e-01
-1.141643350240689053e-01 -5.367697439022105499e-01 -8.359693455143362151e-01
-4.984536696125682620e-02 -5.396306815231955989e-01 -8.404249918650141815e-01
-3.108426384159207814e-02 -5.400412142416269878e-01 -8.410643586919227532e-01
-2.638420203034714737e-02 -5.401142138554653194e-01 -8.411780488544113865e-01
7.061392317415329800e-02 -5.389535606888971042e-01 -8.393704386471529943e-01
9.070506455531385237e-02 -5.380750713586971434e-01 -8.380022725782725335e-01
7.467468979370489590e-02 -5.387937535041221748e-01 -8.391215537031290195e-01
1.225738806600931430e-01 -5.362280977088594858e-01 -8.351257815487814762e-01
1.362378523144705533e-01 -5.352646118725529201e-01 -8.336252412647219279e-01
1.352825991275977968e-01 -5.353353359785528731e-01 -8.337353875337256692e-01
1.410434271885386559e-01 -5.349011251953735835e-01 -8.330591443058736889e-01
2.302118908965516131e-01 -5.257900706718356965e-01 -8.188695176111638885e-01
2.603718625931669695e-01 -5.216664212063404360e-01 -8.124473140798325055e-01
2.047703874292498838e-01 -5.288533199704161802e-01 -8.236402457313166670e-01
1.389904114653330025e-01 -5.350579841262423919e-01 -8.333034376164897283e-01
1.167577075436457973e-01 -5.366068698850621210e-01 -8.357156842618836956e-01
1.689874019234282876e-01 -5.325317921462976445e-01 -8.293691267129625899e-01
2.185587227356365625e-01 -5.272398481729372310e-01 -8.211274122904101969e-01
3.149578778076470575e-01 -5.128039713056741222e-01 -7.986448661451676090e-01
3.842752396039118556e-01 -4.988171257713351903e-01 -7.768616448664331653e-01
3.704431069034983537e-01 -5.018625836862178335e-01 -7.816046645481828925e-01
3.386568421902274584e-01 -5.083758182490035749e-01 -7.917484263687547541e-01
3.532610682056581131e-01 -5.054661968981197795e-01 -7.872169596010674120e-01
3.562956005514075764e-01 -5.048440431176964838e-01 -7.862480124975129714e-01
3.825241204207607826e-01 -4.992098871657176806e-01 -7.774733344959906534e-01
3.953915056257543137e-01 -4.962745230784881834e-01 -7.729017757918649201e-01
3.733686391822544914e-01 -5.012292962767892490e-01 -7.806183778448121391e-01
3.839833932906503433e-01 -4.988827305376554722e-01 -7.769638182362746948e-01
3.876419488990044404e-01 -4.980560812778282997e-01 -7.756763882934395449e-01
3.699172163894884902e-01 -5.019758102463069971e-01 -7.817810044675017611e-01
2.481860729924443565e-01 -5.233975320813032406e-01 -8.151433595287336242e-01
2.152547586349600195e-01 -5.276365009056945832e-01 -8.217451623204118372e-01
1.205147841025432931e-01 -5.363643300863996100e-01 -8.353379509059104535e-01
7.888571780625160124e-02 -5.386185434189931787e-01 -8.388486801631117595e-01
6.078490811157118666e-03 -5.402923242174858531e-01 -8.414554393080633243e-01
-1.432430412655769369e-01 -5.347304611241032735e-01 -8.327933507629561305e-01
-2.019129611874998509e-01 -5.291739529559970068e-01 -8.241396020198393790e-01
-2.232622025209413941e-01 -5.266642251954767318e-01 -8.202309326188242933e-01
-2.122110463924812840e-01 -5.279963046960777229e-01 -8.223055235229147497e-01
-2.041383727272347848e-01 -5.289246434828459575e-01 -8.237513255205243246e-01
-2.561534084413681356e-01 -5.222757365484161918e-01 -8.133962665003319215e-01
-3.216376844109490873e-01 -5.115921650063276482e-01 -7.967575896537799629e-01
-4.848634185255081275e-01 -4.725429310699418295e-01 -7.359420110793962744e-01
-5.664809659490338545e-01 -4.452495275058567237e-01 -6.934350535365664259e-01
-6.259676017640667389e-01 -4.213542471342057727e-01 -6.562203593029627413e-01
-7.251665777515650113e-01 -3.720378378865840108e-01 -5.794146025884741036e-01
-7.606732505690275703e-01 -3.507291196922718846e-01 -5.462282402701580386e-01
-7.939628237819447154e-01 -3.284855993418600018e-01 -5.115860098529080302e-01
-7.939628237819447154e-01 -3.284855993418600018e-01 -5.115860098529080302e-01
-9.001257929532580082e-01 -2.353719306890357521e-01 -3.665700630220424805e-01
-9.596879830890664431e-01 -1.518614525317390496e-01 -2.365101992502441353e-01
-9.440346126012629790e-01 -1.782167726463572410e-01 -2.775561783825032380e-01
-9.410054848746511880e-01 -1.828336040826575581e-01 -2.847464673248269462e-01
-9.089679200254952018e-01 -2.252336988898293035e-01 -3.507807025036164261e-01
-9.177256405494345071e-01 -2.146161072813579929e-01 -3.342447833153521231e-01
-9.174522067351292831e-01 -2.149571170478452031e-01 -3.347758745598620744e-01
-9.277392810681295288e-01 -2.016564458312483654e-01 -3.140613064640390140e-01
-9.423590590892986230e-01 -1.807869631072642758e-01 -2.815590128601542230e-01
-9.996814146690248259e-01 -1.363735398676029116e-02 -2.123892044283379882e-02
-9.196780008478531165e-01 2.121623267475743202e-01 3.304232465574295508e-01
-7.618708295173824974e-01 3.499694646408224030e-01 5.450451476249574823e-01
-6.632565811301347480e-01 4.043579673046824863e-01 6.297502218060667678e-01
-7.408502067377766842e-01 3.629050035371850780e-01 5.651910558247266181e-01
-9.489827926286628079e-01 1.703723698646290030e-01 2.653392448949352667e-01
-9.929776412529932594e-01 -6.391893648459662236e-02 -9.954784543283681786e-02
-9.978248800514737393e-01 -3.561698352368266457e-02 -5.547016526868975977e-02
-9.983762895550589711e-01 3.077724539615249097e-02 4.793271972356741295e-02
2.071807570455400371e-01 5.285791939003113837e-01 8.232133196722061230e-01
-4.366611259246412913e-01 4.860700386234855230e-01 7.570092328755230193e-01
-3.375767197637720152e-01 5.085854895147748911e-01 7.920749700177052155e-01
-9.955043725187313619e-01 -5.117505540664382679e-02 -7.970042659994970580e-02
-9.989632360660910537e-01 2.459683143580845485e-02 3.830729528016261348e-02
-9.999973342091663664e-01 -1.247568970748728695e-03 -1.942973552083835645e-03
-7.519721511209732645e-01 3.561645112708463623e-01 5.546933611011540810e-01
5.636023006616576181e-01 4.463147065631513644e-01 6.950939716285378100e-01
-9.973545690504477257e-01 -3.927467679513448051e-02 -6.116668502406708008e-02
-9.995784660408496558e-01 -1.568636550836180130e-02 -2.443006681448288420e-02
-9.954816496713221330e-01 -5.130393073504802004e-02 -7.990113803192383513e-02
-9.962433060282537278e-01 -4.678929121903436378e-02 -7.287000357565188990e-02
-9.941375344186316187e-01 -5.841905507456710001e-02 -9.098228764017093906e-02
-9.999379974776662072e-01 -6.016580968419196068e-03 -9.370269676227727107e-03
-9.950986429371314612e-01 5.342901633202917777e-02 8.321076275621516749e-02
-7.977622002351564268e-01 3.257872690949156769e-01 5.073836094826469356e-01
-7.331780692642710928e-01 3.674253992313645245e-01 5.722311549973384537e-01
-7.350290031565278603e-01 3.663442338606665571e-01 5.705473396973840261e-01
-7.642112901406502568e-01 3.484766014523799638e-01 5.427201509634241861e-01
-8.043197260594530107e-01 3.210458744194510383e-01 4.999993247894406467e-01
-8.019016685963441526e-01 3.228068734306644427e-01 5.027419182526140506e-01
-4.525110760309464797e-01 4.818193264336606552e-01 7.503891408758048831e-01
-4.251654775710885792e-01 4.890360658498403845e-01 7.616285465893848361e-01
-8.748877300509571020e-01 2.616823349632656504e-01 4.075460898775214447e-01
-9.952466249056756142e-01 -5.261822050313064159e-02 -8.194802306917060852e-02
-9.701744864237451527e-01 -1.309734090386632799e-01 -2.039789989612003640e-01
-9.832935119825865211e-01 -9.834966803228913090e-02 -1.531705327107323877e-01
-9.113689836028001645e-01 -2.223831886044982942e-01 -3.463412957660336189e-01
-9.036857224039540615e-01 -2.313554758812489953e-01 -3.603148052786680489e-01
-9.015828260239473479e-01 -2.337383044561776591e-01 -3.640258409077903878e-01
-9.216190530806732673e-01 -2.096890354656617272e-01 -3.265713236096572381e-01
-9.384358317925111104e-01 -1.866493765370086377e-01 -2.906891808207586747e-01
-9.676407978693908341e-01 -1.363353987902664599e-01 -2.123298032198676077e-01
-9.689127929245319182e-01 -1.336721441768262963e-01 -2.081820299121730222e-01
-9.344132169401434540e-01 -1.924507515272704528e-01 -2.997242870442122231e-01
-9.306555976524660823e-01 -1.976946560958781351e-01 -3.078911845267149339e-01
-9.047554776068317262e-01 -2.301316974140486527e-01 -3.584088832405838976e-01
-8.812740869524602338e-01 -2.553498557269825997e-01 -3.976838377987174655e-01
-7.733775127036434105e-01 -3.425223543135128002e-01 -5.334469604748481864e-01
-6.562354709677478137e-01 -4.076884360370485738e-01 -6.349371195365753895e-01
-6.723171971240906597e-01 -3.999659070400627403e-01 -6.229099932227981640e-01
-6.496753372176874430e-01 -4.107441797291261354e-01 -6.396961583671825213e-01
-6.198830712969536361e-01 -4.239720823583106868e-01 -6.602973961028574257e-01
-6.934091375073269115e-01 -3.893116267032342703e-01 -6.063169347255827901e-01
-6.592255420287765899e-01 -4.062777617089467497e-01 -6.327401244410172376e-01
-5.977176481349205650e-01 -4.331639719959553547e-01 -6.746129160287005488e-01
-5.744753497086848570e-01 -4.422492606653961045e-01 -6.887624147832070998e-01
-5.863855201099335002e-01 -4.376622177187978746e-01 -6.816185186648512362e-01
-6.029322206892543390e-01 -4.310490813687405387e-01 -6.713191690290759572e-01
-6.435807968956346325e-01 -4.135355953199946755e-01 -6.440435305711231795e-01
-6.901491486394513153e-01 -3.909990330525750513e-01 -6.089449144086777066e-01
-6.883844284591841278e-01 -3.919061383037105717e-01 -6.103576471338713061e-01
-6.745968906584827174e-01 -3.988437679574131089e-01 -6.211623651473423546e-01
-6.931779927075437664e-01 -3.894317730459689320e-01 -6.065040515678467026e-01
-7.087371211674561300e-01 -3.811685122282128524e-01 -5.936347853394351448e-01
-7.236912678595012194e-01 -3.728755155085491935e-01 -5.807192081876931811e-01
-7.693893183939177760e-01 -3.451343865952650192e-01 -5.375149597274970770e-01
-8.789494909060913130e-01 -2.576782035156278128e-01 -4.013100246304366903e-01
-8.566376751132104284e-01 -2.787519525375158347e-01 -4.341304441445638096e-01
-8.549479150405370209e-01 -2.802622915250197466e-01 -4.364826577505497851e-01
-8.654597147572881122e-01 -2.706798520435760858e-01 -4.215588924811113913e-01
-9.135752112148124437e-01 -2.197246354643647426e-01 -3.422008445691840928e-01
-8.916167190208396098e-01 -2.446439835982853472e-01 -3.810104298463167227e-01
-9.195752750692184341e-01 -2.122922728858800401e-01 -3.306256256770159774e-01
-8.485536934193885772e-01 -2.858789636328906147e-01 -4.452301062782016983e-01
-7.914635734268308243e-01 -3.302415968500124199e-01 -5.143208139365792464e-01
-7.916137869716768360e-01 -3.301364751849786838e-01 -5.141570966434272361e-01
-8.493815563028029869e-01 -2.851603637216004739e-01 -4.441109532254220449e-01
-8.387373143653521490e-01 -2.942141865065165951e-01 -4.582114467683069958e-01
-8.659122600252754376e-01 -2.702570087205627414e-01 -4.209003530235316259e-01
-9.292832371989028228e-01 -1.995703423535716559e-01 -3.108123927934758890e-01
-9.980367772840473828e-01 -3.383945385435570274e-02 -5.270182683087667325e-02
-9.993272200574059294e-01 -1.981596735539688930e-02 -3.086154063080448831e-02
-9.753176418152313953e-01 1.193022453444307768e-01 1.858022384680908246e-01
-9.700595406413241584e-01 1.312217201651051379e-01 2.043657206276386917e-01
-9.939761697540148155e-01 5.921519519779362695e-02 9.222220241799165830e-02
-9.998062834255093678e-01 1.063442899079449985e-02 1.656214185755738866e-02
-9.985233450330252003e-01 -2.935154382647665178e-02 -4.571232108590163323e-02
-9.795597150491951455e-01 -1.086837456673041546e-01 -1.692649050466882299e-01
-9.746796803821127231e-01 -1.208146893029960617e-01 -1.881577303722680450e-01
-9.520010846831127305e-01 -1.653836452120380496e-01 -2.575697665848137308e-01
-9.115846579424909946e-01 -2.221249816140788702e-01 -3.459391622045945303e-01
-7.563423678622726021e-01 -3.534527944711888248e-01 -5.504701124102909793e-01
-8.229474457297812906e-01 -3.069551989443521922e-01 -4.780543979589163550e-01
-7.734778439769312008e-01 -3.424562114961858250e-01 -5.333439491402126587e-01
-7.372530195185077462e-01 -3.650372848413352966e-01 -5.685118871989474076e-01
-8.635319192417729717e-01 -2.724713106837975962e-01 -4.243489240057921608e-01
-8.555163834295349545e-01 -2.797554266364719600e-01 -4.356932624577690705e-01
-7.311565503182593240e-01 -3.685994835599087360e-01 -5.740596830000094242e-01
-8.097527845114960154e-01 -3.170338263118697153e-01 -4.937509300750064778e-01
-8.245804724063194868e-01 -3.056731558900875889e-01 -4.760577342028644576e-01
-3.186137662032735851e-01 -5.121442502016780862e-01 -7.976174114016862937e-01
-3.522578947792297521e-01 -5.056705345814958008e-01 -7.875351966875953069e-01
-4.233694744383598163e-01 -4.894907164315716597e-01 -7.623366229173919040e-01
-5.107931824098209672e-01 -4.644998515683345652e-01 -7.234156569335796760e-01
-6.134923348609871985e-01 -4.266770952962353758e-01 -6.645102041476728116e-01
-7.173286082962102572e-01 -3.764475299850712497e-01 -5.862822911260078262e-01
-7.952284759386581969e-01 -3.275906264443472771e-01 -5.101921721489648398e-01
-8.533803761917008179e-01 -2.816534994765897415e-01 -4.386493357609261845e-01
